# src_core	dest_core	cost	stderr
0	1	8.73015873016	1.86195279982
0	2	8.60317460317	1.9068771324
0	3	8.66666666667	1.88561808316
0	4	8.34920634921	1.96927776753
0	5	8.79365079365	1.83578822791
0	6	8.92063492063	1.77550875608
0	7	8.73015873016	1.86195279982
0	8	8.60317460317	1.9068771324
0	9	8.92063492063	1.77550875608
0	10	8.92063492063	1.77550875608
0	11	8.09523809524	1.99773113937
0	12	8.92063492063	1.77550875608
0	13	9.1746031746	1.61873635352
0	14	8.66666666667	1.88561808316
0	15	8.47619047619	1.94248362423
0	16	9.2380952381	1.570706905
0	17	8.73015873016	1.86195279982
0	18	8.4126984127	1.95695682634
0	19	8.34920634921	1.96927776753
0	20	8.92063492063	1.77550875608
0	21	8.66666666667	1.88561808316
0	22	8.53968253968	1.92580963658
0	23	8.73015873016	1.86195279982
0	24	8.34920634921	1.96927776753
0	25	8.60317460317	1.9068771324
0	26	8.47619047619	1.94248362423
0	27	8.73015873016	1.86195279982
0	28	8.60317460317	1.9068771324
0	29	8.53968253968	1.92580963658
0	30	8.22222222222	1.98761598
0	31	8.66666666667	1.88561808316
1	0	8.66666666667	1.88561808316
1	2	8.60317460317	1.9068771324
1	3	8.66666666667	1.88561808316
1	4	8.92063492063	1.77550875608
1	5	9.04761904762	1.70367084
1	6	8.98412698413	1.74111862867
1	7	8.22222222222	1.98761598
1	8	8.60317460317	1.9068771324
1	9	9.11111111111	1.66295883857
1	10	9.11111111111	1.66295883857
1	11	8.85714285714	1.80701580581
1	12	8.03174603175	1.9997480315
1	13	8.73015873016	1.86195279982
1	14	8.92063492063	1.77550875608
1	15	8.66666666667	1.88561808316
1	16	8.73015873016	1.86195279982
1	17	9.1746031746	1.61873635352
1	18	8.73015873016	1.86195279982
1	19	8.47619047619	1.94248362423
1	20	8.4126984127	1.95695682634
1	21	8.92063492063	1.77550875608
1	22	8.03174603175	1.9997480315
1	23	8.66666666667	1.88561808316
1	24	8.60317460317	1.9068771324
1	25	8.34920634921	1.96927776753
1	26	8.85714285714	1.80701580581
1	27	8.53968253968	1.92580963658
1	28	8.4126984127	1.95695682634
1	29	8.53968253968	1.92580963658
1	30	8.53968253968	1.92580963658
1	31	8.47619047619	1.94248362423
2	0	8.53968253968	1.92580963658
2	1	8.34920634921	1.96927776753
2	3	8.98412698413	1.74111862867
2	4	8.60317460317	1.9068771324
2	5	8.79365079365	1.83578822791
2	6	8.85714285714	1.80701580581
2	7	8.28571428571	1.97948663722
2	8	8.60317460317	1.9068771324
2	9	9.1746031746	1.61873635352
2	10	8.98412698413	1.74111862867
2	11	8.47619047619	1.94248362423
2	12	8.73015873016	1.86195279982
2	13	8.66666666667	1.88561808316
2	14	8.73015873016	1.86195279982
2	15	8.22222222222	1.98761598
2	16	8.4126984127	1.95695682634
2	17	9.11111111111	1.66295883857
2	18	9.1746031746	1.61873635352
2	19	8.53968253968	1.92580963658
2	20	8.53968253968	1.92580963658
2	21	9.1746031746	1.61873635352
2	22	9.04761904762	1.70367084
2	23	8.73015873016	1.86195279982
2	24	8.47619047619	1.94248362423
2	25	8.66666666667	1.88561808316
2	26	8.73015873016	1.86195279982
2	27	8.92063492063	1.77550875608
2	28	8.53968253968	1.92580963658
2	29	8.60317460317	1.9068771324
2	30	8.73015873016	1.86195279982
2	31	8.60317460317	1.9068771324
3	0	8.47619047619	1.94248362423
3	1	8.73015873016	1.86195279982
3	2	8.34920634921	1.96927776753
3	4	8.4126984127	1.95695682634
3	5	8.53968253968	1.92580963658
3	6	8.53968253968	1.92580963658
3	7	9.1746031746	1.61873635352
3	8	8.22222222222	1.98761598
3	9	8.4126984127	1.95695682634
3	10	8.79365079365	1.83578822791
3	11	8.28571428571	1.97948663722
3	12	8.53968253968	1.92580963658
3	13	8.03174603175	1.9997480315
3	14	8.09523809524	1.99773113937
3	15	8.66666666667	1.88561808316
3	16	8.53968253968	1.92580963658
3	17	8.66666666667	1.88561808316
3	18	9.11111111111	1.66295883857
3	19	8.53968253968	1.92580963658
3	20	8.73015873016	1.86195279982
3	21	9.49206349206	1.33182075958
3	22	8.34920634921	1.96927776753
3	23	8.60317460317	1.9068771324
3	24	9.11111111111	1.66295883857
3	25	9.04761904762	1.70367084
3	26	8.73015873016	1.86195279982
3	27	8.73015873016	1.86195279982
3	28	8.60317460317	1.9068771324
3	29	8.53968253968	1.92580963658
3	30	9.2380952381	1.570706905
3	31	8.60317460317	1.9068771324
4	0	8.73015873016	1.86195279982
4	1	8.47619047619	1.94248362423
4	2	8.15873015873	1.99369123405
4	3	8.28571428571	1.97948663722
4	5	8.60317460317	1.9068771324
4	6	8.92063492063	1.77550875608
4	7	8.66666666667	1.88561808316
4	8	8.79365079365	1.83578822791
4	9	8.60317460317	1.9068771324
4	10	8.73015873016	1.86195279982
4	11	8.85714285714	1.80701580581
4	12	8.28571428571	1.97948663722
4	13	8.79365079365	1.83578822791
4	14	8.85714285714	1.80701580581
4	15	8.60317460317	1.9068771324
4	16	8.66666666667	1.88561808316
4	17	8.60317460317	1.9068771324
4	18	8.47619047619	1.94248362423
4	19	8.79365079365	1.83578822791
4	20	8.85714285714	1.80701580581
4	21	8.73015873016	1.86195279982
4	22	8.28571428571	1.97948663722
4	23	8.53968253968	1.92580963658
4	24	9.2380952381	1.570706905
4	25	9.11111111111	1.66295883857
4	26	8.73015873016	1.86195279982
4	27	8.22222222222	1.98761598
4	28	8.66666666667	1.88561808316
4	29	9.30158730159	1.51850930071
4	30	8.66666666667	1.88561808316
4	31	8.85714285714	1.80701580581
5	0	8.79365079365	1.83578822791
5	1	8.73015873016	1.86195279982
5	2	8.60317460317	1.9068771324
5	3	8.15873015873	1.99369123405
5	4	8.53968253968	1.92580963658
5	6	8.73015873016	1.86195279982
5	7	8.47619047619	1.94248362423
5	8	8.34920634921	1.96927776753
5	9	8.47619047619	1.94248362423
5	10	8.98412698413	1.74111862867
5	11	8.28571428571	1.97948663722
5	12	8.4126984127	1.95695682634
5	13	8.60317460317	1.9068771324
5	14	8.28571428571	1.97948663722
5	15	8.73015873016	1.86195279982
5	16	8.53968253968	1.92580963658
5	17	8.73015873016	1.86195279982
5	18	8.92063492063	1.77550875608
5	19	8.09523809524	1.99773113937
5	20	8.09523809524	1.99773113937
5	21	8.4126984127	1.95695682634
5	22	8.60317460317	1.9068771324
5	23	8.79365079365	1.83578822791
5	24	8.34920634921	1.96927776753
5	25	8.53968253968	1.92580963658
5	26	9.04761904762	1.70367084
5	27	8.85714285714	1.80701580581
5	28	9.04761904762	1.70367084
5	29	8.98412698413	1.74111862867
5	30	8.47619047619	1.94248362423
5	31	8.73015873016	1.86195279982
6	0	8.15873015873	1.99369123405
6	1	8.47619047619	1.94248362423
6	2	8.73015873016	1.86195279982
6	3	8.98412698413	1.74111862867
6	4	8.53968253968	1.92580963658
6	5	8.34920634921	1.96927776753
6	7	8.66666666667	1.88561808316
6	8	8.73015873016	1.86195279982
6	9	8.73015873016	1.86195279982
6	10	9.04761904762	1.70367084
6	11	8.79365079365	1.83578822791
6	12	8.73015873016	1.86195279982
6	13	9.30158730159	1.51850930071
6	14	8.85714285714	1.80701580581
6	15	8.79365079365	1.83578822791
6	16	8.60317460317	1.9068771324
6	17	8.66666666667	1.88561808316
6	18	8.66666666667	1.88561808316
6	19	8.79365079365	1.83578822791
6	20	8.34920634921	1.96927776753
6	21	8.47619047619	1.94248362423
6	22	8.34920634921	1.96927776753
6	23	8.34920634921	1.96927776753
6	24	8.73015873016	1.86195279982
6	25	8.98412698413	1.74111862867
6	26	8.15873015873	1.99369123405
6	27	8.53968253968	1.92580963658
6	28	8.85714285714	1.80701580581
6	29	8.60317460317	1.9068771324
6	30	8.79365079365	1.83578822791
6	31	8.79365079365	1.83578822791
7	0	8.34920634921	1.96927776753
7	1	9.11111111111	1.66295883857
7	2	8.60317460317	1.9068771324
7	3	8.28571428571	1.97948663722
7	4	8.60317460317	1.9068771324
7	5	8.4126984127	1.95695682634
7	6	8.60317460317	1.9068771324
7	8	9.11111111111	1.66295883857
7	9	8.98412698413	1.74111862867
7	10	9.11111111111	1.66295883857
7	11	8.79365079365	1.83578822791
7	12	8.98412698413	1.74111862867
7	13	8.73015873016	1.86195279982
7	14	8.73015873016	1.86195279982
7	15	8.53968253968	1.92580963658
7	16	8.66666666667	1.88561808316
7	17	8.53968253968	1.92580963658
7	18	8.4126984127	1.95695682634
7	19	8.73015873016	1.86195279982
7	20	8.60317460317	1.9068771324
7	21	8.66666666667	1.88561808316
7	22	8.28571428571	1.97948663722
7	23	8.34920634921	1.96927776753
7	24	8.53968253968	1.92580963658
7	25	8.85714285714	1.80701580581
7	26	8.66666666667	1.88561808316
7	27	8.47619047619	1.94248362423
7	28	8.66666666667	1.88561808316
7	29	8.60317460317	1.9068771324
7	30	8.73015873016	1.86195279982
7	31	8.47619047619	1.94248362423
8	0	8.92063492063	1.77550875608
8	1	8.85714285714	1.80701580581
8	2	8.53968253968	1.92580963658
8	3	8.09523809524	1.99773113937
8	4	8.79365079365	1.83578822791
8	5	8.47619047619	1.94248362423
8	6	8.73015873016	1.86195279982
8	7	8.4126984127	1.95695682634
8	9	8.73015873016	1.86195279982
8	10	8.53968253968	1.92580963658
8	11	8.60317460317	1.9068771324
8	12	8.60317460317	1.9068771324
8	13	8.66666666667	1.88561808316
8	14	9.04761904762	1.70367084
8	15	8.4126984127	1.95695682634
8	16	8.09523809524	1.99773113937
8	17	8.92063492063	1.77550875608
8	18	8.47619047619	1.94248362423
8	19	8.22222222222	1.98761598
8	20	8.60317460317	1.9068771324
8	21	8.22222222222	1.98761598
8	22	8.4126984127	1.95695682634
8	23	8.66666666667	1.88561808316
8	24	8.28571428571	1.97948663722
8	25	7.90476190476	1.99773113937
8	26	8.73015873016	1.86195279982
8	27	8.47619047619	1.94248362423
8	28	8.47619047619	1.94248362423
8	29	8.09523809524	1.99773113937
8	30	8.15873015873	1.99369123405
8	31	8.53968253968	1.92580963658
9	0	8.34920634921	1.96927776753
9	1	8.73015873016	1.86195279982
9	2	8.34920634921	1.96927776753
9	3	8.53968253968	1.92580963658
9	4	8.79365079365	1.83578822791
9	5	8.73015873016	1.86195279982
9	6	9.04761904762	1.70367084
9	7	8.34920634921	1.96927776753
9	8	8.85714285714	1.80701580581
9	10	8.66666666667	1.88561808316
9	11	8.22222222222	1.98761598
9	12	8.47619047619	1.94248362423
9	13	8.03174603175	1.9997480315
9	14	8.92063492063	1.77550875608
9	15	8.98412698413	1.74111862867
9	16	8.34920634921	1.96927776753
9	17	8.34920634921	1.96927776753
9	18	9.04761904762	1.70367084
9	19	8.4126984127	1.95695682634
9	20	8.85714285714	1.80701580581
9	21	7.71428571429	1.97948663722
9	22	8.79365079365	1.83578822791
9	23	8.47619047619	1.94248362423
9	24	8.09523809524	1.99773113937
9	25	8.53968253968	1.92580963658
9	26	8.60317460317	1.9068771324
9	27	8.28571428571	1.97948663722
9	28	8.73015873016	1.86195279982
9	29	8.47619047619	1.94248362423
9	30	8.34920634921	1.96927776753
9	31	8.4126984127	1.95695682634
10	0	8.09523809524	1.99773113937
10	1	9.04761904762	1.70367084
10	2	8.4126984127	1.95695682634
10	3	8.79365079365	1.83578822791
10	4	8.85714285714	1.80701580581
10	5	8.4126984127	1.95695682634
10	6	8.85714285714	1.80701580581
10	7	8.28571428571	1.97948663722
10	8	9.30158730159	1.51850930071
10	9	8.98412698413	1.74111862867
10	11	8.66666666667	1.88561808316
10	12	7.77777777778	1.98761598
10	13	8.79365079365	1.83578822791
10	14	8.15873015873	1.99369123405
10	15	8.66666666667	1.88561808316
10	16	8.92063492063	1.77550875608
10	17	9.04761904762	1.70367084
10	18	9.11111111111	1.66295883857
10	19	8.4126984127	1.95695682634
10	20	8.79365079365	1.83578822791
10	21	8.60317460317	1.9068771324
10	22	8.79365079365	1.83578822791
10	23	8.73015873016	1.86195279982
10	24	8.34920634921	1.96927776753
10	25	8.92063492063	1.77550875608
10	26	8.73015873016	1.86195279982
10	27	8.34920634921	1.96927776753
10	28	8.66666666667	1.88561808316
10	29	8.47619047619	1.94248362423
10	30	8.79365079365	1.83578822791
10	31	8.79365079365	1.83578822791
11	0	8.98412698413	1.74111862867
11	1	8.79365079365	1.83578822791
11	2	8.79365079365	1.83578822791
11	3	9.04761904762	1.70367084
11	4	9.11111111111	1.66295883857
11	5	8.85714285714	1.80701580581
11	6	8.53968253968	1.92580963658
11	7	8.79365079365	1.83578822791
11	8	8.85714285714	1.80701580581
11	9	8.47619047619	1.94248362423
11	10	8.79365079365	1.83578822791
11	12	8.22222222222	1.98761598
11	13	8.22222222222	1.98761598
11	14	8.34920634921	1.96927776753
11	15	8.85714285714	1.80701580581
11	16	8.4126984127	1.95695682634
11	17	8.09523809524	1.99773113937
11	18	8.53968253968	1.92580963658
11	19	8.22222222222	1.98761598
11	20	8.4126984127	1.95695682634
11	21	8.73015873016	1.86195279982
11	22	8.98412698413	1.74111862867
11	23	9.42857142857	1.39970842445
11	24	8.09523809524	1.99773113937
11	25	8.66666666667	1.88561808316
11	26	8.66666666667	1.88561808316
11	27	8.28571428571	1.97948663722
11	28	9.04761904762	1.70367084
11	29	8.53968253968	1.92580963658
11	30	8.60317460317	1.9068771324
11	31	8.53968253968	1.92580963658
12	0	8.47619047619	1.94248362423
12	1	8.47619047619	1.94248362423
12	2	8.4126984127	1.95695682634
12	3	8.4126984127	1.95695682634
12	4	8.4126984127	1.95695682634
12	5	8.22222222222	1.98761598
12	6	8.28571428571	1.97948663722
12	7	8.60317460317	1.9068771324
12	8	8.53968253968	1.92580963658
12	9	8.47619047619	1.94248362423
12	10	8.85714285714	1.80701580581
12	11	8.53968253968	1.92580963658
12	13	8.28571428571	1.97948663722
12	14	9.04761904762	1.70367084
12	15	8.60317460317	1.9068771324
12	16	8.53968253968	1.92580963658
12	17	8.60317460317	1.9068771324
12	18	8.03174603175	1.9997480315
12	19	8.47619047619	1.94248362423
12	20	8.53968253968	1.92580963658
12	21	8.15873015873	1.99369123405
12	22	8.85714285714	1.80701580581
12	23	8.09523809524	1.99773113937
12	24	8.34920634921	1.96927776753
12	25	8.09523809524	1.99773113937
12	26	8.60317460317	1.9068771324
12	27	8.28571428571	1.97948663722
12	28	8.79365079365	1.83578822791
12	29	8.53968253968	1.92580963658
12	30	8.53968253968	1.92580963658
12	31	8.47619047619	1.94248362423
13	0	8.92063492063	1.77550875608
13	1	8.4126984127	1.95695682634
13	2	8.28571428571	1.97948663722
13	3	8.79365079365	1.83578822791
13	4	8.47619047619	1.94248362423
13	5	8.28571428571	1.97948663722
13	6	8.60317460317	1.9068771324
13	7	8.79365079365	1.83578822791
13	8	8.60317460317	1.9068771324
13	9	8.85714285714	1.80701580581
13	10	8.09523809524	1.99773113937
13	11	8.53968253968	1.92580963658
13	12	8.53968253968	1.92580963658
13	14	8.73015873016	1.86195279982
13	15	8.60317460317	1.9068771324
13	16	8.15873015873	1.99369123405
13	17	8.03174603175	1.9997480315
13	18	8.85714285714	1.80701580581
13	19	8.73015873016	1.86195279982
13	20	8.73015873016	1.86195279982
13	21	8.53968253968	1.92580963658
13	22	8.4126984127	1.95695682634
13	23	8.4126984127	1.95695682634
13	24	8.85714285714	1.80701580581
13	25	8.60317460317	1.9068771324
13	26	8.66666666667	1.88561808316
13	27	8.47619047619	1.94248362423
13	28	8.28571428571	1.97948663722
13	29	8.28571428571	1.97948663722
13	30	8.92063492063	1.77550875608
13	31	9.11111111111	1.66295883857
14	0	8.73015873016	1.86195279982
14	1	8.92063492063	1.77550875608
14	2	9.04761904762	1.70367084
14	3	8.73015873016	1.86195279982
14	4	8.15873015873	1.99369123405
14	5	8.53968253968	1.92580963658
14	6	9.11111111111	1.66295883857
14	7	8.92063492063	1.77550875608
14	8	8.47619047619	1.94248362423
14	9	8.60317460317	1.9068771324
14	10	8.66666666667	1.88561808316
14	11	9.04761904762	1.70367084
14	12	8.98412698413	1.74111862867
14	13	9.04761904762	1.70367084
14	15	9.49206349206	1.33182075958
14	16	8.47619047619	1.94248362423
14	17	8.85714285714	1.80701580581
14	18	8.15873015873	1.99369123405
14	19	8.92063492063	1.77550875608
14	20	8.53968253968	1.92580963658
14	21	7.96825396825	1.9997480315
14	22	9.1746031746	1.61873635352
14	23	8.4126984127	1.95695682634
14	24	8.09523809524	1.99773113937
14	25	8.4126984127	1.95695682634
14	26	8.47619047619	1.94248362423
14	27	8.28571428571	1.97948663722
14	28	8.47619047619	1.94248362423
14	29	8.66666666667	1.88561808316
14	30	8.79365079365	1.83578822791
14	31	8.73015873016	1.86195279982
15	0	8.79365079365	1.83578822791
15	1	8.79365079365	1.83578822791
15	2	8.28571428571	1.97948663722
15	3	8.09523809524	1.99773113937
15	4	8.53968253968	1.92580963658
15	5	8.28571428571	1.97948663722
15	6	8.73015873016	1.86195279982
15	7	8.98412698413	1.74111862867
15	8	8.34920634921	1.96927776753
15	9	8.85714285714	1.80701580581
15	10	8.73015873016	1.86195279982
15	11	8.47619047619	1.94248362423
15	12	8.79365079365	1.83578822791
15	13	8.79365079365	1.83578822791
15	14	9.1746031746	1.61873635352
15	16	8.79365079365	1.83578822791
15	17	9.1746031746	1.61873635352
15	18	8.79365079365	1.83578822791
15	19	9.04761904762	1.70367084
15	20	8.98412698413	1.74111862867
15	21	8.73015873016	1.86195279982
15	22	8.66666666667	1.88561808316
15	23	8.22222222222	1.98761598
15	24	8.60317460317	1.9068771324
15	25	8.85714285714	1.80701580581
15	26	8.47619047619	1.94248362423
15	27	8.60317460317	1.9068771324
15	28	8.34920634921	1.96927776753
15	29	8.85714285714	1.80701580581
15	30	8.22222222222	1.98761598
15	31	8.60317460317	1.9068771324
16	0	8.53968253968	1.92580963658
16	1	8.15873015873	1.99369123405
16	2	9.36507936508	1.46169707089
16	3	8.22222222222	1.98761598
16	4	8.85714285714	1.80701580581
16	5	8.66666666667	1.88561808316
16	6	8.85714285714	1.80701580581
16	7	8.53968253968	1.92580963658
16	8	8.79365079365	1.83578822791
16	9	8.34920634921	1.96927776753
16	10	8.60317460317	1.9068771324
16	11	8.79365079365	1.83578822791
16	12	8.85714285714	1.80701580581
16	13	8.79365079365	1.83578822791
16	14	8.73015873016	1.86195279982
16	15	8.60317460317	1.9068771324
16	17	8.79365079365	1.83578822791
16	18	8.79365079365	1.83578822791
16	19	8.47619047619	1.94248362423
16	20	8.47619047619	1.94248362423
16	21	8.28571428571	1.97948663722
16	22	8.79365079365	1.83578822791
16	23	8.47619047619	1.94248362423
16	24	8.53968253968	1.92580963658
16	25	8.79365079365	1.83578822791
16	26	8.22222222222	1.98761598
16	27	8.22222222222	1.98761598
16	28	8.73015873016	1.86195279982
16	29	8.53968253968	1.92580963658
16	30	8.98412698413	1.74111862867
16	31	8.47619047619	1.94248362423
17	0	8.47619047619	1.94248362423
17	1	8.4126984127	1.95695682634
17	2	8.47619047619	1.94248362423
17	3	8.73015873016	1.86195279982
17	4	8.47619047619	1.94248362423
17	5	8.53968253968	1.92580963658
17	6	8.47619047619	1.94248362423
17	7	8.73015873016	1.86195279982
17	8	8.73015873016	1.86195279982
17	9	8.28571428571	1.97948663722
17	10	8.60317460317	1.9068771324
17	11	8.66666666667	1.88561808316
17	12	8.98412698413	1.74111862867
17	13	8.60317460317	1.9068771324
17	14	8.47619047619	1.94248362423
17	15	8.4126984127	1.95695682634
17	16	8.34920634921	1.96927776753
17	18	8.66666666667	1.88561808316
17	19	8.4126984127	1.95695682634
17	20	8.53968253968	1.92580963658
17	21	9.04761904762	1.70367084
17	22	8.66666666667	1.88561808316
17	23	8.79365079365	1.83578822791
17	24	8.66666666667	1.88561808316
17	25	7.96825396825	1.9997480315
17	26	8.73015873016	1.86195279982
17	27	8.79365079365	1.83578822791
17	28	8.92063492063	1.77550875608
17	29	8.47619047619	1.94248362423
17	30	8.47619047619	1.94248362423
17	31	8.53968253968	1.92580963658
18	0	8.53968253968	1.92580963658
18	1	8.66666666667	1.88561808316
18	2	8.09523809524	1.99773113937
18	3	9.11111111111	1.66295883857
18	4	8.79365079365	1.83578822791
18	5	8.03174603175	1.9997480315
18	6	8.66666666667	1.88561808316
18	7	8.34920634921	1.96927776753
18	8	8.47619047619	1.94248362423
18	9	8.79365079365	1.83578822791
18	10	8.66666666667	1.88561808316
18	11	8.09523809524	1.99773113937
18	12	8.53968253968	1.92580963658
18	13	8.98412698413	1.74111862867
18	14	8.98412698413	1.74111862867
18	15	8.92063492063	1.77550875608
18	16	8.85714285714	1.80701580581
18	17	8.66666666667	1.88561808316
18	19	8.15873015873	1.99369123405
18	20	8.22222222222	1.98761598
18	21	8.79365079365	1.83578822791
18	22	8.22222222222	1.98761598
18	23	8.34920634921	1.96927776753
18	24	9.49206349206	1.33182075958
18	25	8.53968253968	1.92580963658
18	26	8.53968253968	1.92580963658
18	27	8.85714285714	1.80701580581
18	28	8.98412698413	1.74111862867
18	29	9.11111111111	1.66295883857
18	30	8.79365079365	1.83578822791
18	31	8.98412698413	1.74111862867
19	0	8.4126984127	1.95695682634
19	1	8.73015873016	1.86195279982
19	2	9.04761904762	1.70367084
19	3	8.85714285714	1.80701580581
19	4	8.47619047619	1.94248362423
19	5	8.73015873016	1.86195279982
19	6	8.79365079365	1.83578822791
19	7	8.34920634921	1.96927776753
19	8	8.60317460317	1.9068771324
19	9	8.92063492063	1.77550875608
19	10	8.4126984127	1.95695682634
19	11	8.28571428571	1.97948663722
19	12	8.22222222222	1.98761598
19	13	8.73015873016	1.86195279982
19	14	8.60317460317	1.9068771324
19	15	8.92063492063	1.77550875608
19	16	8.66666666667	1.88561808316
19	17	8.15873015873	1.99369123405
19	18	8.60317460317	1.9068771324
19	20	8.28571428571	1.97948663722
19	21	8.79365079365	1.83578822791
19	22	8.85714285714	1.80701580581
19	23	7.96825396825	1.9997480315
19	24	8.73015873016	1.86195279982
19	25	8.28571428571	1.97948663722
19	26	8.28571428571	1.97948663722
19	27	9.1746031746	1.61873635352
19	28	9.11111111111	1.66295883857
19	29	8.28571428571	1.97948663722
19	30	8.47619047619	1.94248362423
19	31	8.15873015873	1.99369123405
20	0	8.79365079365	1.83578822791
20	1	8.15873015873	1.99369123405
20	2	8.60317460317	1.9068771324
20	3	8.73015873016	1.86195279982
20	4	8.73015873016	1.86195279982
20	5	8.47619047619	1.94248362423
20	6	8.4126984127	1.95695682634
20	7	8.85714285714	1.80701580581
20	8	8.47619047619	1.94248362423
20	9	8.92063492063	1.77550875608
20	10	8.66666666667	1.88561808316
20	11	8.73015873016	1.86195279982
20	12	8.92063492063	1.77550875608
20	13	8.66666666667	1.88561808316
20	14	8.73015873016	1.86195279982
20	15	8.53968253968	1.92580963658
20	16	9.04761904762	1.70367084
20	17	8.53968253968	1.92580963658
20	18	8.53968253968	1.92580963658
20	19	8.98412698413	1.74111862867
20	21	8.47619047619	1.94248362423
20	22	8.79365079365	1.83578822791
20	23	8.22222222222	1.98761598
20	24	9.11111111111	1.66295883857
20	25	8.79365079365	1.83578822791
20	26	8.22222222222	1.98761598
20	27	8.60317460317	1.9068771324
20	28	8.60317460317	1.9068771324
20	29	9.11111111111	1.66295883857
20	30	8.47619047619	1.94248362423
20	31	8.4126984127	1.95695682634
21	0	8.79365079365	1.83578822791
21	1	8.22222222222	1.98761598
21	2	9.11111111111	1.66295883857
21	3	8.34920634921	1.96927776753
21	4	9.04761904762	1.70367084
21	5	8.60317460317	1.9068771324
21	6	8.98412698413	1.74111862867
21	7	8.66666666667	1.88561808316
21	8	8.53968253968	1.92580963658
21	9	8.73015873016	1.86195279982
21	10	8.53968253968	1.92580963658
21	11	8.47619047619	1.94248362423
21	12	8.79365079365	1.83578822791
21	13	8.22222222222	1.98761598
21	14	8.85714285714	1.80701580581
21	15	9.11111111111	1.66295883857
21	16	8.92063492063	1.77550875608
21	17	8.03174603175	1.9997480315
21	18	8.73015873016	1.86195279982
21	19	8.73015873016	1.86195279982
21	20	8.85714285714	1.80701580581
21	22	8.66666666667	1.88561808316
21	23	8.53968253968	1.92580963658
21	24	8.22222222222	1.98761598
21	25	8.15873015873	1.99369123405
21	26	8.73015873016	1.86195279982
21	27	8.66666666667	1.88561808316
21	28	8.85714285714	1.80701580581
21	29	8.47619047619	1.94248362423
21	30	8.66666666667	1.88561808316
21	31	8.03174603175	1.9997480315
22	0	8.66666666667	1.88561808316
22	1	8.66666666667	1.88561808316
22	2	8.34920634921	1.96927776753
22	3	8.79365079365	1.83578822791
22	4	8.73015873016	1.86195279982
22	5	8.92063492063	1.77550875608
22	6	8.4126984127	1.95695682634
22	7	8.53968253968	1.92580963658
22	8	8.15873015873	1.99369123405
22	9	8.79365079365	1.83578822791
22	10	9.11111111111	1.66295883857
22	11	8.34920634921	1.96927776753
22	12	8.15873015873	1.99369123405
22	13	8.79365079365	1.83578822791
22	14	8.85714285714	1.80701580581
22	15	8.22222222222	1.98761598
22	16	8.53968253968	1.92580963658
22	17	8.4126984127	1.95695682634
22	18	8.28571428571	1.97948663722
22	19	8.34920634921	1.96927776753
22	20	8.66666666667	1.88561808316
22	21	8.60317460317	1.9068771324
22	23	8.60317460317	1.9068771324
22	24	8.92063492063	1.77550875608
22	25	8.79365079365	1.83578822791
22	26	8.73015873016	1.86195279982
22	27	8.53968253968	1.92580963658
22	28	8.22222222222	1.98761598
22	29	8.47619047619	1.94248362423
22	30	8.85714285714	1.80701580581
22	31	8.85714285714	1.80701580581
23	0	8.53968253968	1.92580963658
23	1	8.60317460317	1.9068771324
23	2	8.4126984127	1.95695682634
23	3	8.60317460317	1.9068771324
23	4	8.4126984127	1.95695682634
23	5	8.73015873016	1.86195279982
23	6	8.60317460317	1.9068771324
23	7	8.92063492063	1.77550875608
23	8	8.4126984127	1.95695682634
23	9	8.73015873016	1.86195279982
23	10	8.34920634921	1.96927776753
23	11	8.60317460317	1.9068771324
23	12	8.79365079365	1.83578822791
23	13	8.66666666667	1.88561808316
23	14	8.22222222222	1.98761598
23	15	8.73015873016	1.86195279982
23	16	8.47619047619	1.94248362423
23	17	8.53968253968	1.92580963658
23	18	8.92063492063	1.77550875608
23	19	8.34920634921	1.96927776753
23	20	8.85714285714	1.80701580581
23	21	8.53968253968	1.92580963658
23	22	8.66666666667	1.88561808316
23	24	8.34920634921	1.96927776753
23	25	8.66666666667	1.88561808316
23	26	8.4126984127	1.95695682634
23	27	8.60317460317	1.9068771324
23	28	9.30158730159	1.51850930071
23	29	8.4126984127	1.95695682634
23	30	8.09523809524	1.99773113937
23	31	9.1746031746	1.61873635352
24	0	8.79365079365	1.83578822791
24	1	8.73015873016	1.86195279982
24	2	8.92063492063	1.77550875608
24	3	8.47619047619	1.94248362423
24	4	8.22222222222	1.98761598
24	5	8.34920634921	1.96927776753
24	6	9.04761904762	1.70367084
24	7	8.60317460317	1.9068771324
24	8	8.4126984127	1.95695682634
24	9	9.2380952381	1.570706905
24	10	8.66666666667	1.88561808316
24	11	8.53968253968	1.92580963658
24	12	9.36507936508	1.46169707089
24	13	8.47619047619	1.94248362423
24	14	8.60317460317	1.9068771324
24	15	8.53968253968	1.92580963658
24	16	8.85714285714	1.80701580581
24	17	8.22222222222	1.98761598
24	18	8.60317460317	1.9068771324
24	19	8.03174603175	1.9997480315
24	20	8.85714285714	1.80701580581
24	21	8.60317460317	1.9068771324
24	22	8.60317460317	1.9068771324
24	23	8.79365079365	1.83578822791
24	25	8.34920634921	1.96927776753
24	26	8.53968253968	1.92580963658
24	27	8.60317460317	1.9068771324
24	28	7.90476190476	1.99773113937
24	29	8.60317460317	1.9068771324
24	30	8.60317460317	1.9068771324
24	31	8.34920634921	1.96927776753
25	0	8.66666666667	1.88561808316
25	1	8.28571428571	1.97948663722
25	2	8.47619047619	1.94248362423
25	3	8.66666666667	1.88561808316
25	4	8.47619047619	1.94248362423
25	5	8.73015873016	1.86195279982
25	6	8.60317460317	1.9068771324
25	7	8.66666666667	1.88561808316
25	8	8.4126984127	1.95695682634
25	9	8.34920634921	1.96927776753
25	10	8.66666666667	1.88561808316
25	11	8.98412698413	1.74111862867
25	12	8.92063492063	1.77550875608
25	13	8.34920634921	1.96927776753
25	14	8.79365079365	1.83578822791
25	15	8.66666666667	1.88561808316
25	16	8.66666666667	1.88561808316
25	17	8.66666666667	1.88561808316
25	18	8.85714285714	1.80701580581
25	19	8.53968253968	1.92580963658
25	20	9.11111111111	1.66295883857
25	21	8.4126984127	1.95695682634
25	22	8.09523809524	1.99773113937
25	23	8.79365079365	1.83578822791
25	24	8.53968253968	1.92580963658
25	26	8.66666666667	1.88561808316
25	27	8.79365079365	1.83578822791
25	28	8.79365079365	1.83578822791
25	29	8.79365079365	1.83578822791
25	30	8.60317460317	1.9068771324
25	31	8.28571428571	1.97948663722
26	0	8.09523809524	1.99773113937
26	1	8.4126984127	1.95695682634
26	2	8.66666666667	1.88561808316
26	3	8.15873015873	1.99369123405
26	4	8.79365079365	1.83578822791
26	5	8.47619047619	1.94248362423
26	6	8.79365079365	1.83578822791
26	7	8.79365079365	1.83578822791
26	8	8.92063492063	1.77550875608
26	9	8.66666666667	1.88561808316
26	10	8.15873015873	1.99369123405
26	11	8.47619047619	1.94248362423
26	12	8.79365079365	1.83578822791
26	13	8.73015873016	1.86195279982
26	14	8.92063492063	1.77550875608
26	15	8.66666666667	1.88561808316
26	16	8.60317460317	1.9068771324
26	17	8.60317460317	1.9068771324
26	18	8.4126984127	1.95695682634
26	19	8.34920634921	1.96927776753
26	20	8.28571428571	1.97948663722
26	21	8.73015873016	1.86195279982
26	22	8.92063492063	1.77550875608
26	23	7.96825396825	1.9997480315
26	24	8.66666666667	1.88561808316
26	25	8.53968253968	1.92580963658
26	27	8.98412698413	1.74111862867
26	28	8.09523809524	1.99773113937
26	29	8.73015873016	1.86195279982
26	30	8.73015873016	1.86195279982
26	31	8.28571428571	1.97948663722
27	0	8.15873015873	1.99369123405
27	1	8.4126984127	1.95695682634
27	2	8.85714285714	1.80701580581
27	3	8.60317460317	1.9068771324
27	4	8.09523809524	1.99773113937
27	5	8.53968253968	1.92580963658
27	6	8.15873015873	1.99369123405
27	7	8.85714285714	1.80701580581
27	8	8.73015873016	1.86195279982
27	9	8.66666666667	1.88561808316
27	10	8.92063492063	1.77550875608
27	11	8.73015873016	1.86195279982
27	12	9.1746031746	1.61873635352
27	13	8.85714285714	1.80701580581
27	14	8.60317460317	1.9068771324
27	15	8.92063492063	1.77550875608
27	16	8.53968253968	1.92580963658
27	17	8.34920634921	1.96927776753
27	18	8.28571428571	1.97948663722
27	19	8.85714285714	1.80701580581
27	20	8.66666666667	1.88561808316
27	21	8.73015873016	1.86195279982
27	22	8.4126984127	1.95695682634
27	23	8.53968253968	1.92580963658
27	24	8.22222222222	1.98761598
27	25	8.4126984127	1.95695682634
27	26	9.04761904762	1.70367084
27	28	9.11111111111	1.66295883857
27	29	8.73015873016	1.86195279982
27	30	8.66666666667	1.88561808316
27	31	8.28571428571	1.97948663722
28	0	8.47619047619	1.94248362423
28	1	8.79365079365	1.83578822791
28	2	8.66666666667	1.88561808316
28	3	9.04761904762	1.70367084
28	4	8.60317460317	1.9068771324
28	5	9.04761904762	1.70367084
28	6	9.36507936508	1.46169707089
28	7	8.47619047619	1.94248362423
28	8	8.53968253968	1.92580963658
28	9	8.28571428571	1.97948663722
28	10	8.53968253968	1.92580963658
28	11	8.53968253968	1.92580963658
28	12	8.09523809524	1.99773113937
28	13	8.85714285714	1.80701580581
28	14	8.47619047619	1.94248362423
28	15	8.85714285714	1.80701580581
28	16	8.28571428571	1.97948663722
28	17	9.2380952381	1.570706905
28	18	8.73015873016	1.86195279982
28	19	8.73015873016	1.86195279982
28	20	8.60317460317	1.9068771324
28	21	8.92063492063	1.77550875608
28	22	8.73015873016	1.86195279982
28	23	8.60317460317	1.9068771324
28	24	8.73015873016	1.86195279982
28	25	8.53968253968	1.92580963658
28	26	8.92063492063	1.77550875608
28	27	8.4126984127	1.95695682634
28	29	8.66666666667	1.88561808316
28	30	8.66666666667	1.88561808316
28	31	8.47619047619	1.94248362423
29	0	8.60317460317	1.9068771324
29	1	8.28571428571	1.97948663722
29	2	8.4126984127	1.95695682634
29	3	8.09523809524	1.99773113937
29	4	8.28571428571	1.97948663722
29	5	8.79365079365	1.83578822791
29	6	8.53968253968	1.92580963658
29	7	8.47619047619	1.94248362423
29	8	8.60317460317	1.9068771324
29	9	8.92063492063	1.77550875608
29	10	8.73015873016	1.86195279982
29	11	9.04761904762	1.70367084
29	12	8.53968253968	1.92580963658
29	13	8.66666666667	1.88561808316
29	14	8.53968253968	1.92580963658
29	15	8.98412698413	1.74111862867
29	16	7.96825396825	1.9997480315
29	17	8.47619047619	1.94248362423
29	18	8.53968253968	1.92580963658
29	19	8.92063492063	1.77550875608
29	20	8.60317460317	1.9068771324
29	21	8.73015873016	1.86195279982
29	22	8.22222222222	1.98761598
29	23	8.98412698413	1.74111862867
29	24	9.1746031746	1.61873635352
29	25	8.66666666667	1.88561808316
29	26	8.85714285714	1.80701580581
29	27	8.66666666667	1.88561808316
29	28	8.85714285714	1.80701580581
29	30	8.92063492063	1.77550875608
29	31	8.66666666667	1.88561808316
30	0	8.22222222222	1.98761598
30	1	8.73015873016	1.86195279982
30	2	8.66666666667	1.88561808316
30	3	8.73015873016	1.86195279982
30	4	8.60317460317	1.9068771324
30	5	8.4126984127	1.95695682634
30	6	8.92063492063	1.77550875608
30	7	8.85714285714	1.80701580581
30	8	8.98412698413	1.74111862867
30	9	8.92063492063	1.77550875608
30	10	8.85714285714	1.80701580581
30	11	8.4126984127	1.95695682634
30	12	8.60317460317	1.9068771324
30	13	8.53968253968	1.92580963658
30	14	8.66666666667	1.88561808316
30	15	8.66666666667	1.88561808316
30	16	8.47619047619	1.94248362423
30	17	8.53968253968	1.92580963658
30	18	8.28571428571	1.97948663722
30	19	8.53968253968	1.92580963658
30	20	8.53968253968	1.92580963658
30	21	8.09523809524	1.99773113937
30	22	8.34920634921	1.96927776753
30	23	8.98412698413	1.74111862867
30	24	8.4126984127	1.95695682634
30	25	8.73015873016	1.86195279982
30	26	8.79365079365	1.83578822791
30	27	8.60317460317	1.9068771324
30	28	8.85714285714	1.80701580581
30	29	8.4126984127	1.95695682634
30	31	8.79365079365	1.83578822791
31	0	8.66666666667	1.88561808316
31	1	8.34920634921	1.96927776753
31	2	8.60317460317	1.9068771324
31	3	8.53968253968	1.92580963658
31	4	8.03174603175	1.9997480315
31	5	8.66666666667	1.88561808316
31	6	8.85714285714	1.80701580581
31	7	8.79365079365	1.83578822791
31	8	8.66666666667	1.88561808316
31	9	8.47619047619	1.94248362423
31	10	8.85714285714	1.80701580581
31	11	8.47619047619	1.94248362423
31	12	8.73015873016	1.86195279982
31	13	8.53968253968	1.92580963658
31	14	8.09523809524	1.99773113937
31	15	8.60317460317	1.9068771324
31	16	8.60317460317	1.9068771324
31	17	8.34920634921	1.96927776753
31	18	8.22222222222	1.98761598
31	19	8.47619047619	1.94248362423
31	20	7.90476190476	1.99773113937
31	21	8.15873015873	1.99369123405
31	22	8.03174603175	1.9997480315
31	23	8.09523809524	1.99773113937
31	24	8.92063492063	1.77550875608
31	25	8.28571428571	1.97948663722
31	26	8.73015873016	1.86195279982
31	27	8.73015873016	1.86195279982
31	28	8.79365079365	1.83578822791
31	29	8.53968253968	1.92580963658
31	30	8.98412698413	1.74111862867
