# src_core	dest_core	cost	stderr
0	0	-1	0
1	0	244.825396825	2.44650500659
2	0	241.222222222	2.68117745068
3	0	240.031746032	2.1378542422
4	0	244.301587302	2.43411546879
5	0	241.301587302	2.6941142234
6	0	252.253968254	2.77727886676
7	0	252.396825397	1.81300139241
8	0	252.142857143	2.59338072461
9	0	253.365079365	2.33877995125
10	0	254.317460317	2.89950951969
11	0	254.26984127	3.51055709054
12	0	254.841269841	3.79308623016
13	0	256.920634921	3.66580763661
14	0	256.444444444	3.45390406103
15	0	255.73015873	3.87177966219
16	0	256.301587302	3.4394301883
17	0	255.031746032	3.69456165739
18	0	261.476190476	3.18656476654
19	0	262.222222222	3.08835212877
20	0	261.666666667	3.00264433723
21	0	261.206349206	3.67815831313
22	0	261.158730159	3.14822373303
23	0	261.285714286	3.47064136348
0	1	244.603174603	2.8593465928
1	1	-1	0
2	1	243.126984127	3.20461999576
3	1	243.746031746	3.13185504118
4	1	241.142857143	3.17158586769
5	1	240.936507937	2.85007945238
6	1	251.444444444	2.34200956837
7	1	253.206349206	3.04546881818
8	1	252.920634921	3.61786391112
9	1	253.888888889	3.32432645576
10	1	252.746031746	2.50059201859
11	1	253.53968254	3.14630242457
12	1	254.682539683	3.65506995927
13	1	256.873015873	3.8770470824
14	1	255.53968254	3.29899165367
15	1	255.841269841	3.66972318149
16	1	254.333333333	3.61654048496
17	1	256.587301587	2.91484934205
18	1	261.222222222	2.90289644323
19	1	262.492063492	2.8888016732
20	1	262.380952381	2.9516128033
21	1	262.126984127	2.6755332564
22	1	262.333333333	2.34351519988
23	1	261.46031746	3.87021756833
0	2	244.396825397	2.10471641599
1	2	244.555555556	2.41541200783
2	2	-1	0
3	2	240.634920635	3.27230605208
4	2	242.412698413	3.55739748209
5	2	242.968253968	2.82263107007
6	2	253.380952381	3.2240592152
7	2	253.126984127	2.87016433074
8	2	252.031746032	2.97058731817
9	2	253.238095238	2.57407271462
10	2	253.0	2.76026223737
11	2	252.476190476	2.23860176639
12	2	256.365079365	3.28199313862
13	2	255.507936508	3.16164020057
14	2	255.952380952	3.60963688729
15	2	256.317460317	3.39853094699
16	2	255.73015873	3.69128682
17	2	256.317460317	3.29899165367
18	2	260.444444444	2.77619002242
19	2	262.238095238	2.39519549333
20	2	262.0	3.00792603759
21	2	261.507936508	2.49363008085
22	2	262.238095238	2.90437155847
23	2	262.079365079	2.86357301121
0	3	243.126984127	2.97338492103
1	3	239.746031746	1.7991907702
2	3	243.793650794	2.92856067448
3	3	-1	0
4	3	239.142857143	3.16657715591
5	3	244.095238095	3.36043405036
6	3	251.968253968	2.60017248493
7	3	252.984126984	2.66364151916
8	3	251.619047619	2.75121082393
9	3	253.476190476	3.26529195008
10	3	253.619047619	3.16944024615
11	3	254.142857143	3.92734468581
12	3	255.111111111	3.51012644421
13	3	255.111111111	3.63453938529
14	3	256.015873016	3.54334638483
15	3	255.015873016	3.78171063792
16	3	253.73015873	3.3152191108
17	3	254.619047619	3.26320794267
18	3	261.650793651	3.10227121182
19	3	262.634920635	2.70977997878
20	3	262.19047619	2.96999354848
21	3	261.53968254	2.68343180432
22	3	261.920634921	2.49635662962
23	3	262.142857143	2.71303229205
0	4	243.873015873	2.97338492103
1	4	240.761904762	3.46737303112
2	4	242.698412698	3.47615423624
3	4	240.73015873	3.09739444627
4	4	-1	0
5	4	239.682539683	2.66562715945
6	4	251.920634921	2.52794908592
7	4	253.571428571	3.10511245465
8	4	251.777777778	2.65739127624
9	4	253.571428571	3.0327015863
10	4	252.904761905	2.5492873932
11	4	252.412698413	1.92423904263
12	4	256.476190476	3.63779604853
13	4	256.063492063	3.19162105338
14	4	255.555555556	3.71516744384
15	4	256.380952381	3.29226400332
16	4	256.015873016	3.87295081913
17	4	256.26984127	3.34382325237
18	4	261.619047619	3.04687490915
19	4	262.285714286	3.16442813825
20	4	262.285714286	3.00490905986
21	4	262.079365079	2.83572217112
22	4	262.698412698	2.96345422987
23	4	262.571428571	2.94776905534
0	5	244.952380952	2.62725985222
1	5	244.222222222	2.69887951144
2	5	240.492063492	3.42202490817
3	5	243.571428571	3.60649451976
4	5	243.0	2.61861468283
5	5	-1	0
6	5	252.253968254	2.8672660169
7	5	253.714285714	2.88085399281
8	5	252.396825397	3.00020995318
9	5	253.507936508	3.27507671483
10	5	253.746031746	2.99188454688
11	5	253.746031746	2.98125495024
12	5	255.26984127	3.59543956827
13	5	254.873015873	3.44799027497
14	5	256.238095238	3.6415341513
15	5	255.174603175	3.31681470136
16	5	256.365079365	3.18877787856
17	5	256.111111111	3.5861776579
18	5	260.857142857	2.76518688399
19	5	262.412698413	2.50482024597
20	5	263.031746032	2.58179372843
21	5	262.349206349	2.88487423818
22	5	262.555555556	3.05389565303
23	5	262.492063492	2.86673873593
0	6	243.126984127	3.69681142527
1	6	245.650793651	3.65217365222
2	6	244.555555556	3.19611757426
3	6	242.412698413	3.75281871053
4	6	242.888888889	3.39986512856
5	6	244.365079365	3.33952561645
6	6	-1	0
7	6	252.984126984	2.12686566834
8	6	252.682539683	2.88854001033
9	6	254.301587302	3.17047350444
10	6	252.634920635	2.38581514007
11	6	292.031746032	24.8340321116
12	6	260.476190476	3.36582800897
13	6	259.301587302	2.89846659315
14	6	260.095238095	3.3839691437
15	6	259.793650794	3.10227121182
16	6	258.920634921	2.70391595684
17	6	259.698412698	3.10981508476
18	6	262.317460317	2.44186629657
19	6	262.285714286	3.73073281634
20	6	262.857142857	3.77063483711
21	6	262.253968254	2.98657447758
22	6	262.825396825	3.00549593161
23	6	261.841269841	3.69558444894
0	7	245.634920635	3.42401225382
1	7	242.031746032	3.58996950939
2	7	245.841269841	2.97719559747
3	7	241.777777778	4.30003486307
4	7	241.079365079	3.75986147711
5	7	241.523809524	3.68548048969
6	7	253.476190476	3.14141380999
7	7	-1	0
8	7	253.253968254	2.74277263244
9	7	253.603174603	3.20485585214
10	7	253.253968254	3.09617405466
11	7	254.523809524	3.06468436375
12	7	259.571428571	3.19580223535
13	7	259.714285714	3.194382825
14	7	259.253968254	2.83385571637
15	7	259.476190476	2.76518688399
16	7	259.492063492	2.96472925434
17	7	259.698412698	3.01654127935
18	7	260.380952381	3.40601042709
19	7	262.349206349	3.41871009815
20	7	262.428571429	3.6108930686
21	7	262.73015873	2.96115780234
22	7	263.587301587	2.67638064436
23	7	262.825396825	3.00549593161
0	8	241.650793651	3.44184672726
1	8	241.031746032	3.16211830732
2	8	241.476190476	4.43241001075
3	8	241.777777778	4.00176327979
4	8	239.73015873	3.78051121598
5	8	240.317460317	3.91912444395
6	8	251.428571429	2.49261949111
7	8	253.253968254	2.99188454688
8	8	-1	0
9	8	253.0	3.20713490295
10	8	254.428571429	3.60209059982
11	8	291.587301587	25.2137748448
12	8	259.476190476	3.31354671564
13	8	259.428571429	2.78724011936
14	8	258.53968254	2.45483259589
15	8	260.079365079	3.2528453347
16	8	258.619047619	2.52874629473
17	8	259.142857143	2.68952785647
18	8	261.777777778	2.98378924127
19	8	262.285714286	3.28743916078
20	8	263.936507937	2.95937046004
21	8	262.777777778	3.30677248508
22	8	262.682539683	3.42643966649
23	8	262.238095238	3.49473202513
0	9	244.095238095	4.42472951631
1	9	244.746031746	2.72535568652
2	9	239.73015873	3.56885268659
3	9	244.412698413	2.82637757189
4	9	240.555555556	3.55357087466
5	9	243.587301587	3.94660762759
6	9	251.126984127	3.17476190079
7	9	254.841269841	3.39096066927
8	9	252.444444444	3.03303388254
9	9	-1	0
10	9	253.619047619	3.015455276
11	9	253.0	3.87093360627
12	9	259.095238095	2.93157028031
13	9	259.761904762	3.1808668366
14	9	259.015873016	2.66959400927
15	9	259.650793651	3.3054007281
16	9	259.0	2.69037083654
17	9	259.253968254	3.36635196062
18	9	261.920634921	2.85802455531
19	9	262.063492063	3.74535910022
20	9	263.936507937	3.53159443227
21	9	263.412698413	2.88749312174
22	9	263.126984127	3.56567437684
23	9	263.365079365	3.94928801018
0	10	245.984126984	3.44338364178
1	10	246.142857143	3.53601489824
2	10	244.619047619	2.50351227202
3	10	241.19047619	2.78235450628
4	10	244.206349206	3.55080464907
5	10	241.285714286	4.14969331982
6	10	254.333333333	4.60848079502
7	10	253.920634921	3.96933318658
8	10	254.476190476	3.90708409462
9	10	253.619047619	3.69653879906
10	10	-1	0
11	10	254.174603175	4.93944178627
12	10	260.80952381	3.53601489824
13	10	260.031746032	3.42710138973
14	10	259.841269841	2.64398898496
15	10	259.793650794	3.13282027288
16	10	260.126984127	2.74580235761
17	10	260.158730159	3.47876254776
18	10	262.380952381	2.90280964841
19	10	263.396825397	3.81117689001
20	10	263.857142857	3.3278867066
21	10	263.079365079	2.92933486844
22	10	263.507936508	3.12121779181
23	10	263.19047619	3.02821201821
0	11	246.238095238	4.18126693686
1	11	244.634920635	3.84336817934
2	11	245.476190476	4.19696467362
3	11	244.349206349	3.55080464907
4	11	242.317460317	3.19635405803
5	11	244.936507937	3.53608615079
6	11	253.111111111	3.68657414467
7	11	255.095238095	4.31208816102
8	11	252.26984127	3.8676778202
9	11	254.126984127	4.17662453326
10	11	254.444444444	4.31600115398
11	11	-1	0
12	11	262.015873016	3.67528020092
13	11	259.603174603	2.95221026986
14	11	259.555555556	3.08492379972
15	11	260.0	2.79455252402
16	11	260.253968254	3.58111561037
17	11	259.365079365	3.28199313862
18	11	262.968253968	3.70742821043
19	11	263.698412698	3.09958994029
20	11	263.666666667	3.20713490295
21	11	262.825396825	2.98429584122
22	11	264.079365079	2.9777033192
23	11	263.174603175	3.2588813084
0	12	245.063492063	3.38471360948
1	12	244.793650794	2.66165439755
2	12	244.53968254	2.47415463726
3	12	245.746031746	3.30448590708
4	12	243.126984127	4.5127405656
5	12	244.26984127	3.79308623016
6	12	260.619047619	3.46606483525
7	12	261.158730159	3.70844745338
8	12	260.476190476	4.01922816114
9	12	261.0	3.59010987142
10	12	260.095238095	4.45333577742
11	12	301.222222222	25.5078229173
12	12	-1	0
13	12	260.476190476	3.87854146558
14	12	260.682539683	3.60698351229
15	12	257.349206349	14.2974731147
16	12	260.0	3.68178700573
17	12	259.888888889	3.5861776579
18	12	263.365079365	3.60907844414
19	12	264.523809524	2.45503785803
20	12	264.492063492	3.1566157077
21	12	264.73015873	3.18830376959
22	12	265.238095238	3.07944689795
23	12	264.523809524	3.09560437393
0	13	239.920634921	10.4460846881
1	13	246.746031746	5.26434021543
2	13	242.412698413	3.68452327529
3	13	246.047619048	3.30669629129
4	13	240.428571429	3.62843394315
5	13	244.174603175	3.63641059087
6	13	260.619047619	4.8220017296
7	13	262.079365079	4.00516169858
8	13	262.333333333	4.65304133345
9	13	261.793650794	4.02436519754
10	13	261.920634921	4.50150446562
11	13	261.412698413	4.3081131311
12	13	259.428571429	3.65024150414
13	13	-1	0
14	13	260.031746032	4.14793218313
15	13	260.349206349	4.23199727758
16	13	259.0	4.0590873945
17	13	260.444444444	3.64616684038
18	13	264.825396825	3.37375342076
19	13	265.888888889	3.63453938529
20	13	265.746031746	3.49134191679
21	13	266.111111111	4.10617464241
22	13	266.19047619	3.05950064842
23	13	265.079365079	3.92509867352
0	14	243.349206349	4.26562014754
1	14	247.968253968	5.2552868436
2	14	245.19047619	3.80833314726
3	14	246.174603175	7.98518406332
4	14	242.904761905	5.85733642731
5	14	241.682539683	3.84553089127
6	14	261.571428571	4.15842722755
7	14	262.825396825	4.3224760781
8	14	262.111111111	3.99249737299
9	14	263.111111111	5.15816846759
10	14	263.714285714	4.738992497
11	14	266.46031746	7.22611093634
12	14	259.349206349	3.57752565977
13	14	261.777777778	3.79408246199
14	14	-1	0
15	14	261.841269841	4.63323517952
16	14	260.253968254	4.5807334755
17	14	260.984126984	5.44377338638
18	14	268.396825397	5.53642966306
19	14	266.158730159	3.37218477156
20	14	266.492063492	3.32318940259
21	14	265.682539683	3.46330146566
22	14	265.603174603	3.29279966054
23	14	265.523809524	3.94347821195
0	15	246.46031746	3.2748459158
1	15	248.888888889	4.65683014715
2	15	241.857142857	3.88671789094
3	15	245.952380952	3.73923246274
4	15	244.317460317	5.30595770816
5	15	242.444444444	7.39750661077
6	15	261.253968254	3.61640114877
7	15	263.555555556	4.55923196601
8	15	262.126984127	4.11150944935
9	15	262.80952381	4.43956648412
10	15	264.095238095	4.72989239689
11	15	266.587301587	6.20965689473
12	15	260.063492063	5.13893638515
13	15	260.952380952	5.02194729647
14	15	261.079365079	4.89347342248
15	15	-1	0
16	15	261.952380952	4.90360596642
17	15	263.317460317	6.21269922379
18	15	268.238095238	4.06187964041
19	15	266.888888889	3.85495398079
20	15	268.158730159	3.70416474833
21	15	267.158730159	4.29915587583
22	15	267.317460317	3.81652795267
23	15	267.746031746	5.02681146049
0	16	247.015873016	3.21451106402
1	16	247.571428571	4.21152721127
2	16	244.53968254	4.88543477237
3	16	247.095238095	3.69347036756
4	16	247.349206349	5.84769315569
5	16	245.936507937	4.23842219772
6	16	264.0	4.7609522857
7	16	266.142857143	5.53447246696
8	16	265.158730159	5.49518215885
9	16	265.238095238	4.51000399716
10	16	263.047619048	4.62370898817
11	16	267.761904762	6.4185106459
12	16	262.968253968	4.81059760657
13	16	263.19047619	4.60454276329
14	16	262.412698413	4.88806424709
15	16	261.365079365	3.85573819874
16	16	-1	0
17	16	264.888888889	5.15201027528
18	16	269.380952381	6.18351256685
19	16	268.031746032	4.55292773055
20	16	269.365079365	4.08365533153
21	16	270.333333333	7.32683694936
22	16	269.0	4.29839394148
23	16	267.619047619	4.40932839226
0	17	251.158730159	5.55836663574
1	17	252.142857143	7.28960369262
2	17	250.73015873	6.11842481338
3	17	247.650793651	7.15621326254
4	17	254.0	8.98852884479
5	17	247.222222222	11.5668443028
6	17	267.587301587	6.94567336065
7	17	268.682539683	6.61605885855
8	17	265.714285714	6.34567362036
9	17	269.666666667	7.43223352957
10	17	269.793650794	6.60965798928
11	17	271.888888889	8.7416374753
12	17	265.650793651	6.35999084096
13	17	267.603174603	6.33092606516
14	17	265.174603175	6.03308255869
15	17	267.698412698	6.23771152744
16	17	263.079365079	5.3312543189
17	17	-1	0
18	17	274.126984127	7.21878515808
19	17	271.952380952	6.0799659863
20	17	270.015873016	4.85501561468
21	17	278.571428571	13.9519746406
22	17	272.619047619	6.23209453295
23	17	270.746031746	4.85330276668
0	18	259.777777778	32.4166547653
1	18	266.412698413	8.86160779535
2	18	263.587301587	6.81416573201
3	18	264.222222222	5.5131716578
4	18	263.174603175	7.62522897401
5	18	262.825396825	6.75545560255
6	18	264.158730159	32.9001405648
7	18	271.634920635	7.60806086155
8	18	271.714285714	6.2904022922
9	18	272.571428571	7.21707473984
10	18	267.80952381	5.78684096418
11	18	265.841269841	32.5475019641
12	18	270.873015873	5.6917987881
13	18	279.079365079	12.0360590335
14	18	270.047619048	5.88360264169
15	18	271.174603175	5.84601256736
16	18	274.523809524	6.57280868875
17	18	272.777777778	6.07739617501
18	18	-1	0
19	18	274.80952381	7.29395736613
20	18	271.841269841	6.98116820444
21	18	275.031746032	8.37980992694
22	18	272.80952381	5.42146569199
23	18	273.396825397	6.89038825026
0	19	263.253968254	5.75689580697
1	19	263.682539683	5.71776789845
2	19	265.301587302	8.1155052863
3	19	263.126984127	6.07752054574
4	19	255.761904762	57.5898784884
5	19	266.079365079	6.5496918316
6	19	271.53968254	7.70863337244
7	19	275.158730159	8.68899385778
8	19	272.587301587	6.1117501212
9	19	273.650793651	7.10054487102
10	19	271.412698413	7.5794938907
11	19	271.857142857	8.90667155485
12	19	275.349206349	6.63123616085
13	19	277.111111111	8.84273733226
14	19	273.714285714	6.2397307925
15	19	271.603174603	5.25701249743
16	19	272.142857143	5.70117543674
17	19	274.523809524	6.88881574096
18	19	270.793650794	6.37494781842
19	19	-1	0
20	19	273.682539683	5.49119178328
21	19	282.873015873	15.4061336615
22	19	276.015873016	7.84875293601
23	19	274.26984127	7.4943499336
0	20	264.619047619	7.36665281496
1	20	268.920634921	8.87175218874
2	20	264.634920635	7.40292003156
3	20	266.73015873	6.84802450765
4	20	266.523809524	9.98706646612
5	20	269.380952381	7.98496319266
6	20	270.888888889	7.90240291186
7	20	276.412698413	9.86678719462
8	20	263.079365079	47.6202909891
9	20	271.126984127	6.67259751305
10	20	271.857142857	6.69483843554
11	20	286.444444444	23.8485817207
12	20	272.111111111	6.5710068111
13	20	276.523809524	8.83509801395
14	20	273.666666667	8.4646791818
15	20	275.317460317	6.82624579438
16	20	273.825396825	6.95002496864
17	20	272.968253968	5.60885992424
18	20	280.46031746	14.6176946447
19	20	273.444444444	7.58398014568
20	20	-1	0
21	20	288.714285714	22.1871037699
22	20	279.222222222	10.1378505665
23	20	279.238095238	38.2700157344
0	21	322.301587302	90.684633185
1	21	267.698412698	9.39205155443
2	21	275.793650794	22.2447844646
3	21	267.476190476	9.44971174979
4	21	355.206349206	96.0744021753
5	21	274.714285714	15.6473321134
6	21	321.73015873	92.1224523844
7	21	297.206349206	60.819837702
8	21	274.698412698	10.7151204848
9	21	291.698412698	56.3111071737
10	21	274.380952381	9.79541287433
11	21	330.174603175	80.4735073595
12	21	274.777777778	7.85270036346
13	21	284.603174603	15.6413571474
14	21	282.984126984	15.7746954927
15	21	312.698412698	57.9708834745
16	21	277.253968254	9.81571182027
17	21	285.142857143	16.6893722887
18	21	283.904761905	17.1609692679
19	21	284.873015873	17.3493443117
20	21	270.650793651	48.9917902841
21	21	-1	0
22	21	313.396825397	47.8730263989
23	21	327.841269841	70.7526894097
0	22	427.333333333	134.930199474
1	22	287.603174603	27.1863292458
2	22	345.031746032	84.1349951262
3	22	357.333333333	105.692425882
4	22	458.888888889	177.247035134
5	22	318.349206349	67.1404967877
6	22	431.301587302	143.595511594
7	22	396.666666667	115.43705768
8	22	341.650793651	75.4013933453
9	22	361.746031746	108.4012195
10	22	295.333333333	35.8719061494
11	22	456.46031746	136.513482722
12	22	325.063492063	67.7284196324
13	22	384.666666667	114.801968901
14	22	341.968253968	80.6186335257
15	22	430.206349206	126.151100975
16	22	336.873015873	72.9769461452
17	22	360.444444444	75.1613666757
18	22	367.253968254	98.0009666706
19	22	353.015873016	84.113206419
20	22	327.015873016	56.4355207473
21	22	393.952380952	106.417182729
22	22	-1	0
23	22	530.174603175	167.979830581
0	23	885.968253968	242.628723372
1	23	471.650793651	154.367337479
2	23	622.031746032	189.507881333
3	23	597.73015873	174.292420434
4	23	569.777777778	192.152505937
5	23	534.952380952	169.708660588
6	23	462.380952381	123.839684971
7	23	625.095238095	189.088768461
8	23	560.777777778	195.93620961
9	23	546.222222222	151.894328812
10	23	464.26984127	131.965628804
11	23	475.412698413	150.98939676
12	23	615.047619048	198.694343596
13	23	601.603174603	167.231570241
14	23	534.031746032	161.130231096
15	23	462.412698413	130.605140388
16	23	626.174603175	175.699919116
17	23	632.301587302	176.626916905
18	23	554.634920635	162.415819621
19	23	574.682539683	157.165348719
20	23	485.619047619	139.154981382
21	23	566.206349206	192.876484757
22	23	472.174603175	138.680235106
23	23	-1	0
