# src_core	dest_core	cost	stderr
0	0	-1	0
1	0	245.19047619	31.6803765524
2	0	249.698412698	32.5803694526
3	0	250.031746032	32.7719238402
4	0	246.317460317	31.3661557556
5	0	251.063492063	33.0458426249
6	0	288.571428571	7.61517758855
7	0	288.666666667	7.63450812336
8	0	295.317460317	9.82356317993
9	0	288.904761905	7.6836546482
10	0	286.698412698	7.93752374452
11	0	287.857142857	7.89787422244
12	0	280.825396825	9.27796447733
13	0	298.317460317	12.5847292153
14	0	288.507936508	9.58151828091
15	0	291.412698413	11.0864351845
16	0	294.412698413	11.0246979884
17	0	292.333333333	11.5318743916
18	0	305.746031746	11.9747992712
19	0	308.317460317	13.8263899922
20	0	310.619047619	12.8154526906
21	0	306.920634921	13.7023941684
22	0	308.952380952	14.2176154671
23	0	302.301587302	41.2636259056
24	0	259.634920635	10.2883839373
25	0	251.428571429	8.07251713407
26	0	245.93442623	30.7927332563
27	0	251.206349206	32.5504047375
28	0	252.825396825	8.53850230825
29	0	256.015873016	8.97349193855
30	0	334.761904762	10.833097852
31	0	351.904761905	19.9417519137
32	0	328.396825397	6.31837753571
33	0	336.873015873	9.6633689999
34	0	336.571428571	14.1171001628
35	0	343.349206349	14.0194408445
36	0	297.063492063	12.8345676783
37	0	289.968253968	10.8612727688
38	0	296.079365079	12.6457240245
39	0	305.253968254	13.2903691756
40	0	295.174603175	39.3226537893
41	0	295.888888889	11.1456605708
42	0	336.571428571	14.4614586694
43	0	351.698412698	16.4997690418
44	0	345.412698413	17.4670982504
45	0	345.238095238	12.4054702293
46	0	335.238095238	11.1208574034
47	0	340.253968254	45.0456446652
0	1	254.476190476	9.9104836953
1	1	-1	0
2	1	252.285714286	9.04210358203
3	1	252.698412698	9.55125674542
4	1	250.650793651	6.86180764318
5	1	251.333333333	8.05339325112
6	1	288.19047619	7.32436062079
7	1	288.079365079	8.30624471011
8	1	295.682539683	10.2397070221
9	1	290.079365079	7.83217131665
10	1	287.396825397	9.00183346852
11	1	289.222222222	9.04739626571
12	1	281.047619048	8.20458364232
13	1	296.253968254	13.06147644
14	1	283.571428571	6.5337081664
15	1	287.174603175	7.86702921388
16	1	291.46031746	10.6916751428
17	1	289.904761905	9.73899751321
18	1	305.142857143	12.5809848239
19	1	303.984126984	12.5223508918
20	1	309.396825397	12.9216683803
21	1	311.222222222	14.1325296767
22	1	308.396825397	12.5414103692
23	1	302.19047619	9.49328441476
24	1	263.888888889	12.9787507789
25	1	253.507936508	7.3934183856
26	1	250.317460317	6.39400859641
27	1	254.492063492	8.18607609137
28	1	253.73015873	7.42198867204
29	1	255.746031746	7.64067697069
30	1	333.253968254	9.99042121229
31	1	342.793650794	15.8426375972
32	1	330.206349206	7.10501439329
33	1	336.936507937	11.9852727298
34	1	337.206349206	14.4366802786
35	1	336.777777778	11.6652304483
36	1	300.142857143	9.93927138407
37	1	293.793650794	9.39124673529
38	1	295.873015873	11.8930312575
39	1	301.603174603	12.8736715234
40	1	295.015873016	10.5957344869
41	1	296.682539683	11.8480128892
42	1	331.825396825	14.7868878881
43	1	347.603174603	13.8065313306
44	1	340.126984127	12.5210832529
45	1	348.841269841	11.8712756555
46	1	336.365079365	10.963578357
47	1	341.396825397	12.0258183664
0	2	252.603174603	9.31211820573
1	2	250.253968254	7.87192772818
2	2	-1	0
3	2	253.285714286	8.945032445
4	2	252.380952381	8.48234126752
5	2	254.349206349	8.69803614062
6	2	286.238095238	7.33054987373
7	2	287.19047619	6.53891195953
8	2	286.746031746	51.7269903616
9	2	288.603174603	6.96371475975
10	2	283.73015873	6.91491681642
11	2	288.19047619	8.16468808463
12	2	280.555555556	8.85828063466
13	2	302.174603175	14.0831315089
14	2	285.46031746	9.03401929714
15	2	286.111111111	7.4324708257
16	2	292.333333333	10.3938321149
17	2	289.984126984	9.56596490456
18	2	308.841269841	14.1894286038
19	2	307.063492063	9.96322287353
20	2	299.698412698	55.1000921615
21	2	306.873015873	11.6748162876
22	2	306.952380952	10.5144323661
23	2	305.873015873	12.5071307451
24	2	259.857142857	11.5110121779
25	2	253.857142857	8.65174015501
26	2	250.031746032	7.67384395713
27	2	255.428571429	10.3244420822
28	2	254.777777778	8.31988332573
29	2	258.619047619	9.82938350281
30	2	335.492063492	9.65084586452
31	2	353.238095238	17.1951583124
32	2	331.634920635	9.8598135584
33	2	334.0	8.7758687898
34	2	331.555555556	12.2536392751
35	2	339.650793651	11.1143532685
36	2	301.079365079	12.4713024069
37	2	292.714285714	10.6360103682
38	2	298.952380952	11.2439452086
39	2	303.666666667	15.1971175212
40	2	294.873015873	10.7074993205
41	2	301.952380952	11.8260253375
42	2	335.428571429	44.3727766841
43	2	335.920634921	60.5457459445
44	2	343.984126984	12.9535091323
45	2	346.0	15.0491259041
46	2	339.349206349	9.52716871975
47	2	340.396825397	12.1779656374
0	3	257.777777778	9.95775910988
1	3	248.952380952	7.47361193021
2	3	254.238095238	10.9959794755
3	3	-1	0
4	3	247.714285714	31.7572281843
5	3	249.80952381	32.4036335131
6	3	287.253968254	8.52069051149
7	3	288.126984127	6.71291591716
8	3	297.063492063	11.1353477161
9	3	287.333333333	7.04182516023
10	3	285.031746032	7.61362240709
11	3	287.396825397	8.66399167974
12	3	281.682539683	8.46247627241
13	3	298.26984127	12.4086584584
14	3	285.698412698	8.64031694127
15	3	287.444444444	6.81449849737
16	3	297.301587302	12.7784974657
17	3	289.26984127	10.717448093
18	3	304.412698413	12.2288170211
19	3	303.968253968	14.1544409476
20	3	310.126984127	15.1274921216
21	3	301.746031746	11.5070278787
22	3	303.015873016	11.3745637467
23	3	307.111111111	12.1486965936
24	3	255.587301587	33.7152572126
25	3	255.301587302	9.14891774437
26	3	250.158730159	8.16925391322
27	3	251.476190476	32.7025347995
28	3	254.317460317	8.75925885976
29	3	257.063492063	8.73212099159
30	3	334.476190476	9.59969765208
31	3	349.603174603	15.9945821011
32	3	330.222222222	8.06411696116
33	3	333.936507937	9.74414438061
34	3	335.920634921	11.1828973548
35	3	339.619047619	10.508392068
36	3	299.063492063	12.993127629
37	3	295.952380952	9.29998902786
38	3	298.682539683	11.2105752183
39	3	292.253968254	54.3083402212
40	3	288.19047619	34.7512051374
41	3	296.682539683	14.3181818
42	3	337.666666667	15.1741216633
43	3	337.0	60.1880650512
44	3	344.73015873	15.3066085419
45	3	344.634920635	13.428590191
46	3	334.523809524	9.27850758193
47	3	343.158730159	11.292934087
0	4	254.253968254	9.62959765097
1	4	246.111111111	31.791538812
2	4	245.714285714	43.3898637024
3	4	258.333333333	9.6904469404
4	4	-1	0
5	4	252.285714286	7.87487177306
6	4	285.825396825	5.95362949868
7	4	287.031746032	7.33542882175
8	4	296.857142857	11.142450135
9	4	290.746031746	9.23411248899
10	4	286.666666667	9.18936583473
11	4	286.888888889	7.74619437768
12	4	281.650793651	8.30979290357
13	4	301.603174603	17.9669358426
14	4	283.920634921	8.56775347433
15	4	290.920634921	9.6909409298
16	4	292.19047619	9.93927138407
17	4	293.444444444	10.4726064095
18	4	311.063492063	16.367673343
19	4	305.285714286	11.8031857032
20	4	308.238095238	12.3939492223
21	4	307.920634921	11.0615903264
22	4	302.380952381	9.67311537188
23	4	307.428571429	12.3695918575
24	4	258.873015873	10.4615578425
25	4	252.46031746	9.29383717433
26	4	249.619047619	7.35371317809
27	4	253.365079365	8.5194485016
28	4	254.80952381	7.30265692649
29	4	259.158730159	9.73816962236
30	4	338.761904762	10.6334516872
31	4	345.46031746	15.5112098705
32	4	331.920634921	8.03227929719
33	4	333.571428571	8.60917614132
34	4	337.777777778	13.4464776109
35	4	341.936507937	12.5164945342
36	4	299.047619048	10.6717674879
37	4	293.380952381	10.6016299607
38	4	300.587301587	16.2369702786
39	4	302.380952381	16.4513989094
40	4	295.047619048	8.49356165393
41	4	295.555555556	13.2817786361
42	4	339.079365079	15.1031391537
43	4	348.333333333	14.1410131875
44	4	341.952380952	12.1673888519
45	4	344.825396825	14.0402366038
46	4	339.507936508	10.3752957745
47	4	341.888888889	12.3212438961
0	5	250.523809524	7.39553091745
1	5	250.888888889	7.23990509258
2	5	253.047619048	10.434114639
3	5	252.714285714	8.62154659905
4	5	254.26984127	8.9108572071
5	5	-1	0
6	5	286.714285714	7.37526662726
7	5	286.412698413	7.32821232588
8	5	294.206349206	11.4297838863
9	5	286.920634921	6.41996288201
10	5	285.349206349	7.77900864896
11	5	287.873015873	7.39903911284
12	5	282.857142857	9.5566101828
13	5	302.746031746	13.8047245811
14	5	284.634920635	8.60288173812
15	5	287.285714286	9.62046194223
16	5	292.19047619	9.46817081085
17	5	291.333333333	8.56163461622
18	5	302.095238095	11.057877011
19	5	305.126984127	13.7857668301
20	5	308.904761905	14.3058588128
21	5	306.825396825	12.2403699531
22	5	306.253968254	10.8758772738
23	5	305.238095238	12.9206544206
24	5	263.126984127	12.2338225716
25	5	253.904761905	10.4010290787
26	5	248.80952381	8.42682252504
27	5	255.873015873	9.31544555162
28	5	254.111111111	7.59722403587
29	5	256.19047619	11.1053499803
30	5	336.476190476	9.97593476204
31	5	346.888888889	13.2150841076
32	5	330.317460317	8.07076911979
33	5	336.777777778	10.0986317546
34	5	337.063492063	11.6562851986
35	5	339.492063492	11.0307981778
36	5	301.095238095	10.7802204025
37	5	292.428571429	10.1866926666
38	5	302.650793651	13.9114646453
39	5	298.523809524	13.7504483539
40	5	295.650793651	9.27731270984
41	5	296.349206349	11.4033672696
42	5	337.015873016	14.188629545
43	5	347.142857143	12.9269708735
44	5	344.857142857	13.4681955083
45	5	342.603174603	11.8302003667
46	5	336.650793651	8.88937073524
47	5	343.777777778	12.5172191806
0	6	254.444444444	10.3812678948
1	6	252.380952381	8.92726974638
2	6	255.126984127	9.31885282042
3	6	254.873015873	9.09298013469
4	6	252.222222222	8.82356952648
5	6	253.476190476	8.27667815978
6	6	-1	0
7	6	286.126984127	6.83476654771
8	6	296.714285714	9.4389072737
9	6	286.746031746	6.44628169917
10	6	283.746031746	6.66420967574
11	6	286.253968254	5.95743700609
12	6	280.650793651	8.07732222279
13	6	303.301587302	17.3192570322
14	6	285.19047619	8.44939585115
15	6	289.142857143	7.69220826728
16	6	293.396825397	12.4052468195
17	6	291.507936508	9.96003604232
18	6	310.174603175	11.8944293785
19	6	308.73015873	11.4728199841
20	6	308.317460317	9.81386352868
21	6	307.634920635	11.5639033165
22	6	305.603174603	10.2841219618
23	6	306.698412698	13.456142659
24	6	264.873015873	13.1698212779
25	6	258.73015873	10.3175091574
26	6	255.063492063	8.26519383169
27	6	259.761904762	10.3167521124
28	6	260.079365079	9.48733757173
29	6	259.285714286	11.2636915929
30	6	336.825396825	10.8049660578
31	6	348.761904762	18.0041567385
32	6	329.968253968	7.8355483271
33	6	336.158730159	10.5352113293
34	6	335.603174603	12.2960048777
35	6	339.111111111	12.3713841742
36	6	304.80952381	13.5328608208
37	6	293.333333333	11.8495864237
38	6	302.714285714	14.205329395
39	6	303.444444444	14.9430429507
40	6	296.603174603	12.688627182
41	6	300.317460317	12.6048937295
42	6	340.174603175	15.065507417
43	6	346.365079365	12.2426545354
44	6	339.777777778	10.9710216341
45	6	346.253968254	11.8186941695
46	6	337.365079365	8.36527514002
47	6	341.523809524	10.8771745031
0	7	252.666666667	8.81196877269
1	7	251.746031746	8.86041357372
2	7	253.825396825	8.06233587511
3	7	255.380952381	9.65997892046
4	7	254.047619048	8.55872073854
5	7	252.571428571	7.80051745478
6	7	287.111111111	7.13834072381
7	7	-1	0
8	7	290.174603175	6.88577941673
9	7	286.571428571	6.70634451019
10	7	281.603174603	6.59615010981
11	7	287.095238095	5.98865139896
12	7	281.555555556	8.86365465808
13	7	291.380952381	53.5926518807
14	7	287.492063492	9.34331611685
15	7	287.603174603	7.12816831821
16	7	292.222222222	12.1791448659
17	7	292.047619048	11.2890290491
18	7	307.857142857	10.4438895978
19	7	308.126984127	11.5421822144
20	7	308.80952381	11.0523388933
21	7	308.619047619	10.7591652645
22	7	312.761904762	11.6369884907
23	7	308.952380952	11.2425334255
24	7	266.523809524	16.7140822128
25	7	257.73015873	11.7313937104
26	7	254.80952381	8.12375928081
27	7	260.158730159	12.0002729456
28	7	259.158730159	9.32177234529
29	7	262.333333333	10.2182531977
30	7	338.857142857	10.6247048779
31	7	318.46031746	91.1680508987
32	7	330.53968254	7.96385763752
33	7	334.492063492	11.9667170922
34	7	333.047619048	11.5585858577
35	7	339.047619048	10.2530345046
36	7	301.920634921	11.9871645472
37	7	295.111111111	9.95403900014
38	7	302.936507937	12.0170157348
39	7	303.714285714	14.7674336804
40	7	295.777777778	9.69772423712
41	7	300.904761905	13.1181617539
42	7	336.73015873	12.34324743
43	7	348.126984127	14.1707188193
44	7	338.825396825	13.4949016623
45	7	331.063492063	73.5826655346
46	7	337.603174603	10.6257245244
47	7	338.46031746	11.5687392089
0	8	254.380952381	9.29315940848
1	8	251.650793651	7.96452198699
2	8	254.365079365	10.8398172352
3	8	254.936507937	10.8465092269
4	8	253.317460317	7.61957670121
5	8	251.333333333	8.44214672165
6	8	286.761904762	7.29146987101
7	8	285.873015873	6.60805680318
8	8	-1	0
9	8	273.301587302	60.2920497854
10	8	280.666666667	35.016096072
11	8	273.333333333	60.063194234
12	8	280.714285714	8.22969569039
13	8	297.761904762	13.0283138376
14	8	285.73015873	9.60358125861
15	8	277.682539683	49.0175949611
16	8	290.46031746	35.5375166826
17	8	288.158730159	37.4874397375
18	8	293.888888889	65.6479574777
19	8	304.634920635	39.8127767588
20	8	303.285714286	39.6798411781
21	8	307.841269841	9.58703878542
22	8	305.73015873	39.9003545949
23	8	308.285714286	12.95343133
24	8	265.111111111	12.5015695664
25	8	257.492063492	8.95823291793
26	8	252.857142857	9.68693629038
27	8	257.873015873	8.5644004108
28	8	259.222222222	8.38260565704
29	8	254.540983607	47.6409294243
30	8	321.476190476	71.7984076277
31	8	347.523809524	17.4354657194
32	8	328.619047619	7.00437181265
33	8	321.857142857	58.0546696761
34	8	331.777777778	12.66972951
35	8	340.253968254	9.85927692054
36	8	304.936507937	16.8002957418
37	8	291.761904762	9.34474520993
38	8	306.571428571	17.194235178
39	8	307.904761905	16.1114316959
40	8	292.507936508	38.7289617301
41	8	301.666666667	13.932945996
42	8	341.746031746	14.7712378757
43	8	344.619047619	62.4284806218
44	8	335.174603175	42.9290813047
45	8	347.015873016	12.323022799
46	8	333.984126984	42.8735653426
47	8	341.619047619	10.9970105194
0	9	254.222222222	8.05426919122
1	9	250.777777778	8.55875017661
2	9	256.365079365	10.7309100892
3	9	253.301587302	8.39621025742
4	9	252.920634921	8.86638307334
5	9	255.26984127	10.2866940548
6	9	265.714285714	68.8076289078
7	9	283.492063492	36.1916736087
8	9	289.857142857	37.1568349767
9	9	-1	0
10	9	284.301587302	5.54529665039
11	9	286.619047619	5.75816486261
12	9	281.047619048	9.22630568284
13	9	296.761904762	14.4449851634
14	9	285.968253968	8.23844694481
15	9	288.333333333	8.85867882227
16	9	291.349206349	10.3420220462
17	9	291.841269841	9.51891408574
18	9	306.206349206	10.0366925719
19	9	307.095238095	12.6097899555
20	9	313.015873016	12.8736128098
21	9	309.222222222	11.2397317435
22	9	307.396825397	9.86824260667
23	9	307.666666667	10.6279057651
24	9	262.777777778	10.646475599
25	9	261.206349206	11.2322646519
26	9	254.428571429	7.52712404388
27	9	258.650793651	11.4948694286
28	9	258.587301587	8.70802388721
29	9	261.428571429	9.56965157634
30	9	335.365079365	9.05941864931
31	9	351.333333333	16.6714278914
32	9	330.142857143	7.18653313521
33	9	334.873015873	8.47497167386
34	9	334.063492063	11.1068018855
35	9	336.523809524	11.5591743854
36	9	303.396825397	14.327839127
37	9	293.904761905	11.3971791076
38	9	303.253968254	14.0282801149
39	9	301.73015873	13.6302725045
40	9	297.26984127	11.1799229761
41	9	300.444444444	12.5808846911
42	9	336.492063492	12.7377367304
43	9	347.047619048	13.9675685258
44	9	342.380952381	12.166084228
45	9	345.603174603	12.512266594
46	9	338.936507937	8.48691432675
47	9	340.53968254	10.2752984691
0	10	252.095238095	8.29747386633
1	10	250.158730159	7.88650917447
2	10	252.841269841	8.66338096912
3	10	255.53968254	9.14751314427
4	10	251.698412698	7.7615963843
5	10	254.412698413	7.82473676343
6	10	284.936507937	5.70678520091
7	10	286.634920635	6.62439356266
8	10	293.80952381	9.8333045082
9	10	287.333333333	7.13141941391
10	10	-1	0
11	10	286.777777778	6.64865291152
12	10	280.031746032	8.61333085281
13	10	293.793650794	11.713726489
14	10	279.841269841	36.6754129608
15	10	290.587301587	8.65133244281
16	10	294.396825397	12.3565286163
17	10	290.698412698	9.76491113856
18	10	306.380952381	13.5124029696
19	10	309.285714286	10.8297482294
20	10	311.507936508	12.8172416316
21	10	308.412698413	10.9987516184
22	10	309.873015873	11.6924776571
23	10	308.666666667	8.91227083456
24	10	262.746031746	11.644152772
25	10	257.142857143	9.46146259182
26	10	244.46031746	53.943187456
27	10	263.158730159	9.33198348947
28	10	258.746031746	9.39599417173
29	10	265.253968254	12.5634494479
30	10	336.650793651	10.7838190516
31	10	350.698412698	15.9827634544
32	10	328.317460317	6.5751465596
33	10	338.238095238	9.22507673769
34	10	333.857142857	11.8145150743
35	10	343.53968254	12.4375588336
36	10	303.26984127	16.0902280797
37	10	296.587301587	11.9730317608
38	10	305.0	16.1500896847
39	10	307.238095238	15.5346149949
40	10	298.0	11.5525026492
41	10	300.555555556	15.616208285
42	10	330.746031746	44.4522102059
43	10	333.380952381	73.2652126402
44	10	341.857142857	13.2747010164
45	10	324.095238095	82.4936196255
46	10	335.301587302	11.7657492164
47	10	340.984126984	10.20191713
0	11	257.095238095	10.3290533159
1	11	249.857142857	7.02570595867
2	11	256.412698413	10.9900892159
3	11	258.238095238	10.9322796904
4	11	254.73015873	9.67439157548
5	11	254.920634921	8.61025890012
6	11	287.603174603	7.69567943624
7	11	287.095238095	6.75821495572
8	11	293.412698413	10.2858122668
9	11	286.984126984	6.52587539221
10	11	287.079365079	8.05792833926
11	11	-1	0
12	11	280.603174603	8.2703134862
13	11	300.857142857	14.7075805342
14	11	285.73015873	8.77985853234
15	11	290.158730159	9.42170130764
16	11	290.26984127	8.13420438194
17	11	290.047619048	10.9362199607
18	11	306.507936508	9.89929132604
19	11	308.523809524	9.70167248363
20	11	305.920634921	40.4546783793
21	11	311.603174603	12.6460228801
22	11	306.079365079	10.2093974564
23	11	308.666666667	11.1283992488
24	11	264.301587302	12.1519936579
25	11	256.603174603	11.505057111
26	11	253.126984127	9.86494847249
27	11	259.349206349	11.3964053511
28	11	260.333333333	8.49089147824
29	11	261.80952381	11.8961873883
30	11	336.555555556	11.3526135412
31	11	347.031746032	15.1416258526
32	11	331.936507937	8.27862617211
33	11	338.380952381	11.0171994993
34	11	334.380952381	12.0415004226
35	11	339.19047619	9.51332756508
36	11	302.698412698	15.6607232096
37	11	293.238095238	12.3194442847
38	11	301.238095238	13.3971263037
39	11	298.984126984	37.9140599056
40	11	297.841269841	10.8132874598
41	11	298.507936508	13.2890610414
42	11	332.984126984	12.045538018
43	11	347.793650794	11.9524968902
44	11	338.301587302	10.628853991
45	11	342.619047619	10.7014738214
46	11	338.936507937	12.2654153294
47	11	340.063492063	10.4666864056
0	12	261.238095238	12.2690917449
1	12	253.333333333	8.1571859449
2	12	253.936507937	9.30586607259
3	12	253.777777778	10.228259087
4	12	253.206349206	8.53779409107
5	12	252.888888889	7.87423185694
6	12	287.206349206	7.92656520052
7	12	288.746031746	8.84248089509
8	12	294.031746032	8.67941965357
9	12	289.174603175	7.79609117064
10	12	285.603174603	8.04657017053
11	12	286.047619048	36.6824332212
12	12	-1	0
13	12	297.015873016	12.576738497
14	12	283.46031746	7.69214275847
15	12	286.984126984	7.56661855133
16	12	293.888888889	12.0608393073
17	12	288.698412698	7.04325619284
18	12	302.698412698	9.32079927194
19	12	303.507936508	10.4818407081
20	12	307.80952381	15.6973935182
21	12	307.015873016	14.5367537079
22	12	306.968253968	11.4031021315
23	12	303.634920635	8.28711293918
24	12	262.587301587	11.5698498716
25	12	252.015873016	9.71088746454
26	12	248.936507937	7.89388554993
27	12	254.53968254	8.64984704301
28	12	252.0	7.0845237095
29	12	256.365079365	10.3988729354
30	12	335.825396825	8.46194034287
31	12	354.984126984	16.4002439621
32	12	328.714285714	7.81822975828
33	12	333.777777778	8.55875017661
34	12	332.523809524	11.6956879082
35	12	337.317460317	10.2443563973
36	12	299.761904762	10.0328259415
37	12	293.507936508	8.97416577168
38	12	301.412698413	10.2533539548
39	12	302.920634921	12.6419578393
40	12	296.523809524	10.8464859979
41	12	296.666666667	9.38759735646
42	12	340.317460317	16.2254213601
43	12	352.333333333	14.9793508665
44	12	337.904761905	11.9159947006
45	12	343.761904762	11.5959958685
46	12	334.698412698	8.23780468644
47	12	344.571428571	12.2600322195
0	13	256.571428571	10.6558193144
1	13	253.380952381	9.01925378152
2	13	255.428571429	10.5450120394
3	13	257.26984127	9.32858101666
4	13	253.285714286	6.97257341628
5	13	254.174603175	9.78099823279
6	13	288.841269841	8.10683887115
7	13	288.238095238	9.19750533071
8	13	295.698412698	10.7032629955
9	13	288.53968254	7.19970324967
10	13	286.111111111	9.30968280896
11	13	287.761904762	9.1698510239
12	13	278.746031746	6.05521749041
13	13	-1	0
14	13	280.857142857	36.3011465746
15	13	276.015873016	61.2749442731
16	13	291.952380952	10.5370526457
17	13	281.888888889	50.1249584922
18	13	287.984126984	64.3222275298
19	13	305.428571429	11.0060795403
20	13	304.492063492	40.2562715279
21	13	296.984126984	54.4200278444
22	13	287.174603175	64.0450088963
23	13	288.111111111	64.5332721151
24	13	251.46031746	42.7505965416
25	13	250.428571429	33.6030583858
26	13	251.285714286	8.29692727867
27	13	249.285714286	31.0265777371
28	13	251.682539683	32.7979990664
29	13	234.063492063	68.691829189
30	13	331.285714286	42.7660407375
31	13	346.873015873	17.0456828436
32	13	328.873015873	7.0744163784
33	13	317.158730159	70.7820725104
34	13	334.031746032	12.3262119131
35	13	335.952380952	9.50092488635
36	13	296.412698413	10.5944503601
37	13	291.523809524	7.39123707423
38	13	298.952380952	10.1534708608
39	13	304.444444444	15.3537935727
40	13	296.222222222	10.3055609036
41	13	290.746031746	38.3591913838
42	13	336.238095238	14.1541561407
43	13	334.714285714	60.0730847402
44	13	326.015873016	71.4219503104
45	13	339.46031746	43.7949135978
46	13	330.174603175	42.5800980721
47	13	327.555555556	59.1685184895
0	14	258.238095238	11.5754451191
1	14	252.301587302	8.94894676898
2	14	240.603174603	53.2515860655
3	14	256.571428571	10.0675721537
4	14	252.888888889	9.19128488368
5	14	253.587301587	33.2850292487
6	14	285.095238095	35.9283741987
7	14	285.968253968	36.2788881079
8	14	293.650793651	9.21379009646
9	14	285.412698413	37.0570709233
10	14	288.825396825	7.75116925648
11	14	285.46031746	36.4808388048
12	14	278.714285714	9.03332203729
13	14	281.380952381	63.1665544845
14	14	-1	0
15	14	287.428571429	7.37372918449
16	14	293.555555556	8.76641820719
17	14	289.444444444	9.41255119133
18	14	305.206349206	9.97004836746
19	14	302.142857143	11.2092041869
20	14	308.80952381	11.5041154028
21	14	306.920634921	14.1525717976
22	14	306.46031746	12.8740237994
23	14	306.142857143	13.8459290251
24	14	261.396825397	13.0536617529
25	14	250.333333333	8.88908729937
26	14	250.841269841	7.63077800691
27	14	255.571428571	10.2658538418
28	14	252.746031746	7.10905582543
29	14	256.26984127	11.4769698302
30	14	336.301587302	9.98512372949
31	14	353.380952381	20.0684768772
32	14	328.222222222	7.51600291536
33	14	335.634920635	9.21920284971
34	14	335.634920635	13.9196122771
35	14	338.873015873	10.8181095428
36	14	304.238095238	14.2792048662
37	14	295.523809524	10.1775619104
38	14	304.476190476	11.7916531453
39	14	306.80952381	15.8853602793
40	14	294.412698413	11.6654896286
41	14	299.873015873	11.3270179372
42	14	337.396825397	13.2479883858
43	14	345.857142857	11.2530167283
44	14	339.666666667	9.92991312163
45	14	343.523809524	11.8225734352
46	14	337.904761905	10.6005604609
47	14	337.333333333	11.771636614
0	15	255.444444444	10.4437689751
1	15	249.80952381	8.28817697392
2	15	256.253968254	11.7324245508
3	15	252.349206349	8.69621105262
4	15	252.380952381	7.91107034564
5	15	256.825396825	10.8927523342
6	15	288.698412698	9.52629597172
7	15	290.285714286	8.82174184907
8	15	299.571428571	10.7978749904
9	15	288.571428571	7.77606071102
10	15	286.317460317	7.91186650831
11	15	290.714285714	8.53085635819
12	15	280.380952381	7.63124024418
13	15	292.682539683	11.4307096765
14	15	285.936507937	7.79473370422
15	15	-1	0
16	15	282.841269841	51.257583674
17	15	289.206349206	7.52173302
18	15	293.253968254	53.2758524334
19	15	301.174603175	10.4038144448
20	15	309.952380952	11.7533224906
21	15	308.253968254	11.6482415785
22	15	299.619047619	38.8331508565
23	15	300.063492063	39.1253066384
24	15	261.301587302	10.8812273477
25	15	251.619047619	6.24481644456
26	15	250.746031746	8.47773602222
27	15	254.26984127	8.89659529884
28	15	251.952380952	7.39890290329
29	15	259.904761905	8.89750149648
30	15	331.333333333	8.64282434731
31	15	345.650793651	12.8027263096
32	15	328.920634921	7.37068752
33	15	334.666666667	8.93006336741
34	15	333.655737705	11.2291851096
35	15	335.301587302	8.39431954688
36	15	301.523809524	11.6644312727
37	15	291.666666667	7.64074292075
38	15	301.476190476	10.4134484825
39	15	305.714285714	14.0378497103
40	15	296.619047619	10.9347684474
41	15	299.761904762	11.4222204576
42	15	336.396825397	11.2779313685
43	15	347.904761905	13.0490093107
44	15	342.396825397	11.7952636211
45	15	343.079365079	12.8227248513
46	15	336.349206349	7.88238689609
47	15	337.761904762	9.15425876381
0	16	257.746031746	12.018462324
1	16	250.555555556	9.08474698965
2	16	255.587301587	8.63480392078
3	16	254.063492063	9.45141799368
4	16	251.857142857	9.12672187339
5	16	253.095238095	9.61268058961
6	16	288.317460317	8.0234287822
7	16	288.206349206	8.67610974588
8	16	296.825396825	12.91060802
9	16	288.412698413	9.90692385847
10	16	287.873015873	8.25293033767
11	16	288.825396825	8.08396351503
12	16	277.80952381	5.40974177965
13	16	300.952380952	15.9128864336
14	16	283.396825397	7.90928665043
15	16	289.142857143	6.76324601051
16	16	-1	0
17	16	289.015873016	9.17638802872
18	16	301.682539683	11.4764429488
19	16	303.365079365	10.7693002636
20	16	306.174603175	11.7952636211
21	16	307.380952381	14.2443846596
22	16	308.80952381	13.5223003853
23	16	305.777777778	12.1465187964
24	16	261.619047619	14.3465371868
25	16	255.634920635	9.58057158931
26	16	244.015873016	45.0243292481
27	16	251.333333333	9.15648785514
28	16	254.26984127	7.25763166847
29	16	259.111111111	11.465768391
30	16	336.46031746	9.17177415602
31	16	348.46031746	14.1161006766
32	16	329.158730159	7.82995134532
33	16	335.920634921	9.84692617787
34	16	336.682539683	11.9161427082
35	16	339.984126984	10.8166421799
36	16	298.682539683	11.0809795522
37	16	291.19047619	10.0756773656
38	16	303.26984127	12.0438436479
39	16	305.571428571	13.3674732992
40	16	295.301587302	11.19613726
41	16	297.26984127	13.5015652816
42	16	340.80952381	14.4473396715
43	16	350.603174603	11.7223699897
44	16	338.523809524	10.1853569696
45	16	344.317460317	12.5468334041
46	16	337.317460317	9.31260520865
47	16	340.126984127	11.1390804435
0	17	258.603174603	11.5656026443
1	17	252.031746032	8.73956203539
2	17	254.507936508	9.40090001749
3	17	257.126984127	9.77605117718
4	17	253.888888889	8.16518181081
5	17	255.666666667	11.5428807166
6	17	286.047619048	8.54387104457
7	17	286.904761905	7.09955126173
8	17	298.682539683	13.2315464751
9	17	289.666666667	9.82384530151
10	17	286.777777778	9.46915534767
11	17	287.682539683	6.45823062118
12	17	279.142857143	8.07083155539
13	17	295.142857143	13.6740481145
14	17	284.222222222	7.05858577599
15	17	288.047619048	6.90853755555
16	17	293.587301587	10.1584821398
17	17	-1	0
18	17	305.079365079	9.3202315989
19	17	305.873015873	11.2961463628
20	17	307.317460317	12.9023504649
21	17	303.063492063	10.5753126951
22	17	305.73015873	11.5829737515
23	17	305.142857143	12.505055667
24	17	261.619047619	13.1129750011
25	17	253.634920635	7.63721379284
26	17	250.142857143	6.44108130244
27	17	255.142857143	8.42870594458
28	17	252.952380952	10.327077325
29	17	258.174603175	11.6149051511
30	17	335.158730159	9.28765411837
31	17	352.555555556	18.6970651952
32	17	328.571428571	7.16409540965
33	17	335.984126984	9.63705161968
34	17	333.587301587	12.8922702578
35	17	337.095238095	11.9903589389
36	17	300.095238095	12.9157394883
37	17	293.492063492	8.18995322558
38	17	298.523809524	11.2290116639
39	17	302.142857143	14.9186759943
40	17	295.666666667	8.74869604797
41	17	297.825396825	11.487107587
42	17	339.523809524	16.055318204
43	17	347.53968254	14.0167987614
44	17	341.095238095	11.0922742823
45	17	348.063492063	13.8184061928
46	17	338.158730159	9.31666257638
47	17	342.904761905	10.160168549
0	18	259.396825397	8.0090022416
1	18	255.920634921	8.9483555061
2	18	262.555555556	9.62433716997
3	18	259.714285714	9.21942148002
4	18	255.428571429	8.98979012717
5	18	257.047619048	6.73637029915
6	18	297.53968254	7.94989347403
7	18	300.492063492	6.73741746923
8	18	309.571428571	10.404080832
9	18	300.26984127	8.12248759536
10	18	300.555555556	9.05148900805
11	18	299.777777778	7.58955933732
12	18	282.53968254	9.72286683966
13	18	295.285714286	11.9793851651
14	18	287.46031746	11.1509489906
15	18	289.031746032	7.55502198996
16	18	294.079365079	10.1891657171
17	18	289.031746032	10.4668308358
18	18	-1	0
19	18	305.904761905	10.9569348711
20	18	291.412698413	64.8562843256
21	18	301.555555556	38.6189269239
22	18	304.682539683	13.100133765
23	18	302.53968254	10.8727493885
24	18	266.603174603	36.6768555898
25	18	258.968253968	9.36214643339
26	18	257.603174603	8.54964899036
27	18	260.714285714	9.1450890133
28	18	258.412698413	8.3126121821
29	18	262.285714286	10.2545825164
30	18	335.142857143	9.25967043683
31	18	349.095238095	15.9241398918
32	18	328.380952381	6.39054006071
33	18	334.253968254	9.56841406634
34	18	337.222222222	14.2142834986
35	18	337.412698413	10.2254505402
36	18	311.603174603	14.4667540951
37	18	301.238095238	10.3781123245
38	18	306.936507937	11.8199092413
39	18	306.459016393	42.9847757153
40	18	306.222222222	10.2777992278
41	18	314.682539683	15.7468317769
42	18	339.26984127	13.3811124282
43	18	339.984126984	62.0523312337
44	18	342.063492063	11.9428174813
45	18	343.698412698	10.8812273477
46	18	337.285714286	9.75481740398
47	18	339.301587302	9.73723816101
0	19	262.015873016	12.7048198122
1	19	259.079365079	11.2480002982
2	19	260.984126984	10.9130649289
3	19	259.063492063	10.7376699549
4	19	258.380952381	9.17800782656
5	19	258.666666667	10.4638455403
6	19	298.746031746	7.98802328483
7	19	298.698412698	7.46767620861
8	19	309.888888889	11.7919950129
9	19	297.666666667	8.28078671211
10	19	298.888888889	8.24450006399
11	19	301.587301587	7.68142455504
12	19	280.968253968	9.31284870057
13	19	297.396825397	12.7335822495
14	19	287.126984127	10.0198090523
15	19	287.111111111	7.06457990553
16	19	292.952380952	9.73690177807
17	19	292.412698413	10.9929774418
18	19	293.428571429	53.1245061335
19	19	-1	0
20	19	307.222222222	10.2096195605
21	19	306.095238095	9.80721193284
22	19	303.952380952	10.4265055575
23	19	302.952380952	9.72711571049
24	19	265.857142857	10.0725261138
25	19	257.317460317	9.74569566661
26	19	257.0	6.98751721468
27	19	261.777777778	10.5866709315
28	19	257.555555556	7.57979305698
29	19	246.508196721	56.1475290176
30	19	336.222222222	11.7897513261
31	19	350.015873016	12.9216098848
32	19	329.698412698	7.42290517857
33	19	333.238095238	10.8842602037
34	19	334.73015873	12.6518790238
35	19	342.142857143	12.8172219743
36	19	312.126984127	12.6860654257
37	19	301.523809524	10.5150793351
38	19	305.904761905	13.0088056694
39	19	311.079365079	13.9059215288
40	19	302.73015873	8.99771813966
41	19	306.825396825	11.0346347708
42	19	338.777777778	14.5268710452
43	19	348.968253968	13.2520956761
44	19	339.761904762	12.656279307
45	19	348.238095238	13.9883333313
46	19	335.587301587	8.88664937775
47	19	344.761904762	12.8874422521
0	20	261.904761905	10.287477803
1	20	255.587301587	9.79898750946
2	20	257.746031746	10.742244532
3	20	259.063492063	9.4379729729
4	20	260.0	10.5107654562
5	20	260.761904762	10.2131478998
6	20	297.238095238	7.64014934973
7	20	299.46031746	7.64868574005
8	20	304.698412698	9.56454252283
9	20	298.46031746	7.2938882805
10	20	296.428571429	7.79848232226
11	20	299.46031746	9.14751314427
12	20	280.857142857	9.50998997355
13	20	301.761904762	17.371491228
14	20	287.793650794	9.03636169614
15	20	288.555555556	8.80796497005
16	20	296.619047619	12.9423981137
17	20	289.825396825	9.22993694202
18	20	303.571428571	10.3750529327
19	20	303.412698413	11.2414128365
20	20	-1	0
21	20	305.26984127	11.2492770127
22	20	306.444444444	9.58798483847
23	20	304.507936508	9.48494716517
24	20	267.142857143	13.2207834732
25	20	261.063492063	10.5271727251
26	20	258.396825397	7.61481363838
27	20	258.984126984	8.65107033197
28	20	260.619047619	7.88896873263
29	20	261.095238095	10.3582101256
30	20	332.634920635	9.10137193095
31	20	353.349206349	13.2917909147
32	20	329.746031746	7.2811307642
33	20	335.555555556	8.06083570794
34	20	331.095238095	10.8052225552
35	20	342.920634921	11.2169112509
36	20	309.142857143	12.6150038444
37	20	300.476190476	9.09885243568
38	20	309.682539683	15.0066920488
39	20	308.238095238	12.1154686454
40	20	300.619047619	9.33746264339
41	20	307.095238095	9.8540367777
42	20	340.031746032	13.9306311506
43	20	347.904761905	16.0670364369
44	20	337.53968254	11.5026917441
45	20	341.777777778	10.7000140104
46	20	335.301587302	8.99671001707
47	20	338.682539683	10.401198644
0	21	263.126984127	10.5175470366
1	21	259.714285714	11.1047374009
2	21	258.571428571	9.53475561437
3	21	260.53968254	10.842048358
4	21	258.53968254	9.94879811968
5	21	259.222222222	9.30172273589
6	21	298.984126984	8.62718491027
7	21	300.80952381	7.62797096501
8	21	310.126984127	11.8301364743
9	21	301.492063492	9.07617326514
10	21	295.285714286	6.9543376242
11	21	299.476190476	8.89418776301
12	21	283.571428571	10.5224088704
13	21	304.634920635	19.1992903203
14	21	283.428571429	9.12473402215
15	21	286.444444444	9.70481434736
16	21	297.063492063	12.4171834547
17	21	292.365079365	9.40668723176
18	21	304.952380952	12.3910215465
19	21	305.777777778	11.7492916969
20	21	305.968253968	10.7289376595
21	21	-1	0
22	21	304.396825397	9.27967514918
23	21	303.412698413	10.1334506895
24	21	271.73015873	12.1278982453
25	21	259.365079365	9.41849175285
26	21	256.333333333	8.40823481466
27	21	260.317460317	9.57646817759
28	21	260.19047619	10.4134484825
29	21	260.079365079	8.98376240216
30	21	333.619047619	8.72403825859
31	21	345.603174603	14.8094132254
32	21	328.888888889	7.50049968941
33	21	332.507936508	7.50634232547
34	21	334.238095238	10.4299846835
35	21	336.952380952	12.196055271
36	21	308.492063492	11.8413762283
37	21	300.492063492	9.5533140861
38	21	308.492063492	12.3054678979
39	21	310.603174603	13.6690354307
40	21	307.507936508	11.9653905884
41	21	309.0	11.5139666741
42	21	341.603174603	16.2593462085
43	21	348.698412698	13.2397128927
44	21	343.19047619	9.65410866206
45	21	343.80952381	12.7052759231
46	21	338.777777778	10.9115410642
47	21	339.142857143	11.1467229761
0	22	261.904761905	11.4942556885
1	22	254.142857143	7.19977323906
2	22	258.825396825	8.4806777255
3	22	259.46031746	9.75709005024
4	22	257.698412698	9.73234652635
5	22	260.587301587	8.85623252988
6	22	297.666666667	7.46207341712
7	22	298.095238095	7.80661966908
8	22	308.587301587	9.32420458437
9	22	300.142857143	8.73936023022
10	22	297.650793651	7.84807878655
11	22	298.555555556	7.63612504113
12	22	281.206349206	7.96850692067
13	22	301.80952381	18.4999846785
14	22	283.936507937	8.71938729439
15	22	289.507936508	8.02945572465
16	22	297.301587302	12.6737260036
17	22	294.777777778	12.3653951913
18	22	302.619047619	9.80513077777
19	22	305.015873016	10.7843096835
20	22	308.555555556	10.6156185889
21	22	303.492063492	9.11108345773
22	22	-1	0
23	22	301.555555556	8.97222836503
24	22	268.26984127	13.3822986011
25	22	259.111111111	9.45517597582
26	22	256.158730159	8.21188907603
27	22	259.301587302	8.13113733163
28	22	258.841269841	9.12906808507
29	22	264.936507937	13.6217298576
30	22	335.111111111	9.89004808615
31	22	351.158730159	17.3801623362
32	22	327.904761905	5.75619551858
33	22	334.142857143	9.94725317889
34	22	332.444444444	9.97421720329
35	22	339.174603175	11.8663719634
36	22	309.412698413	12.9536841859
37	22	302.015873016	11.1518979287
38	22	309.142857143	10.2830684428
39	22	311.0	14.0757587407
40	22	300.873015873	7.86087773986
41	22	308.285714286	12.8265951035
42	22	334.428571429	11.4790551651
43	22	347.333333333	13.4211394497
44	22	345.206349206	11.0023932897
45	22	345.349206349	14.6017597658
46	22	339.349206349	8.60077281533
47	22	339.253968254	10.1433663583
0	23	264.80952381	14.0292858577
1	23	258.873015873	8.93271508787
2	23	259.698412698	9.66853006775
3	23	261.952380952	10.1753336538
4	23	256.158730159	7.40057129757
5	23	258.746031746	9.5135129525
6	23	296.492063492	6.74683468611
7	23	302.698412698	7.71030010046
8	23	309.349206349	10.85862795
9	23	300.015873016	7.72029291222
10	23	299.206349206	8.95519487466
11	23	299.428571429	6.98459594385
12	23	282.825396825	9.10004305334
13	23	296.126984127	14.0616466595
14	23	283.777777778	8.3217909482
15	23	290.714285714	9.96410792354
16	23	294.380952381	11.9062856168
17	23	291.349206349	10.2216060151
18	23	304.428571429	9.81530111889
19	23	305.095238095	10.513353996
20	23	309.095238095	11.9173267026
21	23	305.793650794	11.5458488798
22	23	303.507936508	12.2044397541
23	23	-1	0
24	23	270.476190476	15.872365066
25	23	258.442622951	9.53255782536
26	23	244.193548387	55.6196294862
27	23	249.571428571	42.8069547404
28	23	257.571428571	9.72431788233
29	23	261.444444444	9.34824960745
30	23	338.031746032	11.3710412668
31	23	347.047619048	16.5648591248
32	23	324.841269841	41.3022949319
33	23	336.111111111	7.94646993826
34	23	331.015873016	10.2314362496
35	23	340.031746032	13.6090169151
36	23	310.095238095	15.3599296106
37	23	294.634920635	38.741840549
38	23	310.031746032	11.4267414761
39	23	299.523809524	55.9401202372
40	23	293.079365079	52.7847686025
41	23	313.698412698	14.4328053578
42	23	340.790322581	12.3146085511
43	23	347.825396825	14.3256232669
44	23	341.682539683	10.185307496
45	23	333.047619048	74.0622707905
46	23	339.174603175	9.735452611
47	23	340.492063492	12.3144939973
0	24	257.793650794	13.3513672448
1	24	255.825396825	10.7297830309
2	24	255.396825397	10.1160562027
3	24	249.349206349	31.789565389
4	24	252.396825397	9.18684304644
5	24	244.0	54.2680004516
6	24	279.761904762	35.8585024722
7	24	287.841269841	6.71224029785
8	24	290.698412698	52.5917595454
9	24	286.571428571	6.89999835683
10	24	282.793650794	35.520241817
11	24	286.301587302	7.15505131954
12	24	279.682539683	8.2111526883
13	24	296.26984127	13.5929560998
14	24	284.238095238	8.26488899034
15	24	287.888888889	9.58191270814
16	24	296.238095238	10.5495268618
17	24	291.920634921	8.55477512122
18	24	299.19047619	39.3260110791
19	24	304.126984127	10.3701220141
20	24	305.126984127	11.4066147107
21	24	307.222222222	12.6784962861
22	24	304.746031746	11.3808084824
23	24	295.650793651	37.7637428911
24	24	-1	0
25	24	255.619047619	9.94337710737
26	24	249.365079365	9.40837449871
27	24	253.80952381	11.4806353771
28	24	254.26984127	6.99933409351
29	24	260.492063492	12.646441266
30	24	333.444444444	8.61666487571
31	24	349.777777778	15.2559584451
32	24	330.428571429	7.08612390009
33	24	335.555555556	10.6469725599
34	24	332.285714286	9.158963987
35	24	341.111111111	10.4655308924
36	24	300.349206349	12.5282648441
37	24	292.920634921	10.6834712677
38	24	301.396825397	13.2731255904
39	24	280.968253968	71.8640622052
40	24	293.53968254	6.85872262814
41	24	301.349206349	12.4825703628
42	24	340.655737705	14.1582221329
43	24	337.0	76.059917901
44	24	334.095238095	42.4289188164
45	24	340.682539683	45.1181255228
46	24	336.015873016	10.37165255
47	24	344.158730159	11.160028374
0	25	257.301587302	11.2738423481
1	25	253.920634921	10.957785646
2	25	253.682539683	9.25618694305
3	25	256.888888889	12.7952261821
4	25	255.523809524	8.89597223441
5	25	255.142857143	10.020387381
6	25	284.80952381	7.77431085673
7	25	286.746031746	7.32893429523
8	25	294.984126984	9.1521392477
9	25	284.587301587	6.76976218343
10	25	285.253968254	8.94776420414
11	25	288.317460317	7.39331615101
12	25	281.301587302	8.06252337639
13	25	294.380952381	39.8383354386
14	25	283.73015873	8.17508089219
15	25	283.571428571	35.309387342
16	25	291.793650794	10.2060653149
17	25	291.761904762	10.1507905482
18	25	304.841269841	11.7124358672
19	25	306.047619048	9.87128040685
20	25	294.412698413	53.2823074124
21	25	302.634920635	38.9298520897
22	25	306.19047619	9.07089737227
23	25	304.507936508	11.6766936719
24	25	260.841269841	11.0096730185
25	25	-1	0
26	25	252.761904762	7.38018429183
27	25	253.492063492	8.78829130127
28	25	252.777777778	7.19003818001
29	25	259.523809524	9.62446806258
30	25	335.317460317	9.65241214499
31	25	347.015873016	14.1651170732
32	25	329.238095238	6.89539594663
33	25	337.444444444	10.1258396129
34	25	333.079365079	10.8690642802
35	25	340.698412698	13.7351766223
36	25	301.619047619	13.9811989079
37	25	292.841269841	10.0146025909
38	25	300.952380952	12.1268802455
39	25	305.746031746	15.6600474912
40	25	296.873015873	9.51271840955
41	25	300.984126984	13.6201205779
42	25	339.492063492	12.6527153945
43	25	346.476190476	15.8403314288
44	25	342.46031746	11.9759353902
45	25	346.444444444	11.6711253763
46	25	340.317460317	12.0762463905
47	25	341.19047619	10.4878722748
0	26	253.73015873	9.23624047273
1	26	252.26984127	8.06955152902
2	26	253.904761905	8.41147041052
3	26	252.365079365	9.49904186865
4	26	252.285714286	9.49758293634
5	26	255.698412698	10.3504235334
6	26	286.428571429	7.15522738364
7	26	288.746031746	8.00192090821
8	26	297.603174603	11.3326886127
9	26	286.253968254	5.5776431672
10	26	283.174603175	5.96960471037
11	26	287.19047619	8.13157112615
12	26	282.222222222	8.4767552276
13	26	295.53968254	13.3462144884
14	26	284.888888889	7.68240849947
15	26	287.555555556	8.31861133439
16	26	295.142857143	12.2057196362
17	26	290.619047619	9.2434937589
18	26	306.634920635	12.2257879771
19	26	302.555555556	12.4884426289
20	26	305.920634921	11.8593631716
21	26	304.206349206	10.9633715272
22	26	306.904761905	11.8304346359
23	26	308.031746032	13.7205306181
24	26	259.746031746	12.9981296017
25	26	252.476190476	9.32798680683
26	26	-1	0
27	26	253.079365079	33.2285503495
28	26	253.603174603	7.98915869091
29	26	242.841269841	55.4354211299
30	26	323.523809524	58.4313074223
31	26	345.444444444	46.7423800013
32	26	328.428571429	6.74881361876
33	26	313.825396825	81.0738522196
34	26	331.746031746	11.644152772
35	26	338.349206349	9.09414381627
36	26	299.888888889	12.2346257409
37	26	293.571428571	7.99347806715
38	26	301.761904762	11.6696789114
39	26	306.0	11.9682118647
40	26	284.666666667	51.833677843
41	26	298.238095238	13.9326204941
42	26	340.887096774	15.3455939234
43	26	331.476190476	74.3692753471
44	26	339.80952381	44.5577410811
45	26	345.603174603	12.8019587818
46	26	322.746031746	71.6399658464
47	26	320.952380952	83.5863641517
0	27	256.428571429	10.1131915828
1	27	253.206349206	9.77226189501
2	27	253.365079365	33.3187118347
3	27	254.53968254	9.15271734622
4	27	254.650793651	10.8117495319
5	27	252.0	32.6545166909
6	27	278.793650794	50.6497962923
7	27	282.380952381	36.0574623285
8	27	295.492063492	10.2009539172
9	27	286.253968254	7.22203034805
10	27	282.047619048	36.4079306603
11	27	290.873015873	8.11131301585
12	27	279.063492063	7.09990613815
13	27	304.158730159	16.1404611854
14	27	277.825396825	50.4489494227
15	27	272.285714286	59.859472622
16	27	283.031746032	50.3057219296
17	27	287.682539683	37.3102928038
18	27	305.111111111	14.1141728962
19	27	295.158730159	53.957716058
20	27	299.222222222	54.2169201155
21	27	294.73015873	53.7451973046
22	27	295.317460317	53.5655140768
23	27	295.603174603	52.6200938391
24	27	261.951612903	9.46032022126
25	27	249.619047619	32.5866018682
26	27	250.015873016	8.27214116634
27	27	-1	0
28	27	254.126984127	8.71505186443
29	27	259.095238095	10.4193261911
30	27	335.777777778	9.62543661256
31	27	349.682539683	15.3176165795
32	27	329.412698413	6.47004065303
33	27	333.476190476	8.08065914107
34	27	331.714285714	13.0230913008
35	27	336.968253968	11.462801472
36	27	302.333333333	13.0663751182
37	27	292.428571429	9.22163481997
38	27	301.698412698	13.0221239345
39	27	300.857142857	10.1884733234
40	27	295.492063492	10.1385215664
41	27	301.063492063	13.8161086289
42	27	340.587301587	14.5946662584
43	27	349.603174603	12.6497878551
44	27	342.349206349	10.44282807
45	27	347.555555556	12.0459145123
46	27	340.015873016	10.5687350589
47	27	339.73015873	12.8954358226
0	28	258.26984127	10.0699243376
1	28	255.984126984	9.43901404505
2	28	255.587301587	9.13155165214
3	28	254.047619048	8.95567315352
4	28	257.571428571	10.8915494922
5	28	255.634920635	9.11357192585
6	28	287.206349206	6.95828552629
7	28	288.015873016	8.28939284638
8	28	297.634920635	10.2481923877
9	28	290.841269841	7.39413398818
10	28	286.333333333	6.77061812845
11	28	288.587301587	6.20198360648
12	28	280.904761905	8.71363515656
13	28	300.476190476	16.8869792452
14	28	287.80952381	8.58728691722
15	28	289.095238095	8.66797478354
16	28	295.857142857	12.4516297688
17	28	288.396825397	9.51613447355
18	28	302.492063492	11.1239381742
19	28	304.412698413	11.8544545517
20	28	310.285714286	10.8370741841
21	28	302.095238095	11.3818489386
22	28	307.095238095	12.6800859815
23	28	306.714285714	13.2010444169
24	28	263.111111111	12.8162980455
25	28	253.46031746	10.007656429
26	28	251.46031746	8.40979284954
27	28	252.444444444	8.80255694775
28	28	-1	0
29	28	252.952380952	9.22114301256
30	28	333.412698413	8.68977673492
31	28	352.841269841	16.1148717169
32	28	329.253968254	6.51486274866
33	28	335.761904762	9.38880502854
34	28	332.238095238	9.7617886172
35	28	335.984126984	8.82365518957
36	28	301.047619048	10.7871595794
37	28	293.80952381	9.08663267795
38	28	299.111111111	12.4506787105
39	28	290.412698413	64.8078074173
40	28	296.873015873	12.1046915521
41	28	299.095238095	10.9670708939
42	28	340.253968254	15.2210883931
43	28	345.873015873	13.6445722257
44	28	342.222222222	13.5182938301
45	28	345.015873016	12.4575368447
46	28	335.158730159	10.1014007346
47	28	340.841269841	12.6280191728
0	29	255.206349206	9.60845978137
1	29	251.412698413	8.87055933283
2	29	253.73015873	10.0130174784
3	29	256.0	10.8203218566
4	29	254.507936508	10.3262233848
5	29	254.476190476	7.46602280995
6	29	284.777777778	6.20405511127
7	29	290.111111111	8.02003663672
8	29	294.904761905	9.32944525429
9	29	287.253968254	5.88505843849
10	29	284.968253968	7.10458884564
11	29	287.126984127	7.53929823582
12	29	278.904761905	8.57777542796
13	29	295.793650794	11.9125900189
14	29	285.507936508	7.68398254849
15	29	284.761904762	6.39621486708
16	29	295.53968254	11.7105642129
17	29	290.26984127	8.86621257199
18	29	300.412698413	8.60718585103
19	29	303.428571429	10.5825767044
20	29	307.619047619	11.043102525
21	29	305.873015873	10.1112730794
22	29	303.444444444	10.5676622301
23	29	302.619047619	9.71241812113
24	29	259.523809524	10.0835511867
25	29	250.825396825	7.69361657178
26	29	249.158730159	6.53490347801
27	29	254.587301587	7.98537337616
28	29	251.634920635	8.14219187233
29	29	-1	0
30	29	333.888888889	11.0225038366
31	29	350.841269841	18.5482693748
32	29	329.126984127	5.92678092849
33	29	337.53968254	9.05858427711
34	29	326.365079365	43.4325975113
35	29	333.603174603	10.9812823181
36	29	302.714285714	12.7695428458
37	29	289.984126984	10.334857128
38	29	297.26984127	10.4868872759
39	29	296.079365079	39.0011402305
40	29	290.507936508	36.445598953
41	29	298.603174603	10.6823392042
42	29	343.015873016	15.8449752323
43	29	325.634920635	84.1478859928
44	29	330.095238095	58.6473762348
45	29	328.317460317	72.5056813093
46	29	335.015873016	8.92026774367
47	29	332.619047619	60.4350441203
0	30	260.19047619	11.2021216002
1	30	257.587301587	10.7742121881
2	30	260.920634921	10.0905449808
3	30	262.079365079	10.221827854
4	30	254.285714286	32.8181272844
5	30	262.73015873	10.0651943881
6	30	287.396825397	8.43563808623
7	30	282.920634921	36.1277721899
8	30	298.365079365	10.8602984368
9	30	288.920634921	7.67866883987
10	30	286.698412698	6.4798464626
11	30	292.301587302	9.49458479016
12	30	282.555555556	7.89168293915
13	30	289.507936508	53.6682558226
14	30	285.285714286	7.80807187432
15	30	287.634920635	7.17646414971
16	30	297.253968254	10.4728951046
17	30	288.841269841	7.79337600136
18	30	308.634920635	11.6350613907
19	30	309.619047619	10.0070270095
20	30	306.047619048	55.6931583873
21	30	314.222222222	10.8634299071
22	30	312.126984127	12.5615842489
23	30	308.031746032	9.71820130651
24	30	260.111111111	35.2078234051
25	30	256.587301587	8.977281592
26	30	246.285714286	43.1484806595
27	30	257.841269841	8.03999200269
28	30	253.349206349	32.7201499638
29	30	259.0	9.83837643078
30	30	-1	0
31	30	349.174603175	15.3545812227
32	30	329.0	6.64997911442
33	30	333.444444444	7.89369404295
34	30	335.904761905	10.6229973436
35	30	338.984126984	13.2083331843
36	30	308.253968254	13.3843882689
37	30	304.063492063	10.5135936434
38	30	307.380952381	11.2439452086
39	30	310.650793651	13.42723923
40	30	301.19047619	9.98388724571
41	30	306.619047619	10.9594180291
42	30	347.920634921	11.7855192117
43	30	359.063492063	18.600966877
44	30	356.634920635	13.6024059348
45	30	353.126984127	9.72885099578
46	30	350.507936508	11.1595542607
47	30	354.587301587	11.7846212951
0	31	263.666666667	11.5662343819
1	31	255.444444444	11.170792099
2	31	261.952380952	9.47918115047
3	31	261.984126984	10.4205110064
4	31	258.984126984	10.6316270664
5	31	260.650793651	8.9534222067
6	31	285.650793651	6.93085745665
7	31	285.80952381	6.3940874049
8	31	299.920634921	13.642023761
9	31	286.873015873	6.21184752185
10	31	285.984126984	7.94123668649
11	31	288.095238095	7.9875186081
12	31	280.746031746	7.93419013774
13	31	294.095238095	11.6819142345
14	31	283.968253968	7.76841029675
15	31	287.920634921	9.75786469502
16	31	291.285714286	10.3039960986
17	31	293.634920635	9.51740525414
18	31	307.380952381	11.0947271495
19	31	312.587301587	12.0417724275
20	31	310.063492063	10.928153558
21	31	315.253968254	12.4070745998
22	31	314.142857143	11.5893453297
23	31	313.873015873	10.8195767066
24	31	264.412698413	12.0602125868
25	31	259.53968254	10.5376504065
26	31	254.888888889	6.21853632325
27	31	258.174603175	9.53446493873
28	31	259.793650794	9.35059412451
29	31	261.079365079	8.89319623529
30	31	331.841269841	6.71224029785
31	31	-1	0
32	31	327.142857143	5.03277241547
33	31	332.349206349	6.79906326452
34	31	332.111111111	12.8854675262
35	31	338.761904762	12.6688147122
36	31	306.761904762	11.3595135791
37	31	297.904761905	8.99685004085
38	31	306.031746032	10.0947389315
39	31	315.129032258	15.7085182059
40	31	304.396825397	9.75662523384
41	31	303.746031746	13.3725236592
42	31	336.507936508	61.0872062089
43	31	354.984126984	12.5388185356
44	31	352.301587302	13.6819135864
45	31	347.53968254	62.7650760734
46	31	348.174603175	9.64865264472
47	31	351.333333333	9.73131094449
0	32	262.888888889	12.4774222907
1	32	256.53968254	7.71069221941
2	32	259.619047619	9.53261497698
3	32	259.396825397	9.13833662496
4	32	260.380952381	8.85048392799
5	32	259.761904762	10.8594400243
6	32	286.238095238	6.85151885771
7	32	287.666666667	5.95752158973
8	32	285.126984127	52.0721392354
9	32	288.26984127	7.85626097344
10	32	284.984126984	6.984090909
11	32	288.761904762	8.81145409998
12	32	280.571428571	6.5409923176
13	32	301.952380952	17.6728907019
14	32	283.714285714	8.53271681446
15	32	286.777777778	7.69754536106
16	32	295.238095238	10.869666962
17	32	288.619047619	8.61602156824
18	32	305.857142857	9.01472717959
19	32	309.619047619	9.75156246565
20	32	307.158730159	40.0995611539
21	32	311.047619048	10.2095948825
22	32	309.253968254	12.3365095704
23	32	310.380952381	12.3499612125
24	32	261.476190476	11.7336270835
25	32	257.301587302	7.84499622272
26	32	252.095238095	7.23245394197
27	32	258.349206349	8.17692985844
28	32	257.857142857	6.3866357064
29	32	258.873015873	33.5073988813
30	32	332.952380952	7.35802891875
31	32	333.428571429	61.2957219786
32	32	-1	0
33	32	333.142857143	10.8142427292
34	32	331.73015873	8.73090905866
35	32	338.904761905	12.0154850957
36	32	306.015873016	10.9217884219
37	32	301.73015873	9.48215759589
38	32	310.53968254	13.2758587404
39	32	295.412698413	67.1238218355
40	32	301.80952381	9.37551207974
41	32	306.53968254	11.8506920256
42	32	353.016129032	14.3183752181
43	32	360.047619048	15.4636579293
44	32	353.317460317	12.2808734977
45	32	350.634920635	46.0418379742
46	32	350.301587302	9.22838086305
47	32	353.063492063	12.4095112216
0	33	266.412698413	14.6381052211
1	33	258.920634921	10.3606422356
2	33	261.238095238	10.2581199517
3	33	263.365079365	9.87911310733
4	33	262.253968254	9.25814656958
5	33	258.619047619	7.71604918115
6	33	283.698412698	6.86522157849
7	33	286.571428571	5.71745943612
8	33	296.158730159	10.6625086378
9	33	287.841269841	7.89455578775
10	33	285.904761905	6.91837738044
11	33	288.714285714	6.55968585056
12	33	280.873015873	7.64591822528
13	33	300.619047619	14.9128990415
14	33	283.936507937	7.26564653362
15	33	285.428571429	7.25436767335
16	33	291.968253968	10.140236142
17	33	291.380952381	8.65095383571
18	33	309.666666667	12.6139252856
19	33	309.349206349	8.92856790123
20	33	312.253968254	8.90865150034
21	33	307.619047619	8.98221977625
22	33	313.206349206	10.8615511333
23	33	308.777777778	9.62378740157
24	33	263.365079365	10.605930637
25	33	259.26984127	8.9570515791
26	33	254.857142857	6.66870717072
27	33	262.476190476	8.49062441448
28	33	256.523809524	7.79266472927
29	33	264.285714286	12.9656794476
30	33	332.476190476	7.78043362495
31	33	349.80952381	18.8745710708
32	33	328.507936508	6.15377807781
33	33	-1	0
34	33	334.666666667	10.3264185774
35	33	337.650793651	9.26190136152
36	33	306.571428571	8.86533159608
37	33	299.047619048	12.147804781
38	33	308.015873016	11.1902622967
39	33	310.301587302	11.3566076433
40	33	302.80952381	11.1652197255
41	33	306.063492063	13.0175376404
42	33	352.19047619	12.9747705645
43	33	362.428571429	13.2230129911
44	33	353.682539683	11.9759353902
45	33	358.317460317	15.5275744453
46	33	350.666666667	11.8937091549
47	33	354.682539683	12.4184008336
0	34	261.238095238	9.89743318611
1	34	258.507936508	9.45813333688
2	34	261.365079365	9.2655730552
3	34	261.015873016	8.45058852744
4	34	258.682539683	8.6754998883
5	34	259.936507937	9.25455360397
6	34	288.317460317	7.89781041954
7	34	288.380952381	7.29520079563
8	34	297.444444444	10.4589564835
9	34	288.444444444	7.71059419154
10	34	286.031746032	7.0462604153
11	34	290.349206349	7.49001182562
12	34	281.285714286	6.78099250924
13	34	293.80952381	11.6929732567
14	34	283.111111111	8.84812079611
15	34	287.476190476	8.25170909254
16	34	290.634920635	9.2655730552
17	34	291.682539683	7.30693386031
18	34	312.80952381	13.9703281288
19	34	308.888888889	10.5771708509
20	34	316.238095238	12.914510463
21	34	313.761904762	11.370686743
22	34	312.571428571	11.7293747187
23	34	310.603174603	9.8101659008
24	34	263.920634921	11.3701106182
25	34	257.777777778	8.99813815741
26	34	256.222222222	8.3084283931
27	34	261.666666667	9.00969495458
28	34	255.206349206	9.23100147649
29	34	262.587301587	10.3580885051
30	34	333.253968254	7.56551964029
31	34	347.444444444	15.3341384652
32	34	328.571428571	6.05979277165
33	34	333.968253968	6.81959886631
34	34	-1	0
35	34	341.095238095	11.0521337245
36	34	308.063492063	12.2537626432
37	34	299.952380952	9.23490371969
38	34	307.46031746	11.7105642129
39	34	318.888888889	19.2305239436
40	34	299.015873016	39.8355715902
41	34	307.111111111	13.2366867661
42	34	350.650793651	11.4810523412
43	34	364.841269841	15.1124949346
44	34	330.19047619	83.0471002605
45	34	354.777777778	11.9634953278
46	34	349.507936508	11.6794121072
47	34	347.888888889	44.954690103
0	35	253.047619048	46.3798767842
1	35	263.53968254	13.3247894016
2	35	257.682539683	33.8126610065
3	35	257.444444444	33.8492351923
4	35	260.53968254	9.61781646477
5	35	260.793650794	11.5320928732
6	35	277.53968254	50.1470299796
7	35	277.333333333	49.9221616341
8	35	297.952380952	11.4745108433
9	35	277.555555556	50.204274079
10	35	285.047619048	7.11231565762
11	35	282.857142857	36.1332881492
12	35	279.968253968	6.79861856642
13	35	286.222222222	51.4088635568
14	35	274.492063492	49.9431019168
15	35	282.507936508	36.2967806591
16	35	290.698412698	38.6788301561
17	35	271.380952381	70.1072712239
18	35	267.206349206	100.574407223
19	35	301.015873016	54.6975789672
20	35	312.126984127	9.10693449981
21	35	306.126984127	55.1884195535
22	35	285.904761905	83.0774575055
23	35	287.26984127	82.062346865
24	35	266.746031746	12.4057951819
25	35	260.403225806	10.0104134126
26	35	254.380952381	6.86936741023
27	35	254.53968254	33.4041273929
28	35	245.26984127	53.053493923
29	35	230.967741935	82.0389301258
30	35	325.158730159	58.8158833826
31	35	349.206349206	17.0881549341
32	35	328.063492063	5.97314895515
33	35	323.523809524	58.5290206522
34	35	331.206349206	10.566732357
35	35	-1	0
36	35	307.0	11.3710855815
37	35	301.555555556	8.97045906308
38	35	308.46031746	11.4612188011
39	35	307.015873016	12.1400453223
40	35	300.126984127	7.68732633252
41	35	306.634920635	10.8324931356
42	35	350.209677419	46.6991528198
43	35	340.396825397	75.6219796054
44	35	352.333333333	11.5098301671
45	35	349.253968254	63.9352272062
46	35	348.063492063	10.7110283114
47	35	352.968253968	11.4447856762
0	36	252.936507937	9.24253970435
1	36	249.80952381	8.72845582237
2	36	253.873015873	9.82948603267
3	36	257.682539683	11.6412313166
4	36	253.444444444	8.51847250965
5	36	252.047619048	7.09667610867
6	36	287.80952381	6.57522319703
7	36	287.793650794	6.87567308142
8	36	294.904761905	10.2410848348
9	36	288.317460317	7.02563423522
10	36	283.46031746	6.54611334299
11	36	288.904761905	6.93899559475
12	36	280.031746032	6.49534205257
13	36	297.444444444	12.8492823316
14	36	285.174603175	9.32574467436
15	36	287.111111111	8.35352052219
16	36	294.19047619	11.7227998482
17	36	291.761904762	9.40063200461
18	36	306.571428571	10.9380859092
19	36	312.952380952	12.7807252836
20	36	295.095238095	63.9508030866
21	36	310.206349206	9.52716871975
22	36	311.253968254	10.4258047597
23	36	307.761904762	9.53142552625
24	36	260.492063492	14.467119826
25	36	255.984126984	8.30851936744
26	36	250.968253968	9.98247393386
27	36	253.857142857	9.30924978284
28	36	252.380952381	8.01274494993
29	36	258.476190476	8.86916746483
30	36	334.841269841	11.7015890241
31	36	356.412698413	19.658702924
32	36	330.174603175	8.02088480758
33	36	335.761904762	10.8900920248
34	36	336.222222222	13.5850576696
35	36	338.333333333	10.9544511501
36	36	-1	0
37	36	292.285714286	8.92904760635
38	36	299.079365079	10.6089234487
39	36	298.984126984	12.0376289174
40	36	295.174603175	9.04229863061
41	36	296.984126984	8.16008882517
42	36	338.301587302	11.5410033959
43	36	347.26984127	12.3727893317
44	36	341.523809524	11.7457957934
45	36	344.095238095	14.1631248073
46	36	337.714285714	9.50259542061
47	36	339.238095238	8.6183898723
0	37	254.936507937	10.2118403358
1	37	247.492063492	7.29181540719
2	37	255.349206349	6.86643256688
3	37	255.412698413	9.78115278796
4	37	252.523809524	8.93691673485
5	37	252.015873016	9.84884501083
6	37	286.492063492	7.22841179042
7	37	286.650793651	6.44182447329
8	37	295.063492063	10.0172438878
9	37	286.666666667	7.23527513984
10	37	285.46031746	7.14215164064
11	37	287.492063492	6.59695219641
12	37	282.793650794	8.8750742991
13	37	297.238095238	12.8652531739
14	37	285.476190476	8.47565541382
15	37	288.396825397	8.40169990838
16	37	294.888888889	11.5306508181
17	37	291.349206349	7.82174163644
18	37	312.317460317	11.8814586738
19	37	310.412698413	9.73723816101
20	37	313.873015873	11.5655372901
21	37	311.968253968	12.1013816002
22	37	312.126984127	13.9687770465
23	37	308.396825397	9.21961277729
24	37	261.761904762	14.5773408485
25	37	252.396825397	10.0672968622
26	37	251.396825397	8.09181377933
27	37	253.571428571	10.2612142072
28	37	251.746031746	7.36996964084
29	37	259.253968254	10.8962906954
30	37	337.841269841	10.4989891414
31	37	353.206349206	17.4038480786
32	37	331.587301587	8.44897837467
33	37	333.888888889	7.97836580934
34	37	336.920634921	12.9348815805
35	37	338.777777778	11.8729309903
36	37	297.158730159	9.9270455478
37	37	-1	0
38	37	299.142857143	9.87196952553
39	37	291.793650794	54.2332290602
40	37	291.111111111	37.5707210856
41	37	294.523809524	10.4530046457
42	37	337.333333333	12.08961249
43	37	346.174603175	12.1988025467
44	37	342.095238095	11.3595135791
45	37	344.365079365	13.5298630166
46	37	341.492063492	9.78640621146
47	37	340.174603175	9.00183346852
0	38	253.698412698	7.91750105003
1	38	252.015873016	9.52272480595
2	38	251.158730159	8.20028328819
3	38	254.428571429	10.0344079249
4	38	253.555555556	9.90234504498
5	38	245.492063492	44.3842790042
6	38	285.746031746	6.96469157231
7	38	286.825396825	6.93401938579
8	38	293.380952381	8.18133487658
9	38	288.349206349	6.89872021754
10	38	285.587301587	7.5206275503
11	38	288.714285714	6.30804115554
12	38	281.317460317	7.97182617708
13	38	302.507936508	16.4740035861
14	38	287.126984127	9.64528351471
15	38	287.206349206	8.56378259801
16	38	294.603174603	12.1948983381
17	38	290.857142857	9.35856647355
18	38	309.920634921	11.9646325202
19	38	308.095238095	10.0864741833
20	38	314.587301587	12.2832120827
21	38	308.19047619	10.135364995
22	38	311.73015873	10.0446722026
23	38	310.984126984	9.6928906421
24	38	249.603174603	46.7976188794
25	38	254.079365079	9.71221058861
26	38	250.285714286	8.30266465436
27	38	241.126984127	63.6222712487
28	38	253.174603175	7.36258167829
29	38	259.380952381	9.65504814325
30	38	338.793650794	11.7083049214
31	38	333.968253968	60.268438726
32	38	327.587301587	6.47739640188
33	38	335.936507937	9.02355474225
34	38	336.111111111	13.4590632839
35	38	342.111111111	13.789933194
36	38	297.682539683	10.4650975421
37	38	291.396825397	7.56671844442
38	38	-1	0
39	38	289.483870968	54.0214240462
40	38	292.968253968	8.26921668421
41	38	299.428571429	12.2068342629
42	38	340.619047619	14.7889153808
43	38	335.888888889	60.2579405585
44	38	341.0	10.6904496765
45	38	340.333333333	44.5478162934
46	38	337.873015873	9.10170412003
47	38	341.968253968	10.0774276353
0	39	255.650793651	10.2649948085
1	39	251.634920635	8.42012251033
2	39	256.523809524	9.82038233966
3	39	255.285714286	9.77432427158
4	39	251.650793651	8.36120810394
5	39	254.063492063	9.04814813268
6	39	285.777777778	6.08783445858
7	39	286.365079365	7.52414439011
8	39	299.507936508	11.8453969573
9	39	287.968253968	8.55230082097
10	39	285.650793651	7.51962243682
11	39	286.777777778	8.34274600685
12	39	281.095238095	9.64235742385
13	39	300.285714286	15.0706574692
14	39	286.507936508	10.2289241562
15	39	286.571428571	8.39257851615
16	39	293.079365079	11.0716305381
17	39	292.079365079	9.63509060806
18	39	312.063492063	11.8400356819
19	39	311.984126984	11.6598511568
20	39	308.587301587	9.60263674212
21	39	310.825396825	10.6316981614
22	39	306.253968254	39.9165670558
23	39	304.714285714	39.7569714647
24	39	260.634920635	12.1880784679
25	39	253.301587302	9.33101148098
26	39	242.278688525	45.1286434967
27	39	251.857142857	33.5889518603
28	39	253.603174603	8.17378636696
29	39	261.317460317	12.8085108075
30	39	336.015873016	10.4827781116
31	39	352.587301587	17.8891071943
32	39	330.19047619	8.1899224619
33	39	339.444444444	13.65653257
34	39	332.571428571	13.0526580468
35	39	342.396825397	11.9954219872
36	39	299.587301587	10.3027734294
37	39	290.746031746	10.8685774744
38	39	299.142857143	10.8640329015
39	39	-1	0
40	39	295.095238095	6.92296451253
41	39	297.873015873	12.7658921355
42	39	338.333333333	13.9147061636
43	39	350.015873016	14.3863825201
44	39	344.238095238	12.2224283635
45	39	346.80952381	12.6225511758
46	39	337.222222222	8.96986921822
47	39	342.777777778	10.5656593247
0	40	255.793650794	9.75112322412
1	40	252.873015873	10.2360893815
2	40	252.507936508	7.54430935729
3	40	255.19047619	8.88347340702
4	40	251.603174603	7.82454356403
5	40	253.206349206	10.0950384327
6	40	286.650793651	6.86180764318
7	40	286.317460317	6.4311380336
8	40	295.301587302	9.56620194762
9	40	286.777777778	6.02756747494
10	40	283.079365079	8.15388034473
11	40	285.26984127	6.72641405257
12	40	280.777777778	8.11708846942
13	40	298.095238095	14.7149791792
14	40	283.46031746	8.627798183
15	40	288.26984127	7.80762010608
16	40	296.301587302	10.4587396743
17	40	290.968253968	9.89463259016
18	40	309.063492063	9.49665440818
19	40	313.333333333	13.2497379429
20	40	313.841269841	14.4125235987
21	40	311.142857143	11.2544271964
22	40	312.412698413	11.198972346
23	40	311.333333333	13.8804418758
24	40	260.444444444	10.624586308
25	40	254.476190476	10.3061965378
26	40	250.968253968	7.3828807858
27	40	255.444444444	7.69617051295
28	40	254.984126984	8.06421069164
29	40	257.111111111	11.6252477169
30	40	336.523809524	10.3507643194
31	40	349.904761905	17.6506794561
32	40	330.333333333	6.69517713174
33	40	337.317460317	9.75709005024
34	40	334.523809524	13.1594098662
35	40	341.80952381	15.7418229142
36	40	298.174603175	10.6912509588
37	40	290.587301587	9.34970489414
38	40	295.174603175	9.17647039823
39	40	299.253968254	11.185262773
40	40	-1	0
41	40	296.238095238	13.8824021133
42	40	340.428571429	11.7968441916
43	40	345.380952381	14.200859097
44	40	343.19047619	13.01020008
45	40	347.063492063	12.287395808
46	40	336.952380952	9.93379444668
47	40	344.333333333	10.2306728355
0	41	260.476190476	13.3688302997
1	41	250.111111111	8.94446909195
2	41	255.031746032	10.2057690719
3	41	255.650793651	9.44181636104
4	41	252.73015873	9.56217141642
5	41	255.238095238	8.7481776528
6	41	284.46031746	7.75994067402
7	41	284.984126984	5.24174956704
8	41	292.841269841	9.80477102718
9	41	285.253968254	6.87292422682
10	41	285.222222222	7.21868045024
11	41	286.555555556	7.15758622473
12	41	282.206349206	8.72718564094
13	41	295.936507937	12.7477019602
14	41	285.015873016	8.48058859797
15	41	287.555555556	7.80471525726
16	41	294.0	13.7078357849
17	41	294.666666667	9.46673373551
18	41	306.873015873	9.22985504967
19	41	310.333333333	9.85932803016
20	41	308.26984127	9.73327845582
21	41	301.507936508	52.1173501915
22	41	313.777777778	12.7022613215
23	41	308.714285714	10.7325769793
24	41	263.555555556	15.0467818399
25	41	256.158730159	8.79250465283
26	41	250.904761905	6.93899559475
27	41	255.031746032	8.80650598961
28	41	252.301587302	8.54796907214
29	41	258.476190476	10.9339389247
30	41	336.26984127	10.8044763639
31	41	348.603174603	16.9223621025
32	41	329.079365079	7.96879148253
33	41	337.476190476	10.5029960092
34	41	335.761904762	14.2090003734
35	41	338.253968254	9.66907729215
36	41	296.031746032	10.3494011083
37	41	289.619047619	7.59161728891
38	41	300.047619048	14.1527142177
39	41	299.349206349	11.4061508471
40	41	291.761904762	9.12821247773
41	41	-1	0
42	41	337.158730159	11.5004573397
43	41	346.619047619	12.2428191735
44	41	339.666666667	10.0396041154
45	41	340.063492063	11.846736897
46	41	340.158730159	10.391092567
47	41	338.746031746	9.45493614924
0	42	263.80952381	10.7006262135
1	42	255.603174603	10.1050665943
2	42	259.349206349	8.50612987215
3	42	260.047619048	9.70424317507
4	42	256.126984127	8.89353620011
5	42	259.031746032	10.1574403943
6	42	287.349206349	5.9739081626
7	42	285.396825397	6.87655248281
8	42	298.666666667	11.3109021716
9	42	289.19047619	8.5928304239
10	42	287.825396825	8.21639801075
11	42	287.873015873	7.13696405931
12	42	294.857142857	9.04636582799
13	42	306.888888889	12.7180800077
14	42	297.238095238	8.20320163149
15	42	299.063492063	7.93199871902
16	42	304.492063492	11.1609765401
17	42	301.952380952	10.5851476831
18	42	311.888888889	12.4710599734
19	42	310.666666667	9.92191737742
20	42	313.968253968	14.3526649856
21	42	313.047619048	12.0190702588
22	42	311.365079365	10.4019253213
23	42	310.222222222	10.4295740138
24	42	267.587301587	12.3463700991
25	42	257.952380952	8.37689295628
26	42	255.777777778	8.2297263054
27	42	259.53968254	8.58537959303
28	42	258.492063492	7.8069424047
29	42	262.555555556	12.2082170842
30	42	349.555555556	9.63257993063
31	42	363.555555556	15.2531836674
32	42	341.206349206	6.66228124846
33	42	350.317460317	11.1395554282
34	42	346.825396825	13.5137081285
35	42	350.222222222	11.5489908093
36	42	302.841269841	12.9592846525
37	42	292.507936508	10.8990650769
38	42	302.142857143	13.4469647757
39	42	307.142857143	13.8413426531
40	42	298.349206349	10.0730013657
41	42	299.571428571	11.9279773638
42	42	-1	0
43	42	346.142857143	12.282206956
44	42	341.111111111	11.7933410201
45	42	316.761904762	92.4316503008
46	42	332.047619048	42.7181343491
47	42	325.0	72.5700537303
0	43	265.492063492	13.3438922666
1	43	257.920634921	10.2202748811
2	43	262.412698413	10.7727388459
3	43	258.873015873	34.8386266488
4	43	258.825396825	10.388546322
5	43	261.571428571	11.6506206466
6	43	286.492063492	37.1901476183
7	43	284.793650794	36.4256837393
8	43	289.873015873	8.84342112837
9	43	285.301587302	34.9378745325
10	43	275.603174603	49.9261485334
11	43	282.936507937	36.0193391688
12	43	293.476190476	9.18911907078
13	43	311.984126984	14.6227611918
14	43	300.650793651	10.2897062604
15	43	294.841269841	37.7427408554
16	43	307.365079365	12.8980145972
17	43	303.80952381	9.25452637921
18	43	311.095238095	11.2259821725
19	43	308.063492063	35.4301786061
20	43	310.777777778	39.7928941748
21	43	308.507936508	39.539360745
22	43	298.682539683	65.9915399573
23	43	308.507936508	40.2444408133
24	43	263.984126984	34.7861914145
25	43	257.19047619	8.03140095877
26	43	257.142857143	8.03930254982
27	43	258.523809524	33.1920133551
28	43	254.634920635	33.8494808229
29	43	249.803278689	56.9983662901
30	43	340.0	43.7554531749
31	43	363.333333333	17.0889363634
32	43	342.920634921	6.74549017434
33	43	340.825396825	44.1223190408
34	43	343.73015873	12.1670989476
35	43	352.238095238	11.3189184038
36	43	297.349206349	12.1957040708
37	43	291.698412698	11.4346103974
38	43	304.174603175	13.8122785065
39	43	308.0	15.8374681318
40	43	286.142857143	51.0850076298
41	43	298.857142857	13.1352635068
42	43	337.822580645	13.9833128586
43	43	-1	0
44	43	339.777777778	10.4978371838
45	43	346.238095238	12.3618900873
46	43	336.888888889	10.8160831321
47	43	340.619047619	9.81645617274
0	44	259.079365079	8.13243864576
1	44	254.53968254	8.46247627241
2	44	258.349206349	9.75437830902
3	44	259.492063492	9.58483096517
4	44	258.111111111	9.16187946184
5	44	255.507936508	9.90410050702
6	44	287.904761905	7.0479407906
7	44	290.206349206	6.49091851587
8	44	294.047619048	8.9414827282
9	44	289.380952381	7.89500258136
10	44	286.698412698	8.11746093823
11	44	289.936507937	8.19189110456
12	44	292.714285714	8.05817847673
13	44	309.015873016	14.4029230537
14	44	299.46031746	8.48495474602
15	44	298.761904762	7.87746290177
16	44	302.80952381	8.8906177457
17	44	302.53968254	9.6293621685
18	44	313.111111111	12.745507906
19	44	310.317460317	10.9091855818
20	44	310.666666667	12.6654134718
21	44	310.53968254	9.02347097688
22	44	312.047619048	9.78568532031
23	44	307.873015873	10.161383582
24	44	267.063492063	12.2018382896
25	44	257.428571429	9.40232035818
26	44	258.031746032	8.09461560009
27	44	261.793650794	11.4755208481
28	44	260.968253968	7.19119446989
29	44	264.206349206	10.9706082512
30	44	345.317460317	9.7473242512
31	44	356.349206349	14.0827021331
32	44	340.26984127	7.83197830065
33	44	345.746031746	9.44485793413
34	44	345.793650794	11.17843549
35	44	353.492063492	12.0183365406
36	44	306.80952381	15.5878026622
37	44	291.285714286	10.3424361924
38	44	301.492063492	13.8161086289
39	44	305.253968254	15.4898515205
40	44	296.396825397	9.04931757936
41	44	303.714285714	13.8213414131
42	44	334.920634921	11.3449542484
43	44	346.968253968	14.9081508056
44	44	-1	0
45	44	343.158730159	11.9352836252
46	44	334.904761905	10.1632926263
47	44	341.365079365	10.471884637
0	45	263.126984127	11.9090362697
1	45	255.555555556	8.54451978417
2	45	260.015873016	9.30862727249
3	45	259.222222222	9.22461242692
4	45	258.031746032	9.27185235849
5	45	257.873015873	8.51980338005
6	45	287.46031746	7.4061865963
7	45	287.126984127	6.86951411949
8	45	299.19047619	9.48659395424
9	45	289.777777778	7.23844332218
10	45	287.253968254	8.56528292321
11	45	287.666666667	7.30731314485
12	45	292.095238095	7.02086298163
13	45	312.158730159	14.9933385729
14	45	299.126984127	9.12086751564
15	45	301.126984127	9.15040473299
16	45	307.476190476	11.9121881599
17	45	303.047619048	9.42881192574
18	45	307.666666667	11.7878064521
19	45	311.444444444	9.91516039425
20	45	317.746031746	14.8719062451
21	45	310.476190476	9.95044410408
22	45	310.317460317	8.93863630241
23	45	309.301587302	9.82810178936
24	45	268.365079365	14.2920797106
25	45	256.904761905	8.8939328093
26	45	255.301587302	7.52273785148
27	45	262.26984127	11.6444773329
28	45	260.26984127	8.54345818463
29	45	260.301587302	8.78063330802
30	45	345.603174603	8.51430110198
31	45	357.317460317	13.3295535081
32	45	341.873015873	6.55741931307
33	45	347.0	8.39879054029
34	45	346.714285714	12.2894051304
35	45	349.063492063	9.5632780059
36	45	300.746031746	10.9847921626
37	45	293.507936508	10.6381658162
38	45	300.80952381	12.4478048589
39	45	301.920634921	11.2409421558
40	45	294.682539683	8.77555297733
41	45	303.349206349	15.107192369
42	45	338.746031746	14.7680137556
43	45	344.888888889	11.3572731904
44	45	335.698412698	10.3458218246
45	45	-1	0
46	45	316.571428571	81.0860241389
47	45	308.206349206	97.4585233277
0	46	252.634920635	46.1681885901
1	46	254.46031746	6.87259429038
2	46	255.031746032	33.5705692411
3	46	260.53968254	9.46308684297
4	46	256.968253968	9.05708221345
5	46	256.365079365	32.8847441772
6	46	279.666666667	50.9260278979
7	46	278.666666667	49.4977953654
8	46	298.126984127	11.5710257513
9	46	286.666666667	6.63324958071
10	46	277.619047619	49.6845377153
11	46	280.222222222	49.2987151526
12	46	292.015873016	7.69970534067
13	46	300.53968254	56.4485509246
14	46	299.0	9.62140470885
15	46	302.777777778	8.98401480664
16	46	298.523809524	39.0314716903
17	46	304.523809524	9.18911907078
18	46	287.253968254	74.6730371972
19	46	297.142857143	53.9726142029
20	46	297.841269841	66.501511225
21	46	295.920634921	64.9525593878
22	46	294.571428571	65.3181989968
23	46	299.984126984	54.7729779465
24	46	258.904761905	48.5558798642
25	46	254.142857143	33.3175472824
26	46	255.238095238	9.65058479306
27	46	255.825396825	33.8660009695
28	46	245.158730159	54.9386978279
29	46	246.403225806	64.7193593407
30	46	344.968253968	8.12983580921
31	46	359.46031746	14.6307193639
32	46	340.920634921	8.267936898
33	46	346.80952381	10.0362156007
34	46	336.380952381	59.8180915914
35	46	348.126984127	10.2670563678
36	46	298.73015873	13.8118954358
37	46	291.46031746	9.05858427711
38	46	301.53968254	12.7301983137
39	46	301.936507937	11.657646875
40	46	291.476190476	38.1961758008
41	46	300.126984127	13.9038558812
42	46	335.80952381	12.1692523578
43	46	323.555555556	83.4419820827
44	46	328.031746032	58.8392937097
45	46	340.73015873	44.0199112052
46	46	-1	0
47	46	339.793650794	10.9836223391
0	47	263.587301587	11.0850033409
1	47	254.047619048	8.10335727294
2	47	257.53968254	8.70107710323
3	47	260.952380952	8.93260226474
4	47	257.571428571	10.319828788
5	47	259.412698413	10.4572218846
6	47	286.746031746	7.6510570988
7	47	287.0	6.37455258312
8	47	298.238095238	8.89036268961
9	47	286.968253968	5.49449436982
10	47	283.920634921	5.67171088463
11	47	286.396825397	7.30848535443
12	47	293.19047619	8.07672954176
13	47	309.079365079	14.4049171359
14	47	294.317460317	7.05494399835
15	47	301.825396825	9.73871293367
16	47	306.746031746	12.6904141476
17	47	300.380952381	9.08588399562
18	47	307.968253968	11.9456019056
19	47	312.285714286	13.0559584055
20	47	313.571428571	12.3990709915
21	47	310.968253968	12.3545098172
22	47	309.063492063	8.73030302911
23	47	311.920634921	10.0905449808
24	47	264.19047619	10.6202220149
25	47	260.634920635	9.77411805351
26	47	254.396825397	6.90419629137
27	47	261.126984127	8.29322167949
28	47	260.365079365	7.8341976976
29	47	264.222222222	11.6161415396
30	47	348.174603175	9.79559292312
31	47	360.53968254	15.7438074466
32	47	339.936507937	7.01443639676
33	47	346.238095238	9.66866036208
34	47	349.0	13.3571216365
35	47	350.349206349	10.4898419952
36	47	304.19047619	13.719245135
37	47	294.634920635	9.63509060806
38	47	300.26984127	13.4568167056
39	47	301.666666667	12.4632793972
40	47	297.206349206	10.8146853863
41	47	296.936507937	10.4939483935
42	47	336.53968254	13.4858248882
43	47	349.857142857	12.8900812647
44	47	336.873015873	9.63210910575
45	47	346.444444444	13.0149825479
46	47	336.634920635	10.0527206888
47	47	-1	0
