# src_core	dest_core	cost	stderr
0	0	-1	0
1	0	294.73015873	20.2713390206
2	0	277.031746032	19.7186305056
3	0	286.206349206	23.4400002236
4	0	292.476190476	21.7823702872
5	0	287.857142857	23.4682204186
6	0	316.53968254	18.0579537915
7	0	301.666666667	13.1402688963
8	0	81.380952381	14.3774830252
9	0	300.777777778	9.44061547033
10	0	306.952380952	20.1993466588
11	0	306.380952381	13.6514765425
12	0	309.333333333	15.9712042464
13	0	312.095238095	17.7805978489
14	0	299.80952381	18.4346612308
15	0	311.73015873	20.3299812609
16	0	303.015873016	15.2466411222
17	0	306.349206349	13.8588791436
18	0	310.587301587	16.0659700705
19	0	316.555555556	17.3852498855
20	0	322.793650794	19.2553094967
21	0	316.746031746	15.7510072784
22	0	314.253968254	18.1850874314
23	0	313.825396825	17.8925715565
24	0	290.396825397	11.2398662402
25	0	308.317460317	13.7584899006
26	0	298.46031746	16.3025223453
27	0	301.857142857	19.2104941087
28	0	290.412698413	16.4197277017
29	0	298.698412698	16.4708833242
30	0	323.031746032	17.4200835144
31	0	321.936507937	20.0213164306
32	0	321.142857143	19.1467657701
33	0	316.253968254	18.6606863328
34	0	324.142857143	21.0108491574
35	0	316.126984127	22.1434658846
36	0	302.698412698	15.9936841906
37	0	301.952380952	13.5288387698
38	0	304.936507937	16.7898996621
39	0	305.079365079	8.04018002503
40	0	303.46031746	19.7434541267
41	0	294.507936508	21.2766158366
42	0	315.095238095	13.6308640047
43	0	310.873015873	14.070674292
44	0	320.888888889	13.8025890269
45	0	318.26984127	11.8525415521
46	0	315.444444444	17.2790154204
47	0	313.73015873	12.5927748864
0	1	296.0	9.89628758356
1	1	-1	0
2	1	281.206349206	10.6698785792
3	1	286.53968254	21.1448709656
4	1	292.047619048	8.39392934725
5	1	288.126984127	13.0475224961
6	1	310.888888889	11.4283289216
7	1	309.349206349	12.5231959131
8	1	83.9682539683	13.4400116378
9	1	305.984126984	11.8729946524
10	1	305.0	9.96661092515
11	1	304.920634921	11.5721361945
12	1	308.777777778	18.8481353079
13	1	306.523809524	17.6562027797
14	1	311.380952381	19.6851636756
15	1	312.857142857	19.0295152061
16	1	313.698412698	16.4737741752
17	1	310.26984127	10.7514581502
18	1	315.73015873	15.9873028481
19	1	322.650793651	19.2371653607
20	1	318.111111111	18.6250480865
21	1	314.952380952	14.8659924804
22	1	315.952380952	19.9645945116
23	1	321.666666667	19.0413084784
24	1	293.682539683	10.5346373467
25	1	305.714285714	14.1032795594
26	1	299.111111111	11.5416583099
27	1	295.476190476	14.087996853
28	1	301.619047619	14.2688789689
29	1	305.349206349	11.4782869279
30	1	322.46031746	19.6564343008
31	1	317.555555556	18.8862743289
32	1	321.031746032	17.6302123928
33	1	327.746031746	18.5540550943
34	1	319.238095238	22.804701747
35	1	321.428571429	19.0785463205
36	1	298.174603175	13.5547563052
37	1	308.698412698	12.6724735069
38	1	298.888888889	15.6206122587
39	1	296.682539683	11.1665961573
40	1	312.587301587	13.1035375336
41	1	302.174603175	18.8566351276
42	1	314.698412698	10.8124486172
43	1	318.714285714	12.0441365191
44	1	314.095238095	16.5325213757
45	1	326.80952381	16.8238843285
46	1	320.111111111	18.5524662384
47	1	318.714285714	16.7184230397
0	2	281.968253968	21.5855391437
1	2	292.714285714	8.19684138048
2	2	-1	0
3	2	287.492063492	9.92491336314
4	2	291.650793651	22.2276523978
5	2	291.079365079	9.957531388
6	2	309.428571429	8.53696776345
7	2	311.285714286	17.4232362378
8	2	76.2063492063	13.9057584625
9	2	301.761904762	16.8953025177
10	2	313.238095238	11.1536374389
11	2	307.222222222	18.4205237887
12	2	312.761904762	16.8586224801
13	2	300.634920635	15.5515543931
14	2	309.380952381	17.5765252642
15	2	319.936507937	16.2899063264
16	2	314.587301587	16.1152938507
17	2	307.238095238	16.9553234471
18	2	313.571428571	16.8633295077
19	2	315.0	18.7523543495
20	2	318.365079365	20.2995829086
21	2	315.555555556	13.5562060734
22	2	315.682539683	20.5841867159
23	2	321.26984127	17.2315752527
24	2	303.047619048	12.6320687537
25	2	304.619047619	16.6794508792
26	2	300.793650794	16.5050821708
27	2	312.285714286	14.5017005805
28	2	303.936507937	13.2675436607
29	2	307.746031746	10.6948559864
30	2	317.095238095	22.59984147
31	2	319.047619048	21.3217443012
32	2	321.079365079	22.5608887499
33	2	320.698412698	22.1579001073
34	2	320.650793651	20.6214241577
35	2	317.777777778	19.6593565465
36	2	306.841269841	12.7692666123
37	2	304.349206349	13.216342373
38	2	311.317460317	14.2102415524
39	2	293.317460317	11.3456871
40	2	303.380952381	16.8121541177
41	2	309.873015873	16.9981250726
42	2	318.126984127	20.4221262387
43	2	325.650793651	13.7184370554
44	2	317.619047619	16.7582517664
45	2	327.746031746	15.6164018923
46	2	324.714285714	19.1464104733
47	2	320.301587302	18.7401910178
0	3	294.888888889	10.4927958825
1	3	290.873015873	9.98330680256
2	3	289.412698413	10.3488898579
3	3	-1	0
4	3	300.063492063	19.302005008
5	3	288.682539683	11.2303802771
6	3	311.920634921	11.1587414482
7	3	317.365079365	11.0658943897
8	3	78.0	15.299133703
9	3	308.698412698	12.7660697618
10	3	311.857142857	15.536804377
11	3	305.142857143	9.70984959401
12	3	318.111111111	18.9394281866
13	3	301.682539683	16.2557197717
14	3	316.46031746	25.9118318239
15	3	314.0	18.1370444382
16	3	309.26984127	19.7389361007
17	3	309.603174603	10.5567847476
18	3	315.047619048	18.2386547222
19	3	314.317460317	17.9300451905
20	3	319.920634921	19.3360438061
21	3	311.365079365	14.3927909504
22	3	320.746031746	20.5734983282
23	3	316.0	19.7644863489
24	3	295.476190476	10.6187273067
25	3	304.158730159	19.9636227501
26	3	296.80952381	17.0516090037
27	3	295.523809524	16.1941172376
28	3	298.317460317	16.6617377443
29	3	301.603174603	8.43751953797
30	3	320.301587302	19.0168137139
31	3	320.968253968	17.7736815009
32	3	318.53968254	22.9594711216
33	3	323.53968254	21.0681625424
34	3	326.984126984	23.742997005
35	3	321.888888889	20.8182696864
36	3	303.301587302	13.545496435
37	3	305.80952381	15.4969092083
38	3	305.634920635	15.3419247021
39	3	296.174603175	8.73151504616
40	3	308.571428571	22.9379523904
41	3	301.53968254	22.1845258503
42	3	317.492063492	13.9669371674
43	3	318.841269841	15.0271778647
44	3	320.063492063	14.725933302
45	3	327.507936508	17.7118676167
46	3	321.380952381	18.9756975499
47	3	320.587301587	17.5079437033
0	4	300.650793651	16.9313822743
1	4	293.888888889	28.3728638025
2	4	301.968253968	21.1779821677
3	4	296.587301587	24.9033910616
4	4	-1	0
5	4	308.746031746	16.8277626369
6	4	308.682539683	16.614036327
7	4	313.761904762	19.3068079823
8	4	74.2857142857	19.4890515226
9	4	309.158730159	16.9529754369
10	4	318.0	18.7006493394
11	4	301.349206349	19.5124370027
12	4	310.920634921	22.5320241852
13	4	310.285714286	20.1040377935
14	4	307.396825397	18.9305662654
15	4	311.634920635	18.2733230723
16	4	318.031746032	18.5626081347
17	4	308.777777778	19.4352359147
18	4	318.682539683	17.0431994508
19	4	321.26984127	15.326298955
20	4	327.555555556	19.4787452562
21	4	321.666666667	18.8603893309
22	4	320.349206349	17.5636337222
23	4	315.619047619	19.1936072124
24	4	301.285714286	16.7307611108
25	4	310.920634921	22.5777679576
26	4	296.587301587	18.6612533993
27	4	313.698412698	22.8095182866
28	4	305.46031746	21.4082207892
29	4	302.031746032	14.5066686953
30	4	318.19047619	13.7088282792
31	4	316.984126984	12.6585087307
32	4	333.873015873	18.0576607878
33	4	324.380952381	16.229923932
34	4	326.53968254	16.0265904016
35	4	315.428571429	14.9482857601
36	4	317.888888889	16.7825600248
37	4	308.095238095	20.1759831182
38	4	305.095238095	20.1681143012
39	4	305.952380952	18.9857327983
40	4	309.46031746	18.7725106327
41	4	317.492063492	17.8297709089
42	4	325.142857143	16.3947892834
43	4	321.349206349	15.7984917204
44	4	314.349206349	15.2639826401
45	4	321.0	19.8845876346
46	4	325.80952381	17.0245920566
47	4	321.523809524	19.1591970065
0	5	284.047619048	21.3775052901
1	5	276.063492063	11.981298941
2	5	294.666666667	10.1793441645
3	5	287.444444444	11.3777529762
4	5	292.031746032	9.61144861977
5	5	-1	0
6	5	309.063492063	11.4598997418
7	5	319.126984127	9.43396777858
8	5	83.3174603175	9.34663235648
9	5	312.301587302	12.4806325143
10	5	315.952380952	15.1504922351
11	5	310.46031746	12.2769953886
12	5	307.825396825	20.7483330235
13	5	303.380952381	19.6189320385
14	5	313.333333333	19.9729976448
15	5	316.015873016	23.6901238973
16	5	310.349206349	12.8793654706
17	5	310.841269841	16.6249061095
18	5	317.095238095	18.869404383
19	5	319.777777778	21.4693908686
20	5	318.031746032	17.6500085471
21	5	322.111111111	18.497628429
22	5	319.396825397	17.206070987
23	5	317.968253968	15.6174182916
24	5	299.936507937	14.0880147371
25	5	310.063492063	18.2486120506
26	5	295.761904762	15.8221406913
27	5	295.793650794	16.4472786673
28	5	297.619047619	14.4270783449
29	5	304.19047619	12.2381878818
30	5	324.698412698	24.148768361
31	5	320.984126984	21.2599123947
32	5	317.476190476	24.3381320401
33	5	323.73015873	20.7564916976
34	5	326.920634921	18.3953941676
35	5	321.841269841	18.3668147511
36	5	316.333333333	11.2193144119
37	5	301.619047619	17.4796285706
38	5	302.666666667	16.6666666667
39	5	309.46031746	14.2135921946
40	5	304.126984127	18.6432608902
41	5	301.285714286	15.4338615269
42	5	319.158730159	18.1503477156
43	5	319.079365079	16.037952594
44	5	321.380952381	19.2736587835
45	5	326.349206349	12.2269007743
46	5	314.444444444	12.1730613042
47	5	312.396825397	15.6565719074
0	6	282.571428571	13.6308640047
1	6	279.444444444	7.17309297211
2	6	280.746031746	7.27022248948
3	6	289.492063492	6.16923502724
4	6	290.0	6.66904719403
5	6	277.571428571	9.29535519052
6	6	-1	0
7	6	264.793650794	10.2169462871
8	6	45.7142857143	4.08026054035
9	6	279.492063492	4.30899029116
10	6	280.26984127	4.23592477565
11	6	278.317460317	15.1666147533
12	6	290.492063492	12.9943492186
13	6	293.571428571	9.20957797788
14	6	302.412698413	11.7576519098
15	6	305.380952381	9.40352613943
16	6	289.476190476	6.28896020087
17	6	294.206349206	9.81601983504
18	6	306.777777778	12.7509034158
19	6	304.111111111	12.4251551185
20	6	309.73015873	13.2260041467
21	6	312.476190476	14.7054218949
22	6	304.936507937	12.8629812337
23	6	307.26984127	12.8201309322
24	6	305.047619048	8.67843262022
25	6	313.968253968	11.1881006147
26	6	310.53968254	11.8827945471
27	6	296.746031746	11.3052428545
28	6	300.904761905	11.6465326753
29	6	300.507936508	10.169785651
30	6	308.698412698	4.05765950458
31	6	303.746031746	4.8138960691
32	6	294.777777778	5.55619043991
33	6	298.650793651	5.38710609405
34	6	297.888888889	7.66171913054
35	6	302.285714286	5.61016246668
36	6	305.492063492	11.9958630645
37	6	305.111111111	10.9008680463
38	6	301.253968254	11.3849918669
39	6	292.650793651	11.1499999718
40	6	299.349206349	12.0609019776
41	6	308.031746032	11.9787752163
42	6	292.507936508	8.76296864947
43	6	295.507936508	11.9534454299
44	6	290.0	8.37039378187
45	6	287.587301587	5.36193201568
46	6	292.158730159	8.56201717296
47	6	296.682539683	13.8756671761
0	7	285.746031746	12.3120385711
1	7	286.555555556	8.38891516868
2	7	286.857142857	10.5737878105
3	7	296.920634921	13.4238612325
4	7	296.746031746	14.2872662296
5	7	283.619047619	7.77955923881
6	7	260.46031746	7.01206533175
7	7	-1	0
8	7	47.4285714286	6.15594766141
9	7	280.301587302	5.51084045857
10	7	276.444444444	5.51700913274
11	7	256.968253968	4.60837145069
12	7	292.984126984	9.60405348202
13	7	288.952380952	11.4190436475
14	7	301.174603175	14.7879613012
15	7	300.523809524	16.715031865
16	7	308.285714286	9.09810475891
17	7	294.285714286	9.73364084874
18	7	310.507936508	11.4598997418
19	7	314.079365079	14.3475030595
20	7	314.0	16.5912579773
21	7	302.428571429	12.4947154362
22	7	305.492063492	10.866977816
23	7	309.428571429	8.94021463063
24	7	314.904761905	10.2998139692
25	7	313.698412698	14.4328053578
26	7	313.634920635	15.4079979101
27	7	301.873015873	12.8093369511
28	7	303.301587302	15.9926917045
29	7	313.365079365	11.8419507017
30	7	311.349206349	6.9992261027
31	7	306.428571429	4.55204222689
32	7	297.301587302	6.14283663505
33	7	303.619047619	5.90245730756
34	7	299.857142857	8.81711384744
35	7	305.777777778	7.76733993494
36	7	314.095238095	12.5441623503
37	7	301.206349206	10.5922384435
38	7	304.079365079	10.9171506069
39	7	304.047619048	9.32044785937
40	7	312.095238095	11.1607507936
41	7	304.80952381	12.2109203569
42	7	299.317460317	9.73754865803
43	7	288.031746032	7.73770043763
44	7	294.19047619	9.51833175802
45	7	296.317460317	4.96279937908
46	7	294.73015873	10.1092545204
47	7	300.73015873	8.30988386297
0	8	283.476190476	9.80258654376
1	8	280.698412698	8.34120565423
2	8	282.968253968	11.1140812357
3	8	294.841269841	7.80355301496
4	8	289.26984127	10.9358974189
5	8	277.238095238	12.4934449933
6	8	265.825396825	9.84569792852
7	8	262.46031746	10.6916751428
8	8	-1	0
9	8	276.523809524	5.66486566018
10	8	270.031746032	9.14429001118
11	8	249.222222222	20.7283598724
12	8	293.396825397	11.7656207313
13	8	292.761904762	11.6465326753
14	8	301.904761905	11.8089477586
15	8	296.666666667	16.3949275934
16	8	289.333333333	10.9616937632
17	8	295.507936508	8.32642192609
18	8	305.968253968	12.6478158651
19	8	306.888888889	13.7114378289
20	8	307.333333333	12.6051136008
21	8	299.857142857	12.3093165682
22	8	307.571428571	12.7412768612
23	8	310.396825397	7.95331553612
24	8	301.206349206	12.8793654706
25	8	309.285714286	13.9721134639
26	8	312.777777778	12.5514110311
27	8	296.73015873	14.0183625034
28	8	299.634920635	10.280666996
29	8	307.095238095	9.54141230389
30	8	309.555555556	6.00205726048
31	8	303.73015873	3.69558444894
32	8	295.492063492	4.98528952168
33	8	293.015873016	5.64137792324
34	8	298.920634921	8.09526921874
35	8	303.634920635	12.9385625012
36	8	310.349206349	11.5733118419
37	8	310.365079365	11.259284123
38	8	302.714285714	11.5764245535
39	8	295.253968254	10.5468994225
40	8	298.80952381	12.3620735185
41	8	305.666666667	12.3827837473
42	8	295.492063492	7.73134829998
43	8	297.301587302	9.06350596279
44	8	290.984126984	8.6620721585
45	8	287.396825397	5.90813182554
46	8	294.333333333	8.16496580928
47	8	297.571428571	11.8304346359
0	9	286.746031746	10.0363913295
1	9	282.793650794	7.61818778217
2	9	289.746031746	6.40923999151
3	9	296.476190476	14.5655138945
4	9	300.650793651	9.67267256802
5	9	286.428571429	7.1107213612
6	9	269.158730159	9.33538472219
7	9	258.952380952	6.04855635781
8	9	47.0	7.95622946512
9	9	-1	0
10	9	281.063492063	7.42982624051
11	9	257.793650794	7.43257252173
12	9	298.920634921	11.7652995122
13	9	300.634920635	15.3181100282
14	9	303.476190476	11.0666912548
15	9	307.126984127	12.9841075794
16	9	309.619047619	8.34652017867
17	9	295.952380952	8.05423790928
18	9	307.825396825	8.37899808864
19	9	313.0	17.3452340099
20	9	320.507936508	13.3545937829
21	9	318.698412698	15.0677147978
22	9	307.079365079	10.9664735651
23	9	305.349206349	12.3019662
24	9	314.698412698	13.9995860717
25	9	317.380952381	12.2726028228
26	9	319.650793651	10.874695734
27	9	300.158730159	11.9936575159
28	9	302.111111111	11.1442363367
29	9	313.904761905	10.208484311
30	9	313.047619048	6.29796785423
31	9	306.73015873	13.0884734813
32	9	310.714285714	15.7222202191
33	9	303.0	7.57606925766
34	9	302.444444444	15.1874820821
35	9	306.380952381	13.7337824377
36	9	308.920634921	11.3337557166
37	9	315.031746032	10.7702828277
38	9	304.952380952	12.2868216555
39	9	300.904761905	10.0864741833
40	9	308.253968254	11.2376468389
41	9	314.412698413	10.6601690338
42	9	300.238095238	9.93265303793
43	9	302.317460317	9.69343649127
44	9	291.936507937	8.36635934908
45	9	292.984126984	4.74924242411
46	9	297.746031746	8.44772582146
47	9	298.095238095	10.2053740678
0	10	292.682539683	6.36165446392
1	10	285.380952381	8.36361843813
2	10	288.238095238	8.13909687614
3	10	294.841269841	8.47068961269
4	10	294.46031746	7.4061865963
5	10	283.936507937	9.48494716517
6	10	267.873015873	8.63821715786
7	10	267.555555556	9.09871398165
8	10	45.3015873016	8.37159771335
9	10	282.682539683	5.46511417219
10	10	-1	0
11	10	257.126984127	6.91786751134
12	10	294.714285714	13.1311196726
13	10	298.492063492	10.9615098831
14	10	303.746031746	14.2115180807
15	10	306.666666667	13.3915396177
16	10	293.206349206	9.26875401321
17	10	294.80952381	8.55580586847
18	10	310.015873016	9.62056669864
19	10	312.142857143	13.4623014411
20	10	319.698412698	12.8293251881
21	10	319.317460317	13.3759146215
22	10	302.936507937	10.4165207851
23	10	309.174603175	12.1230983553
24	10	317.777777778	9.59405312572
25	10	310.142857143	13.9099794516
26	10	312.365079365	11.7342283037
27	10	306.603174603	13.0305376158
28	10	308.047619048	12.3061844969
29	10	307.492063492	11.2148895017
30	10	314.206349206	7.41760824448
31	10	312.634920635	5.90480457401
32	10	299.174603175	6.50162295377
33	10	298.73015873	6.56156763404
34	10	304.253968254	5.60885992424
35	10	311.952380952	6.55968585056
36	10	314.031746032	10.0047104048
37	10	315.888888889	12.5813052432
38	10	306.365079365	12.0689837124
39	10	303.19047619	8.49996665326
40	10	309.619047619	11.1560768143
41	10	314.666666667	13.7840487521
42	10	298.825396825	8.03867572317
43	10	305.523809524	6.67822127934
44	10	293.317460317	7.53578846809
45	10	292.238095238	4.56944401367
46	10	301.0	7.4087035903
47	10	304.619047619	10.4127951989
0	11	288.888888889	13.7415037082
1	11	290.571428571	7.89356636905
2	11	296.031746032	7.77861997384
3	11	295.111111111	8.7416374753
4	11	294.444444444	7.61739400045
5	11	285.746031746	10.6368157515
6	11	273.238095238	8.82225592162
7	11	269.047619048	9.32215073527
8	11	48.9365079365	7.84547795315
9	11	275.047619048	8.87197938121
10	11	281.571428571	8.8939328093
11	11	-1	0
12	11	294.888888889	12.331545702
13	11	295.793650794	11.9869753789
14	11	307.936507937	9.39583328096
15	11	303.825396825	10.4358047925
16	11	296.317460317	9.97906601989
17	11	297.507936508	8.94404655387
18	11	311.920634921	13.0326836853
19	11	313.063492063	16.5892229464
20	11	315.46031746	15.9521361428
21	11	318.80952381	14.8643145084
22	11	309.111111111	15.9901865849
23	11	309.761904762	10.81550076
24	11	307.746031746	11.7513501473
25	11	312.142857143	17.7234999077
26	11	312.523809524	15.6589212291
27	11	304.317460317	11.1224432009
28	11	308.523809524	14.7721930354
29	11	312.396825397	11.8824128843
30	11	313.873015873	11.3661877619
31	11	309.158730159	8.33848669078
32	11	299.619047619	9.2537912804
33	11	303.904761905	9.98207009372
34	11	299.476190476	7.02570595867
35	11	311.825396825	10.6002990113
36	11	307.968253968	12.1837365629
37	11	313.142857143	12.2174181447
38	11	300.793650794	11.7232081992
39	11	301.777777778	12.1999797612
40	11	308.587301587	12.4360394357
41	11	312.095238095	13.9440085395
42	11	300.285714286	10.0022673167
43	11	305.650793651	8.52849328913
44	11	294.920634921	10.4186974589
45	11	293.380952381	6.24989795835
46	11	295.428571429	10.6080446947
47	11	304.984126984	8.3161576588
0	12	421.936507937	25.2233659724
1	12	429.079365079	20.7305476519
2	12	434.412698413	14.6543616354
3	12	428.73015873	21.3973788257
4	12	428.746031746	17.5679797593
5	12	431.968253968	16.9714683578
6	12	365.555555556	15.1204452964
7	12	366.126984127	12.6346613996
8	12	137.523809524	15.4794868284
9	12	364.349206349	10.8146853863
10	12	369.222222222	13.9243357192
11	12	365.714285714	13.0316203617
12	12	-1	0
13	12	334.968253968	21.677995759
14	12	342.238095238	20.9577915092
15	12	339.650793651	25.6020576617
16	12	344.507936508	21.9883612907
17	12	343.968253968	19.278220505
18	12	334.619047619	26.4847536683
19	12	341.349206349	26.7553043132
20	12	338.952380952	25.3567739745
21	12	346.015873016	27.2061454679
22	12	346.888888889	26.7706965543
23	12	344.142857143	25.1603474519
24	12	360.015873016	8.69316838781
25	12	366.968253968	17.8138240006
26	12	361.682539683	15.4856056017
27	12	362.238095238	19.9799218945
28	12	359.253968254	13.9863519121
29	12	366.317460317	10.0203370929
30	12	332.984126984	31.1980321233
31	12	331.333333333	27.0801280155
32	12	331.555555556	27.4982122234
33	12	344.126984127	28.6652779639
34	12	335.968253968	32.0752925008
35	12	337.0	31.3424505479
36	12	368.777777778	14.0129695531
37	12	370.761904762	14.4405890546
38	12	369.396825397	15.1170456534
39	12	363.111111111	10.7852207977
40	12	363.793650794	14.6819819714
41	12	367.650793651	12.1252180215
42	12	400.222222222	11.9063067781
43	12	390.777777778	9.37142642061
44	12	401.873015873	13.7500269131
45	12	393.317460317	12.2056783517
46	12	389.26984127	13.1803200448
47	12	390.80952381	12.0710293914
0	13	425.920634921	20.5968880276
1	13	432.396825397	22.306337403
2	13	432.714285714	20.2581972994
3	13	428.952380952	21.4301586714
4	13	437.015873016	16.8358009163
5	13	424.46031746	19.8308925243
6	13	370.0	13.6556285273
7	13	376.46031746	13.8022604507
8	13	139.476190476	13.6193806153
9	13	367.825396825	13.1191604485
10	13	365.523809524	17.7297679399
11	13	365.46031746	12.0143107747
12	13	342.333333333	27.0648838259
13	13	-1	0
14	13	335.492063492	29.6363531676
15	13	343.349206349	28.3039953039
16	13	335.603174603	21.7617253069
17	13	345.984126984	22.6621088299
18	13	341.968253968	26.927868525
19	13	341.047619048	24.4945271318
20	13	336.365079365	28.1223526231
21	13	353.523809524	24.8939701648
22	13	341.031746032	25.6836482191
23	13	335.111111111	30.2524358778
24	13	365.984126984	12.2545645056
25	13	378.555555556	19.3027490252
26	13	368.015873016	13.2203451477
27	13	366.317460317	16.2068233688
28	13	360.380952381	15.5159197011
29	13	368.095238095	13.2745301961
30	13	334.777777778	31.757236118
31	13	334.142857143	27.9658846266
32	13	335.698412698	24.890640123
33	13	329.603174603	25.4486970275
34	13	342.380952381	28.3187237244
35	13	335.80952381	29.245462078
36	13	370.825396825	13.6504429634
37	13	379.984126984	17.0065272842
38	13	371.857142857	20.850836185
39	13	370.238095238	13.5596440063
40	13	365.111111111	13.5577671888
41	13	373.396825397	14.1011534849
42	13	409.476190476	12.236890806
43	13	402.619047619	15.5629072359
44	13	404.26984127	13.7888917211
45	13	405.714285714	12.7384290121
46	13	404.412698413	15.440243152
47	13	403.142857143	15.1037230172
0	14	422.698412698	21.8157034751
1	14	432.555555556	19.9990299588
2	14	434.476190476	20.4161911648
3	14	431.396825397	30.4670207766
4	14	433.920634921	17.4767887676
5	14	431.793650794	22.5903187089
6	14	377.873015873	13.4016014957
7	14	377.349206349	12.8423391161
8	14	142.047619048	14.94585845
9	14	370.888888889	15.2982114435
10	14	377.253968254	16.8409631497
11	14	365.888888889	12.6530140849
12	14	339.523809524	26.6880016694
13	14	333.174603175	23.2457811039
14	14	-1	0
15	14	346.095238095	21.1747935547
16	14	334.26984127	23.4210638808
17	14	333.158730159	21.0985641197
18	14	333.285714286	27.0269874364
19	14	339.079365079	28.7911481036
20	14	344.19047619	29.7074931186
21	14	333.920634921	27.8164628583
22	14	339.174603175	28.8606612485
23	14	335.015873016	26.1026618259
24	14	361.492063492	17.8760041484
25	14	373.53968254	16.2117196456
26	14	367.412698413	17.4643718237
27	14	369.238095238	16.0086427904
28	14	368.634920635	15.6695048972
29	14	365.666666667	13.4553936787
30	14	334.253968254	27.8139900016
31	14	335.444444444	26.721834469
32	14	334.841269841	26.3391834064
33	14	329.698412698	23.3256007055
34	14	330.825396825	48.3612529157
35	14	328.206349206	24.8207278523
36	14	371.285714286	14.0027532116
37	14	375.492063492	17.3624965434
38	14	374.158730159	16.0546747869
39	14	373.80952381	15.7810989446
40	14	374.555555556	16.7888642022
41	14	368.857142857	11.4529501888
42	14	408.571428571	16.1841724423
43	14	400.158730159	14.4400307228
44	14	401.158730159	13.3097486044
45	14	408.650793651	13.2870132683
46	14	404.936507937	13.5750389702
47	14	405.285714286	15.9805721051
0	15	427.222222222	30.1632828644
1	15	434.063492063	22.9947357784
2	15	433.333333333	19.6080644245
3	15	431.507936508	28.1396026731
4	15	433.46031746	21.0643951434
5	15	428.46031746	31.3828511441
6	15	381.603174603	17.2447734733
7	15	369.80952381	12.1692523578
8	15	141.174603175	15.2081219764
9	15	366.174603175	15.7767557396
10	15	375.301587302	15.1977806657
11	15	367.301587302	13.8410878101
12	15	343.079365079	29.8324961773
13	15	336.841269841	27.9257555065
14	15	340.19047619	27.2209403187
15	15	-1	0
16	15	335.888888889	27.0643625052
17	15	338.174603175	22.5307829513
18	15	346.476190476	28.0021865035
19	15	337.285714286	26.2759643754
20	15	340.571428571	26.3093406587
21	15	337.380952381	29.2853658516
22	15	337.317460317	25.0109978329
23	15	344.428571429	27.5650539551
24	15	365.46031746	14.6967498802
25	15	379.333333333	15.605249422
26	15	371.206349206	18.491661553
27	15	372.26984127	17.0742601682
28	15	361.793650794	17.6078614569
29	15	370.079365079	12.5284458395
30	15	335.920634921	23.7762730785
31	15	328.301587302	21.8970425782
32	15	332.142857143	18.3232501647
33	15	328.26984127	23.0762754204
34	15	334.095238095	26.0857647038
35	15	337.317460317	26.9919596475
36	15	374.80952381	15.9790111767
37	15	383.19047619	14.2971382894
38	15	381.0	15.8934947259
39	15	372.0	12.2772211322
40	15	376.873015873	14.931050063
41	15	376.888888889	14.9093675796
42	15	408.111111111	15.1459682006
43	15	398.301587302	15.0971824562
44	15	400.158730159	17.1567991513
45	15	403.634920635	13.7266992614
46	15	402.253968254	15.3550242581
47	15	410.714285714	14.697401316
0	16	438.412698413	23.2656398468
1	16	437.174603175	26.0344946284
2	16	438.126984127	18.059418739
3	16	443.873015873	20.6209109951
4	16	441.492063492	19.1923207327
5	16	442.714285714	21.0851851785
6	16	401.206349206	18.2662484573
7	16	394.80952381	25.9571424204
8	16	171.047619048	18.6099722128
9	16	389.492063492	21.3889698735
10	16	396.349206349	24.6178143848
11	16	396.206349206	18.6327572363
12	16	350.619047619	19.5532878504
13	16	344.095238095	20.3381838756
14	16	347.0	23.7306311998
15	16	348.285714286	22.3524641385
16	16	-1	0
17	16	344.873015873	21.2696162035
18	16	347.079365079	22.4282288025
19	16	353.0	20.4605699001
20	16	362.984126984	24.9625065283
21	16	346.253968254	21.4971155348
22	16	352.571428571	24.0394611339
23	16	346.063492063	23.267848937
24	16	382.238095238	18.5272979944
25	16	395.349206349	22.9679961811
26	16	382.619047619	22.6984570984
27	16	396.492063492	20.4231995502
28	16	387.841269841	19.5693365171
29	16	390.476190476	20.5347998416
30	16	354.079365079	22.3552142899
31	16	353.650793651	18.8907962222
32	16	354.126984127	19.5573978724
33	16	349.19047619	21.4659990601
34	16	357.222222222	21.5697057139
35	16	345.984126984	19.4140286894
36	16	398.333333333	20.591260282
37	16	396.698412698	21.1409742238
38	16	395.063492063	19.3979814167
39	16	401.841269841	18.638760049
40	16	393.301587302	19.4810733714
41	16	402.396825397	20.4322649317
42	16	418.158730159	18.4375448123
43	16	415.158730159	19.3310395595
44	16	422.412698413	16.6739364342
45	16	420.396825397	20.4485724907
46	16	412.349206349	20.0453127404
47	16	426.619047619	20.3176587292
0	17	450.396825397	26.0978255389
1	17	448.444444444	24.343297228
2	17	451.888888889	27.9609200697
3	17	449.095238095	23.2520449933
4	17	441.174603175	23.0310623114
5	17	458.349206349	22.4825567166
6	17	394.301587302	20.1798539493
7	17	412.634920635	22.7284183957
8	17	179.523809524	23.1255079003
9	17	389.714285714	27.9701817255
10	17	412.507936508	24.3603066521
11	17	403.555555556	27.3436552971
12	17	343.857142857	26.7883279148
13	17	351.015873016	25.9226517747
14	17	356.444444444	24.0130769782
15	17	357.396825397	27.4345047962
16	17	343.761904762	29.8433552125
17	17	-1	0
18	17	362.0	22.0201927532
19	17	367.206349206	25.1977315244
20	17	370.412698413	19.9154043598
21	17	351.571428571	26.9430406161
22	17	376.904761905	22.2351889607
23	17	367.19047619	22.967096646
24	17	391.365079365	23.1168883412
25	17	411.746031746	21.992760897
26	17	402.380952381	22.536340016
27	17	416.698412698	21.483574324
28	17	405.507936508	24.6040860046
29	17	398.26984127	16.1188112024
30	17	366.253968254	21.2729564172
31	17	374.19047619	25.1729617752
32	17	376.380952381	20.7918089576
33	17	371.0	24.7899109022
34	17	360.936507937	21.2026301273
35	17	374.666666667	20.591260282
36	17	410.492063492	24.4487627602
37	17	405.412698413	21.4894842653
38	17	413.904761905	19.2161591109
39	17	408.476190476	20.9737985772
40	17	421.555555556	21.3629093924
41	17	417.26984127	24.2436091066
42	17	435.587301587	22.6916073714
43	17	419.174603175	23.282624956
44	17	435.714285714	21.4442270852
45	17	433.873015873	24.6006143061
46	17	433.492063492	25.927170902
47	17	437.285714286	20.9674188459
0	18	406.349206349	23.2489349339
1	18	405.73015873	20.6606798926
2	18	409.111111111	21.0631033086
3	18	406.19047619	18.4260487999
4	18	406.80952381	20.0553655433
5	18	408.238095238	20.8887562113
6	18	406.158730159	24.7618538868
7	18	400.333333333	24.1647782513
8	18	181.206349206	19.3079954901
9	18	402.111111111	24.002057525
10	18	402.142857143	20.1099021197
11	18	398.206349206	23.105114345
12	18	392.126984127	29.1392344811
13	18	398.253968254	25.4514590931
14	18	385.698412698	25.0533620471
15	18	401.761904762	17.4662616145
16	18	388.333333333	21.1525074501
17	18	393.126984127	19.7945736219
18	18	-1	0
19	18	326.603174603	18.011935798
20	18	331.714285714	20.8520324246
21	18	329.476190476	17.7082683072
22	18	319.650793651	21.6634860157
23	18	312.968253968	7.35487799251
24	18	356.873015873	17.2557715797
25	18	349.80952381	16.1794079815
26	18	331.19047619	7.26997989748
27	18	357.841269841	18.2341092803
28	18	355.682539683	19.3660031005
29	18	360.619047619	14.2633157741
30	18	364.26984127	18.133724041
31	18	360.53968254	14.651318156
32	18	366.888888889	15.1449201616
33	18	356.380952381	14.6292038554
34	18	356.412698413	21.5963216449
35	18	358.142857143	15.474358866
36	18	412.698412698	16.812348939
37	18	410.079365079	19.714873595
38	18	408.571428571	21.9362093104
39	18	409.285714286	20.2691638275
40	18	408.253968254	18.1265115442
41	18	408.285714286	18.9949271185
42	18	330.015873016	19.1928327094
43	18	327.888888889	23.666405841
44	18	324.222222222	18.1435584305
45	18	333.888888889	17.8859802427
46	18	321.793650794	18.9075937799
47	18	326.301587302	22.3604206172
0	19	404.238095238	20.0623743912
1	19	398.301587302	20.1538801815
2	19	407.396825397	23.4240005005
3	19	400.46031746	21.8601800751
4	19	404.206349206	25.5666938164
5	19	410.333333333	21.7145989952
6	19	405.26984127	25.6887390246
7	19	406.476190476	21.4067613876
8	19	167.222222222	23.7943867226
9	19	406.714285714	22.1333825096
10	19	399.095238095	20.9978942903
11	19	396.492063492	20.3156621228
12	19	387.063492063	19.0545357812
13	19	378.158730159	22.44796901
14	19	379.984126984	24.5275951257
15	19	373.841269841	27.3020764076
16	19	389.301587302	19.332212546
17	19	386.412698413	22.9738532682
18	19	327.634920635	7.8867008559
19	19	-1	0
20	19	324.444444444	13.7895495026
21	19	315.682539683	21.6390486227
22	19	309.619047619	17.8240327963
23	19	309.428571429	16.5190743867
24	19	337.698412698	10.0010077598
25	19	329.777777778	9.80029873928
26	19	331.507936508	10.1244212312
27	19	334.158730159	9.81933038354
28	19	342.253968254	9.15123073338
29	19	346.507936508	8.81534199406
30	19	350.873015873	8.88460781261
31	19	344.380952381	8.64177482401
32	19	350.206349206	11.2266105786
33	19	334.222222222	8.99460939876
34	19	339.80952381	13.2075701511
35	19	338.904761905	10.1241723718
36	19	411.857142857	20.5795839214
37	19	413.19047619	21.5751599842
38	19	420.587301587	21.8382472992
39	19	417.746031746	23.9297704298
40	19	406.079365079	29.8197237312
41	19	419.063492063	24.6492042538
42	19	328.253968254	26.9178457675
43	19	341.031746032	23.5984720073
44	19	332.238095238	17.4107376882
45	19	332.095238095	23.7705395133
46	19	332.111111111	24.157624654
47	19	328.031746032	22.5092349683
0	20	405.333333333	23.5648379435
1	20	403.571428571	18.1175301286
2	20	408.285714286	20.6085423585
3	20	397.698412698	21.6967812115
4	20	412.222222222	23.9022111247
5	20	408.19047619	22.2980226491
6	20	409.904761905	28.0338311975
7	20	412.19047619	23.520917501
8	20	170.825396825	23.0055477661
9	20	404.365079365	21.3551239807
10	20	403.349206349	24.7329602912
11	20	398.984126984	16.3216596412
12	20	392.428571429	20.0829346222
13	20	385.73015873	24.1537445578
14	20	370.714285714	54.3204567188
15	20	385.317460317	22.3065407141
16	20	394.603174603	21.4694612811
17	20	395.476190476	18.3924217856
18	20	323.253968254	15.2689832449
19	20	317.888888889	16.3028005298
20	20	-1	0
21	20	322.619047619	17.2943045689
22	20	312.222222222	18.4239702772
23	20	308.412698413	19.0293298438
24	20	339.793650794	13.7334705612
25	20	332.333333333	7.92224114515
26	20	337.746031746	13.085758955
27	20	339.952380952	9.86001798419
28	20	342.19047619	17.9433474809
29	20	351.238095238	10.4876560634
30	20	342.619047619	25.6418733507
31	20	343.682539683	16.0028027276
32	20	351.619047619	10.8312138167
33	20	338.523809524	9.93447922898
34	20	340.317460317	10.1946537449
35	20	336.26984127	9.87896008473
36	20	415.746031746	18.8030462358
37	20	418.333333333	24.2028464809
38	20	409.761904762	24.4395686747
39	20	422.26984127	20.0342614072
40	20	417.047619048	32.7343461057
41	20	417.476190476	26.3136497519
42	20	335.333333333	24.0535117721
43	20	331.428571429	28.0513781942
44	20	334.047619048	18.9061412475
45	20	332.365079365	21.7870659077
46	20	333.523809524	25.0706032515
47	20	335.031746032	19.9817124756
0	21	409.793650794	23.7260547494
1	21	406.26984127	25.3522525528
2	21	405.396825397	22.4807075543
3	21	400.158730159	23.6208183327
4	21	409.158730159	24.7624949055
5	21	410.714285714	20.2142716922
6	21	417.523809524	29.2503464328
7	21	412.126984127	21.0037729517
8	21	172.476190476	25.0807313271
9	21	415.80952381	24.5795483077
10	21	399.571428571	25.5011448767
11	21	404.206349206	18.8554726426
12	21	397.26984127	22.8071322381
13	21	381.047619048	23.2723206198
14	21	366.825396825	54.5150451587
15	21	384.841269841	22.8544090076
16	21	390.26984127	31.3931578579
17	21	403.634920635	19.8712535351
18	21	316.73015873	19.5254870876
19	21	317.984126984	16.6738004385
20	21	317.174603175	17.9085327561
21	21	-1	0
22	21	306.555555556	20.3257423596
23	21	310.079365079	19.1122844126
24	21	339.952380952	13.8431446233
25	21	334.142857143	9.86553587931
26	21	341.53968254	12.3889676945
27	21	343.904761905	13.0075854374
28	21	344.380952381	21.5822006112
29	21	348.063492063	10.3292972392
30	21	335.555555556	29.7949488516
31	21	344.761904762	23.5962831925
32	21	356.523809524	12.4388754951
33	21	337.603174603	9.86502509275
34	21	336.952380952	22.5912109412
35	21	335.476190476	11.985251708
36	21	411.0	25.3996625399
37	21	412.507936508	23.638059851
38	21	416.301587302	25.3656654083
39	21	409.650793651	29.9799714784
40	21	416.73015873	27.9325754808
41	21	407.777777778	27.4783865683
42	21	324.063492063	29.8960490121
43	21	329.095238095	27.930591004
44	21	337.142857143	19.9012300353
45	21	331.26984127	24.5888130127
46	21	336.873015873	17.8035951992
47	21	319.634920635	26.6245510208
0	22	402.126984127	23.5981517056
1	22	406.761904762	24.4142258073
2	22	406.380952381	28.1534505886
3	22	404.492063492	26.2314926539
4	22	409.285714286	27.0181764635
5	22	412.825396825	24.3972023393
6	22	409.777777778	26.5780936436
7	22	406.777777778	26.5971978739
8	22	180.079365079	29.3929597376
9	22	412.19047619	26.7616505665
10	22	409.46031746	27.0577427212
11	22	406.26984127	25.9640816301
12	22	394.301587302	17.3366616957
13	22	382.984126984	18.0154184965
14	22	372.80952381	54.0408009125
15	22	393.634920635	18.9956566358
16	22	389.063492063	30.9894365084
17	22	398.73015873	19.440757668
18	22	319.555555556	19.7723374005
19	22	315.031746032	18.1002220928
20	22	318.746031746	18.2199683358
21	22	318.047619048	23.6558852514
22	22	-1	0
23	22	318.53968254	20.1847226503
24	22	324.412698413	25.8061361724
25	22	335.793650794	10.0477569639
26	22	331.46031746	11.4001189033
27	22	344.873015873	9.07725583225
28	22	345.158730159	10.8718456096
29	22	349.793650794	10.8615511333
30	22	345.555555556	19.4461223766
31	22	335.412698413	30.0220209765
32	22	350.46031746	12.078874904
33	22	341.80952381	13.4032182144
34	22	338.968253968	20.3820402222
35	22	346.301587302	11.2822868905
36	22	408.126984127	29.5841506599
37	22	420.206349206	21.3364274022
38	22	416.73015873	30.383896293
39	22	419.126984127	28.5315153312
40	22	421.793650794	28.8939817594
41	22	411.015873016	30.3526845985
42	22	324.111111111	30.8982514074
43	22	336.492063492	19.5162716123
44	22	334.80952381	20.3749434845
45	22	330.587301587	22.7844523156
46	22	331.301587302	23.133590585
47	22	334.857142857	18.623127065
0	23	403.412698413	18.8920365525
1	23	410.222222222	22.8170393336
2	23	406.174603175	30.3939946463
3	23	399.666666667	27.3211354897
4	23	415.158730159	25.6992411408
5	23	409.825396825	24.4764478195
6	23	401.698412698	31.9094129122
7	23	412.80952381	25.7718051569
8	23	173.142857143	28.7097445671
9	23	411.841269841	24.695739848
10	23	409.682539683	27.8253198597
11	23	408.253968254	19.9713829027
12	23	392.825396825	33.2386940714
13	23	387.015873016	23.747007874
14	23	384.666666667	48.6138003791
15	23	397.523809524	18.6945855355
16	23	404.206349206	19.825555682
17	23	394.174603175	17.7259022047
18	23	319.746031746	27.6049042422
19	23	317.555555556	18.1114519395
20	23	324.301587302	23.1829404442
21	23	320.047619048	22.452368328
22	23	309.952380952	17.8560634594
23	23	-1	0
24	23	341.095238095	20.2231317231
25	23	340.412698413	13.5396360185
26	23	343.714285714	14.6779486602
27	23	341.555555556	11.0980876056
28	23	336.746031746	33.7948846763
29	23	354.571428571	14.7041882444
30	23	343.904761905	31.9213887024
31	23	333.507936508	37.9426773226
32	23	355.301587302	9.9914803718
33	23	340.920634921	12.3227774483
34	23	341.968253968	20.3750300449
35	23	337.317460317	10.2443563973
36	23	414.412698413	26.4338857329
37	23	410.492063492	25.9595980451
38	23	413.428571429	26.0406972609
39	23	414.714285714	28.1523229589
40	23	409.777777778	27.6218480609
41	23	420.746031746	26.6523582172
42	23	331.46031746	31.2769631725
43	23	335.793650794	20.6990213174
44	23	335.634920635	18.7026028129
45	23	336.317460317	22.1515884248
46	23	336.095238095	19.1772966678
47	23	335.793650794	21.1398658449
0	24	311.603174603	18.4653598322
1	24	311.349206349	13.9979122368
2	24	309.333333333	14.7841614091
3	24	306.349206349	14.2139644394
4	24	312.857142857	12.3710583177
5	24	312.111111111	9.94446661344
6	24	390.0	15.545121217
7	24	389.984126984	15.9149446224
8	24	154.396825397	15.5201248589
9	24	389.285714286	13.8213414131
10	24	387.031746032	13.8219611936
11	24	375.174603175	13.2731255904
12	24	368.349206349	19.3638172891
13	24	367.380952381	22.9895963851
14	24	339.984126984	49.2694219423
15	24	367.285714286	20.0486935579
16	24	369.015873016	29.6811051347
17	24	371.714285714	21.0573130014
18	24	420.714285714	16.3284040875
19	24	415.53968254	16.8427134609
20	24	417.26984127	21.7549165027
21	24	405.238095238	13.1121103428
22	24	410.26984127	15.8627109407
23	24	408.126984127	35.7435717668
24	24	-1	0
25	24	333.73015873	19.833598517
26	24	346.80952381	6.253525083
27	24	349.904761905	5.83833604724
28	24	330.888888889	54.0338257112
29	24	356.444444444	4.06993536776
30	24	351.952380952	32.2777768021
31	24	354.396825397	37.2705848875
32	24	366.857142857	7.33735202194
33	24	350.126984127	5.53342531046
34	24	346.841269841	22.7353346062
35	24	350.857142857	6.91411517565
36	24	358.73015873	14.707957407
37	24	353.682539683	23.5114463153
38	24	358.761904762	24.7935694977
39	24	353.111111111	32.044666798
40	24	355.857142857	30.0533161907
41	24	357.301587302	25.5197619787
42	24	380.063492063	6.06544471177
43	24	380.888888889	6.3598719941
44	24	365.603174603	7.19907331457
45	24	368.841269841	7.4646390725
46	24	361.968253968	17.6922261235
47	24	368.19047619	7.03473726195
0	25	310.523809524	12.5139378077
1	25	310.857142857	12.1248232098
2	25	312.333333333	13.9761701955
3	25	311.174603175	12.9498908282
4	25	312.047619048	11.8555171959
5	25	310.888888889	12.4901372025
6	25	391.396825397	15.3731777163
7	25	385.920634921	16.9820648503
8	25	156.936507937	14.4747980394
9	25	381.46031746	14.7839739452
10	25	383.53968254	15.8803316474
11	25	373.26984127	12.3187898153
12	25	369.46031746	21.2310235694
13	25	368.523809524	22.0244144061
14	25	352.73015873	37.3631710481
15	25	371.301587302	23.9706400578
16	25	363.793650794	31.5454616413
17	25	375.53968254	16.2498599719
18	25	418.492063492	18.208556349
19	25	416.253968254	19.9705880989
20	25	419.126984127	15.1400782782
21	25	427.841269841	13.7138631622
22	25	404.380952381	13.7637995071
23	25	412.158730159	16.9632715746
24	25	326.603174603	41.0897352039
25	25	-1	0
26	25	343.507936508	12.3967136145
27	25	348.031746032	9.26328861685
28	25	330.857142857	50.2987447042
29	25	351.73015873	15.9574895082
30	25	358.412698413	24.0169483283
31	25	354.476190476	29.2210280573
32	25	366.873015873	17.0466140226
33	25	353.222222222	8.05032671021
34	25	356.031746032	7.04175360097
35	25	357.761904762	8.43220260764
36	25	358.412698413	23.2472117602
37	25	361.365079365	20.9930461558
38	25	355.396825397	26.2657600052
39	25	361.984126984	24.6070657445
40	25	355.619047619	27.2876671785
41	25	352.587301587	28.1524393037
42	25	383.015873016	9.07200834154
43	25	366.920634921	8.04215399422
44	25	366.222222222	8.83076232925
45	25	373.80952381	9.32458287566
46	25	366.952380952	7.52652151243
47	25	368.301587302	8.19530434783
0	26	315.682539683	16.1430366302
1	26	317.904761905	13.574853369
2	26	316.857142857	14.2626798422
3	26	312.920634921	13.2788190182
4	26	316.73015873	14.0093011611
5	26	319.80952381	12.3902895195
6	26	392.492063492	18.8888755502
7	26	387.0	18.3277047637
8	26	158.952380952	15.0674974186
9	26	389.619047619	14.6790300396
10	26	391.984126984	14.8703306007
11	26	379.206349206	13.904616945
12	26	373.222222222	19.6197539299
13	26	369.492063492	18.6146153671
14	26	354.619047619	36.4850169602
15	26	374.26984127	23.3613480457
16	26	375.031746032	24.2224926653
17	26	368.46031746	18.1412669942
18	26	420.523809524	35.2550152428
19	26	418.698412698	14.5500067317
20	26	422.365079365	17.0072828352
21	26	408.015873016	17.7696835315
22	26	405.126984127	18.5861290346
23	26	411.380952381	26.7115268926
24	26	332.507936508	26.3703013664
25	26	343.603174603	13.0682453888
26	26	-1	0
27	26	338.412698413	17.0150586159
28	26	337.793650794	35.0691646449
29	26	347.650793651	15.5371124875
30	26	361.444444444	36.7297197159
31	26	358.682539683	25.5739360106
32	26	371.222222222	9.09987693
33	26	357.126984127	9.57591566096
34	26	359.53968254	22.6819454086
35	26	361.841269841	9.16377677253
36	26	357.682539683	23.1906011317
37	26	362.253968254	22.4697103025
38	26	354.603174603	27.7171310745
39	26	360.603174603	23.7329987152
40	26	349.825396825	32.9282720627
41	26	365.238095238	24.4596942743
42	26	379.793650794	8.5582202759
43	26	383.825396825	8.17184419461
44	26	370.174603175	9.58924609735
45	26	376.904761905	10.9162966651
46	26	375.349206349	9.30294155589
47	26	371.015873016	9.34776446153
0	27	318.746031746	13.4151871458
1	27	319.26984127	12.3997009042
2	27	325.063492063	15.4671931518
3	27	315.476190476	13.0077597633
4	27	319.857142857	14.2993585635
5	27	320.444444444	13.9781891074
6	27	397.73015873	16.4839569425
7	27	397.365079365	15.6075903261
8	27	164.634920635	18.5509179915
9	27	391.666666667	14.9825295086
10	27	380.174603175	18.3869688868
11	27	381.301587302	13.7525004025
12	27	373.650793651	22.1632892022
13	27	365.380952381	20.4282939264
14	27	367.46031746	32.2218625361
15	27	371.158730159	16.8223267639
16	27	374.365079365	21.9518242994
17	27	378.158730159	20.2924697498
18	27	425.380952381	20.5746249721
19	27	425.666666667	20.2398318583
20	27	424.031746032	21.8530214786
21	27	409.888888889	19.1859001726
22	27	413.920634921	18.520946175
23	27	418.53968254	15.5653516288
24	27	330.619047619	23.1718415402
25	27	338.333333333	16.3163176674
26	27	344.714285714	14.4644375849
27	27	-1	0
28	27	332.476190476	39.7435657737
29	27	349.555555556	18.4449225411
30	27	367.857142857	31.3251545267
31	27	365.73015873	20.2501862419
32	27	374.968253968	19.9491164255
33	27	362.079365079	9.7984475403
34	27	357.380952381	26.2191185373
35	27	362.920634921	11.6227767457
36	27	363.412698413	20.4509749996
37	27	363.587301587	28.1089913427
38	27	363.507936508	32.0410812769
39	27	353.412698413	33.5652101262
40	27	357.26984127	32.5918513281
41	27	353.904761905	31.5648560278
42	27	389.873015873	9.23673147628
43	27	385.412698413	19.7127264675
44	27	374.904761905	11.8572384773
45	27	377.857142857	8.89240293351
46	27	375.746031746	10.2631537805
47	27	376.126984127	10.4235570559
0	28	324.222222222	15.3027069339
1	28	327.634920635	16.3903781175
2	28	329.238095238	17.714413722
3	28	320.555555556	17.7556409796
4	28	329.26984127	15.2307191142
5	28	330.222222222	17.8791751207
6	28	405.031746032	15.5205631689
7	28	395.111111111	18.5533217931
8	28	171.317460317	19.2583318574
9	28	402.53968254	17.7547895589
10	28	396.015873016	18.8624865498
11	28	392.603174603	15.351479617
12	28	375.873015873	19.7423821463
13	28	370.682539683	20.5270440251
14	28	384.047619048	30.6446238437
15	28	374.333333333	23.4669642838
16	28	376.841269841	31.8305066555
17	28	379.079365079	16.6230873943
18	28	430.888888889	16.3339272109
19	28	431.365079365	15.9635513287
20	28	429.19047619	43.1696017178
21	28	430.904761905	19.1913623806
22	28	419.587301587	20.913757089
23	28	425.73015873	15.2411372625
24	28	331.222222222	31.7702288736
25	28	341.444444444	19.2648852182
26	28	340.650793651	19.3310004587
27	28	343.73015873	24.8386580097
28	28	-1	0
29	28	341.142857143	26.0407843388
30	28	369.0	31.8862064023
31	28	371.793650794	33.1117198501
32	28	378.936507937	9.28879341161
33	28	368.349206349	11.5870189137
34	28	360.698412698	20.6487133391
35	28	363.238095238	10.4178026591
36	28	363.174603175	21.6138841933
37	28	369.126984127	26.8585312411
38	28	365.777777778	25.8975052083
39	28	362.079365079	30.2226140431
40	28	357.666666667	30.5686840483
41	28	364.507936508	34.0181431591
42	28	389.904761905	9.11603207631
43	28	391.428571429	10.5765753237
44	28	376.412698413	11.1021732759
45	28	381.46031746	15.0868653027
46	28	378.857142857	11.0451557188
47	28	381.365079365	9.57891465387
0	29	326.428571429	15.2770335832
1	29	337.80952381	16.6912743509
2	29	329.952380952	18.762025622
3	29	326.888888889	17.6078185295
4	29	331.063492063	17.6544189494
5	29	340.492063492	18.4338138367
6	29	406.904761905	23.5248698431
7	29	398.619047619	19.6189320385
8	29	182.19047619	23.939644441
9	29	402.079365079	20.249477036
10	29	391.603174603	18.467078973
11	29	389.746031746	15.353990489
12	29	377.507936508	26.6356206276
13	29	380.523809524	22.451964345
14	29	359.793650794	43.0625822662
15	29	382.317460317	18.1543867599
16	29	382.142857143	28.4397760483
17	29	379.396825397	24.5340965736
18	29	436.015873016	32.153645064
19	29	439.396825397	15.3173205027
20	29	435.53968254	43.8525036468
21	29	419.523809524	18.0447918379
22	29	431.571428571	14.4438862617
23	29	427.587301587	14.428405538
24	29	324.698412698	37.0094946722
25	29	336.857142857	19.0686788339
26	29	335.476190476	18.1264142462
27	29	343.253968254	18.1230084874
28	29	336.365079365	39.1972227666
29	29	-1	0
30	29	370.301587302	27.3383473454
31	29	365.777777778	35.1312479929
32	29	381.095238095	10.6751666813
33	29	369.174603175	11.1191807431
34	29	369.507936508	27.9340908045
35	29	372.968253968	12.2888105692
36	29	372.380952381	22.6249115206
37	29	377.142857143	23.9913060595
38	29	363.079365079	27.1686686889
39	29	357.126984127	31.3781301169
40	29	366.19047619	31.5146008705
41	29	368.777777778	30.2908883804
42	29	399.761904762	12.2250254464
43	29	380.222222222	10.9144500759
44	29	379.682539683	10.7612258062
45	29	386.984126984	10.6390894459
46	29	386.476190476	11.5701547408
47	29	385.063492063	11.0537977613
0	30	830.984126984	55.3188426417
1	30	834.174603175	51.4699911591
2	30	814.698412698	57.6372440549
3	30	807.428571429	44.8254867574
4	30	821.666666667	52.1310923888
5	30	823.26984127	51.574328039
6	30	840.904761905	73.6830867901
7	30	838.444444444	70.9528745411
8	30	606.984126984	76.8136256232
9	30	840.984126984	66.2701283142
10	30	824.904761905	72.0440152688
11	30	808.841269841	68.3088704991
12	30	1336.57142857	216.310088581
13	30	1380.84126984	244.454962668
14	30	1312.63492063	210.787360061
15	30	1338.6984127	241.945070174
16	30	1353.31746032	253.237564943
17	30	1359.77777778	192.116981926
18	30	2176.76190476	643.99824298
19	30	2099.0	628.278903794
20	30	2321.11111111	657.989267802
21	30	2163.04761905	638.17078444
22	30	2147.65079365	678.374695328
23	30	2204.28571429	681.72124426
24	30	821.206349206	66.1343410854
25	30	828.238095238	65.5040806401
26	30	837.507936508	64.3548873382
27	30	853.301587302	59.0790793473
28	30	843.365079365	55.4262849762
29	30	827.349206349	62.040222163
30	30	-1	0
31	30	845.444444444	72.5034816411
32	30	861.222222222	71.8836017781
33	30	818.571428571	64.2281929605
34	30	835.857142857	60.9529761876
35	30	835.968253968	59.1618625156
36	30	882.761904762	65.4844496955
37	30	873.26984127	49.715765552
38	30	888.206349206	48.2638774287
39	30	869.793650794	56.1520494559
40	30	877.777777778	56.2388456509
41	30	887.380952381	66.9113197938
42	30	936.53968254	69.2185004623
43	30	944.174603175	67.8533759281
44	30	933.698412698	56.2261970577
45	30	957.063492063	53.1824869778
46	30	925.222222222	62.1440835898
47	30	913.53968254	87.3625587953
0	31	845.698412698	43.724111586
1	31	844.349206349	55.4431379612
2	31	833.73015873	65.9543387863
3	31	828.825396825	60.9445596834
4	31	839.746031746	53.2040004028
5	31	844.650793651	60.8193157314
6	31	850.857142857	67.081059031
7	31	843.428571429	77.3802637332
8	31	641.412698413	76.7563936473
9	31	847.619047619	69.3414437956
10	31	846.714285714	73.6832406633
11	31	853.952380952	68.2175391894
12	31	1471.42857143	238.344536153
13	31	1441.47619048	224.58348447
14	31	1411.95238095	234.364553131
15	31	1481.63492063	241.645700344
16	31	1481.44444444	245.802396941
17	31	1464.71428571	224.186177488
18	31	2717.57142857	880.992869082
19	31	2366.63492063	710.395872235
20	31	2535.15873016	784.50221213
21	31	2526.41269841	840.584804649
22	31	2985.57142857	855.473278725
23	31	2489.68253968	808.609443769
24	31	829.111111111	68.6713154023
25	31	848.396825397	68.7730428183
26	31	839.492063492	60.9540219687
27	31	842.285714286	69.2821304915
28	31	838.444444444	82.1492597765
29	31	842.396825397	77.0426679726
30	31	839.111111111	54.6446271226
31	31	-1	0
32	31	882.19047619	74.8893060675
33	31	874.111111111	73.3201527356
34	31	890.238095238	69.1388559776
35	31	885.857142857	70.7505919304
36	31	889.80952381	64.4470638298
37	31	877.634920635	63.1064360633
38	31	880.841269841	51.6923765062
39	31	900.523809524	40.8978041646
40	31	882.285714286	44.7310937525
41	31	888.301587302	45.9297721063
42	31	967.349206349	67.9813603609
43	31	958.079365079	89.2050076157
44	31	963.523809524	74.8727719053
45	31	950.825396825	80.3692943977
46	31	978.888888889	75.2235000243
47	31	977.46031746	72.3329658531
0	32	839.761904762	66.6765978997
1	32	827.80952381	60.0108077945
2	32	836.714285714	55.6483940844
3	32	833.380952381	59.8732599433
4	32	847.142857143	61.195460238
5	32	847.841269841	59.1748032901
6	32	881.0	75.4432405168
7	32	885.761904762	84.2527780684
8	32	660.492063492	82.2230557045
9	32	861.079365079	70.7957719093
10	32	874.746031746	84.2128761889
11	32	877.349206349	67.0008667867
12	32	1670.41269841	238.026651497
13	32	1570.31746032	288.88531395
14	32	1637.95238095	265.505055018
15	32	1659.31746032	286.20471225
16	32	1665.22222222	245.480509972
17	32	1652.82539683	328.424596438
18	32	3346.3968254	902.511355769
19	32	2967.01587302	812.139961588
20	32	3287.6031746	890.39261074
21	32	3572.50793651	1113.06000171
22	32	3432.17460317	1008.51707165
23	32	3638.61904762	1006.125563
24	32	842.825396825	73.364179591
25	32	873.19047619	63.1156301279
26	32	864.841269841	74.9131150383
27	32	845.380952381	80.7031457406
28	32	881.920634921	74.525653746
29	32	856.158730159	73.5764813936
30	32	891.698412698	79.5985233413
31	32	866.888888889	75.3323032191
32	32	-1	0
33	32	941.873015873	114.78489089
34	32	948.888888889	98.9837426304
35	32	924.952380952	86.9622119306
36	32	917.523809524	52.5571063997
37	32	900.746031746	42.2907428251
38	32	886.698412698	42.6375030243
39	32	885.603174603	54.6537556422
40	32	899.746031746	57.3947534392
41	32	895.380952381	51.4332449376
42	32	1018.57142857	106.654123412
43	32	990.238095238	84.0753090769
44	32	1039.49206349	97.9359805496
45	32	1015.93650794	87.8035095325
46	32	1005.6031746	98.1336211956
47	32	1014.04761905	81.2894941515
0	33	843.063492063	63.6772299928
1	33	827.619047619	47.3850919465
2	33	837.174603175	58.5080484716
3	33	837.253968254	51.9700671645
4	33	832.761904762	58.2323518563
5	33	829.682539683	58.650112761
6	33	898.333333333	91.2575285
7	33	897.761904762	90.1081738423
8	33	765.412698413	115.795747231
9	33	906.349206349	82.0280940511
10	33	919.793650794	101.075668454
11	33	902.904761905	97.6787274019
12	33	1732.6984127	262.546058539
13	33	1757.57142857	261.589203838
14	33	1816.15873016	295.145657145
15	33	1782.12698413	266.541488004
16	33	1758.04761905	316.191293745
17	33	1667.57142857	261.734490105
18	33	4741.41269841	1485.27400748
19	33	3549.3968254	998.168394669
20	33	3886.95238095	1245.19223261
21	33	4272.17460317	1137.87568071
22	33	4334.17460317	1232.00456786
23	33	4458.84126984	1287.2234942
24	33	868.936507937	80.0497609161
25	33	872.111111111	73.9792143934
26	33	880.714285714	62.74853532
27	33	873.158730159	70.6938865701
28	33	863.841269841	62.3350410637
29	33	895.126984127	72.0402207023
30	33	954.031746032	116.48039119
31	33	922.650793651	86.0607313674
32	33	920.53968254	102.114132442
33	33	-1	0
34	33	985.650793651	120.053183814
35	33	1009.36507937	137.317648386
36	33	883.587301587	55.2347472074
37	33	912.873015873	59.4942953284
38	33	905.793650794	49.0092828039
39	33	905.920634921	50.2616334436
40	33	899.317460317	59.5607800531
41	33	903.349206349	55.6391887501
42	33	1080.36507937	107.203308049
43	33	1047.74603175	106.814922008
44	33	1061.6031746	101.822057623
45	33	1078.92063492	117.553270814
46	33	1079.65079365	141.637942044
47	33	1060.96825397	135.58538202
0	34	859.587301587	65.9539605946
1	34	833.238095238	49.1682289617
2	34	823.888888889	63.1825551349
3	34	826.634920635	69.5407386796
4	34	819.253968254	65.889269366
5	34	858.349206349	66.3164991154
6	34	990.142857143	123.552939254
7	34	1007.96825397	152.66104879
8	34	776.53968254	113.792881385
9	34	952.904761905	137.016012769
10	34	1000.47619048	139.084861288
11	34	923.952380952	115.198300882
12	34	1921.14285714	256.948877451
13	34	1824.04761905	280.694853724
14	34	1841.6031746	283.066290945
15	34	1928.28571429	252.358866958
16	34	1907.0952381	242.746174461
17	34	1934.36507937	278.027194147
18	34	5497.0	1499.44623641
19	34	5254.52380952	1204.60420764
20	34	5282.11111111	1442.93995641
21	34	5249.66666667	1339.58190587
22	34	5515.65079365	1232.2775553
23	34	5118.38095238	1511.78195527
24	34	916.0	85.4948248689
25	34	883.047619048	96.9919696515
26	34	903.777777778	90.2746153292
27	34	880.333333333	68.1126517861
28	34	902.634920635	65.4375508883
29	34	890.238095238	75.3532873459
30	34	1026.15873016	144.886184817
31	34	1018.34920635	107.723066273
32	34	1015.41269841	135.493997398
33	34	992.507936508	124.555319898
34	34	-1	0
35	34	1078.04761905	112.104178953
36	34	893.063492063	55.2824990292
37	34	907.079365079	56.3735561072
38	34	899.523809524	65.4580580954
39	34	905.19047619	50.4896208548
40	34	895.19047619	55.8807849938
41	34	903.26984127	57.7515770002
42	34	1127.38095238	144.524554795
43	34	1174.79365079	150.094167133
44	34	1169.26984127	156.914718153
45	34	1151.96825397	161.771342475
46	34	1128.3015873	149.538298425
47	34	1144.11111111	162.151223863
0	35	837.555555556	57.3567996765
1	35	819.396825397	55.2660347148
2	35	816.555555556	63.1842299437
3	35	818.253968254	52.6093625122
4	35	811.73015873	68.3067791261
5	35	841.365079365	52.7408463697
6	35	1086.03174603	170.89363333
7	35	1057.26984127	162.52982206
8	35	823.634920635	150.06795303
9	35	1056.47619048	165.340999932
10	35	983.174603175	142.339805773
11	35	1092.65079365	182.29516957
12	35	2045.25396825	280.58781656
13	35	2030.55555556	311.983148598
14	35	2024.50793651	298.687545668
15	35	1991.47619048	259.629703167
16	35	2056.3968254	261.951379209
17	35	1959.58730159	252.378818
18	35	5867.9047619	1522.78219387
19	35	6063.33333333	1529.15465806
20	35	5633.25396825	1420.99109129
21	35	5322.12698413	1068.84458448
22	35	5831.52380952	1434.27949787
23	35	5997.73015873	1468.96537617
24	35	873.523809524	77.1481479667
25	35	883.317460317	79.1582352196
26	35	876.174603175	79.52448753
27	35	881.015873016	77.3947810191
28	35	857.492063492	71.2720860819
29	35	861.571428571	61.6698105468
30	35	1094.52380952	146.151786411
31	35	1107.06349206	174.740885087
32	35	1067.15873016	164.294760889
33	35	1362.47619048	322.882693188
34	35	1084.61904762	169.943447977
35	35	-1	0
36	35	887.682539683	59.5482531821
37	35	873.015873016	62.2890069191
38	35	890.571428571	53.1928847986
39	35	884.555555556	63.1317035486
40	35	876.126984127	52.2349673259
41	35	898.920634921	57.7658935973
42	35	1300.3968254	233.99657708
43	35	1260.88888889	168.216613104
44	35	1260.33333333	193.805662767
45	35	1343.96825397	205.776112598
46	35	1364.74603175	186.483921453
47	35	1328.44444444	191.275483023
0	36	733.158730159	67.4495005333
1	36	701.206349206	63.1722660491
2	36	693.587301587	61.8222323293
3	36	723.746031746	61.5456904102
4	36	708.206349206	68.0907794448
5	36	732.46031746	66.9251715278
6	36	1249.11111111	208.948015948
7	36	1168.95238095	224.959568048
8	36	944.079365079	179.160679996
9	36	1289.31746032	198.930300101
10	36	1149.77777778	185.180687776
11	36	1193.79365079	197.115883951
12	36	2040.55555556	252.073797318
13	36	2104.88888889	294.441365662
14	36	2018.65079365	260.521099211
15	36	1955.9047619	275.238696654
16	36	2031.23809524	269.29736407
17	36	2039.63492063	293.212653833
18	36	6347.82539683	1591.4405428
19	36	6518.25396825	1504.19835707
20	36	6476.52380952	1384.60708835
21	36	5966.34920635	1857.33129216
22	36	5712.53968254	1457.22912564
23	36	6640.01587302	1525.55672369
24	36	821.476190476	62.4222327972
25	36	831.031746032	71.0405581126
26	36	844.317460317	68.5407596025
27	36	807.079365079	70.6480886602
28	36	812.936507937	83.5533995235
29	36	824.73015873	69.8197694179
30	36	1253.73015873	219.294627237
31	36	1632.41269841	340.545716807
32	36	1307.76190476	225.007634035
33	36	1218.42857143	185.586048522
34	36	1254.0	211.982329302
35	36	1262.3968254	182.48448855
36	36	-1	0
37	36	731.079365079	51.1633864583
38	36	735.158730159	51.5355344658
39	36	751.031746032	61.6186346412
40	36	739.301587302	58.5848008136
41	36	724.333333333	54.3548014847
42	36	1345.57142857	233.896647525
43	36	1304.96825397	230.080591005
44	36	1349.82539683	209.624875817
45	36	1323.6984127	222.706272135
46	36	1328.26984127	227.688119072
47	36	1337.12698413	210.294162232
0	37	737.0	71.4811552478
1	37	734.873015873	71.7479034733
2	37	730.349206349	60.9658136653
3	37	736.206349206	61.5880215962
4	37	708.285714286	63.3244175608
5	37	720.603174603	64.8555267884
6	37	1294.06349206	230.820886583
7	37	1354.26984127	200.003825864
8	37	1065.17460317	229.836763308
9	37	1304.65079365	214.293535425
10	37	1301.04761905	216.424364777
11	37	1294.15873016	183.712698954
12	37	2113.20634921	295.27652677
13	37	2166.95238095	292.375895722
14	37	2180.57142857	262.617938089
15	37	2170.11111111	286.270662863
16	37	2217.26984127	311.548625793
17	37	2208.80952381	275.130379318
18	37	7267.34920635	1840.52471089
19	37	6825.28571429	1606.43830059
20	37	6858.31746032	1414.51855992
21	37	7158.25396825	1472.85326124
22	37	7266.6031746	1838.27299508
23	37	7095.01587302	2000.93839487
24	37	850.904761905	69.8482969048
25	37	886.888888889	86.0775049631
26	37	837.73015873	76.9892192719
27	37	838.73015873	67.9678276715
28	37	818.238095238	78.2250952884
29	37	860.301587302	61.4878062297
30	37	1412.28571429	215.399402261
31	37	1378.84126984	259.819241583
32	37	1387.28571429	258.485296537
33	37	1409.80952381	219.915557903
34	37	1332.28571429	249.287583565
35	37	1377.19047619	266.540973779
36	37	743.841269841	60.515564402
37	37	-1	0
38	37	776.888888889	73.265143862
39	37	749.174603175	64.5065616651
40	37	767.777777778	68.0766245327
41	37	762.619047619	70.8766934114
42	37	1432.74603175	222.706509713
43	37	1445.42857143	193.904878847
44	37	1455.73015873	201.673648549
45	37	1461.50793651	208.840021784
46	37	1436.04761905	211.687282728
47	37	1464.76190476	193.733552444
0	38	468.349206349	21.3401467767
1	38	458.825396825	18.5014282439
2	38	464.206349206	22.64856331
3	38	459.682539683	22.4583037967
4	38	467.031746032	21.8972842079
5	38	468.634920635	23.7816132707
6	38	569.301587302	26.5841789211
7	38	558.761904762	53.1014943997
8	38	341.523809524	21.4482449372
9	38	576.682539683	22.1114244671
10	38	569.746031746	19.0895702048
11	38	566.555555556	17.3523501704
12	38	471.142857143	25.5435247241
13	38	467.936507937	21.3473711373
14	38	467.206349206	37.0457283831
15	38	475.46031746	21.4733688124
16	38	478.507936508	22.2595604685
17	38	473.698412698	22.5343722786
18	38	5020.57142857	1496.63828284
19	38	4492.66666667	1500.22809906
20	38	4835.58730159	1665.05402586
21	38	4877.95238095	1423.17104493
22	38	4493.19047619	1514.70508269
23	38	4950.77777778	1790.63285296
24	38	435.238095238	25.4425679333
25	38	434.492063492	30.7611758067
26	38	439.349206349	24.4119140378
27	38	441.238095238	28.64823011
28	38	435.0	25.9951155363
29	38	441.793650794	27.8397675655
30	38	531.904761905	49.1601575306
31	38	520.26984127	56.2023572768
32	38	541.301587302	28.8458601583
33	38	534.666666667	30.8400893499
34	38	517.714285714	38.260771311
35	38	529.111111111	27.5554915514
36	38	385.095238095	26.2065751387
37	38	381.333333333	22.0057712488
38	38	-1	0
39	38	397.873015873	27.5626225303
40	38	404.222222222	30.3207427792
41	38	400.777777778	25.7086511561
42	38	475.317460317	21.7173951176
43	38	477.0	22.2774710029
44	38	478.031746032	21.4653417618
45	38	475.46031746	20.2498876319
46	38	477.063492063	21.2974944617
47	38	482.349206349	21.950997902
0	39	462.619047619	20.4709849419
1	39	464.714285714	17.1283006982
2	39	460.698412698	16.6558392646
3	39	473.317460317	20.2999924911
4	39	478.222222222	18.5073511302
5	39	475.0	24.0845073037
6	39	569.111111111	22.2697111628
7	39	564.317460317	19.6701573955
8	39	338.841269841	19.5823100841
9	39	576.571428571	20.6595335507
10	39	570.603174603	20.097808206
11	39	569.111111111	21.9683113129
12	39	479.095238095	22.3256662644
13	39	474.555555556	21.3257261569
14	39	473.111111111	57.3322566652
15	39	478.968253968	18.9677824209
16	39	493.047619048	22.1641986248
17	39	478.0	24.1536089518
18	39	5525.01587302	1606.62176871
19	39	5725.23809524	1778.19922031
20	39	5411.3015873	1626.51892025
21	39	5367.06349206	1606.00273649
22	39	5481.01587302	1600.03924051
23	39	5572.80952381	1844.59349724
24	39	453.857142857	31.298286957
25	39	458.904761905	29.5214284754
26	39	446.555555556	23.9090723153
27	39	446.571428571	26.944218855
28	39	446.46031746	28.1463439769
29	39	446.380952381	23.9817579955
30	39	620.222222222	156.619592162
31	39	550.857142857	50.053893857
32	39	574.777777778	95.3112602559
33	39	559.0	64.0166149068
34	39	597.698412698	106.415721914
35	39	570.26984127	79.9109040276
36	39	410.634920635	30.6595755711
37	39	392.492063492	30.763755739
38	39	387.73015873	24.4509267843
39	39	-1	0
40	39	432.46031746	59.6888294558
41	39	421.873015873	40.6734935969
42	39	482.904761905	23.4308941938
43	39	471.095238095	31.5386959528
44	39	483.492063492	22.0647481657
45	39	477.634920635	19.4962768829
46	39	481.984126984	20.670884411
47	39	486.047619048	19.406616914
0	40	472.746031746	21.7437955055
1	40	474.111111111	19.9420677719
2	40	471.984126984	19.3542514615
3	40	479.301587302	20.9774140981
4	40	479.253968254	22.4209144525
5	40	476.46031746	19.1284923333
6	40	570.46031746	21.2653868825
7	40	578.111111111	25.2109267764
8	40	350.301587302	23.2383337658
9	40	580.984126984	19.2234084019
10	40	577.349206349	22.411135788
11	40	567.80952381	20.6934213477
12	40	480.587301587	25.1065253774
13	40	484.095238095	23.745819539
14	40	476.666666667	47.6921343886
15	40	487.174603175	23.4754445721
16	40	485.19047619	22.7483522116
17	40	484.380952381	31.1577800274
18	40	5629.80952381	1766.38436071
19	40	6028.3968254	1600.82414826
20	40	5889.58730159	1606.06525629
21	40	6199.28571429	1404.95970036
22	40	5878.28571429	1393.82568686
23	40	6271.38095238	1728.85418913
24	40	457.301587302	34.0916760872
25	40	460.111111111	33.2947925339
26	40	451.174603175	28.4122372934
27	40	457.746031746	33.5743516308
28	40	456.349206349	29.7786323362
29	40	447.0	32.5844446285
30	40	584.523809524	124.254329188
31	40	585.0	114.423746009
32	40	588.142857143	98.565401242
33	40	586.19047619	70.6787629231
34	40	604.492063492	117.208520333
35	40	591.793650794	95.0684229334
36	40	476.619047619	96.7163137815
37	40	467.015873016	80.0088273034
38	40	443.682539683	60.9349966942
39	40	464.285714286	93.8366409924
40	40	-1	0
41	40	638.619047619	195.433456265
42	40	488.80952381	23.0801619914
43	40	480.904761905	19.8747780546
44	40	478.317460317	21.9058775883
45	40	485.825396825	22.937831565
46	40	483.53968254	20.267125149
47	40	496.80952381	21.0787315835
0	41	475.46031746	23.6494406772
1	41	473.492063492	19.8749048243
2	41	480.904761905	18.4026518842
3	41	479.444444444	22.3299768464
4	41	484.825396825	19.3624900689
5	41	473.349206349	20.3790732457
6	41	580.666666667	22.4428728037
7	41	580.587301587	23.535609576
8	41	353.793650794	19.1900757504
9	41	584.793650794	20.8571549371
10	41	582.380952381	24.6888115341
11	41	570.428571429	22.6300224002
12	41	482.412698413	18.9582958519
13	41	489.253968254	20.9769096442
14	41	492.523809524	31.9795853249
15	41	490.761904762	20.6241608089
16	41	486.253968254	20.4458000142
17	41	490.396825397	24.2614984571
18	41	6376.79365079	1931.41619362
19	41	6226.36507937	1720.33549055
20	41	6128.76190476	1504.15260871
21	41	6058.96825397	1540.16422509
22	41	6410.52380952	1643.19450642
23	41	6628.46031746	1864.7718174
24	41	452.206349206	26.6976954776
25	41	463.317460317	31.642258963
26	41	461.80952381	30.7642635097
27	41	455.523809524	29.4202484763
28	41	465.111111111	29.4726729017
29	41	460.857142857	33.9125191768
30	41	1408.9047619	482.673398871
31	41	634.238095238	145.605219064
32	41	631.746031746	156.159154493
33	41	604.285714286	111.725205491
34	41	611.587301587	129.66802973
35	41	649.73015873	166.749713248
36	41	723.238095238	243.19465809
37	41	620.857142857	192.299688164
38	41	611.158730159	175.520107504
39	41	619.952380952	172.334892557
40	41	568.476190476	138.092430185
41	41	-1	0
42	41	492.317460317	18.9123503755
43	41	497.793650794	24.3409373182
44	41	487.634920635	16.3622693999
45	41	479.492063492	30.6666009398
46	41	491.714285714	21.0460029545
47	41	487.555555556	18.9876967499
0	42	383.158730159	17.778358834
1	42	380.476190476	19.096128705
2	42	383.333333333	13.569339856
3	42	386.952380952	12.3782048233
4	42	385.111111111	11.7515431085
5	42	385.587301587	14.6695180352
6	42	391.19047619	14.5032641568
7	42	383.142857143	12.4261081303
8	42	168.238095238	14.8085285227
9	42	395.46031746	12.2795809308
10	42	401.825396825	15.8049014725
11	42	381.047619048	14.245498951
12	42	410.015873016	16.5955550212
13	42	399.158730159	25.6633927097
14	42	407.492063492	29.1818997042
15	42	413.412698413	22.5864370882
16	42	401.428571429	37.2122672578
17	42	403.079365079	23.6302883305
18	42	5959.19047619	1574.09482033
19	42	6383.44444444	1687.22295342
20	42	5908.95238095	1656.87443776
21	42	5896.12698413	1552.41141139
22	42	5779.23809524	1715.01812397
23	42	6150.6031746	2025.14042264
24	42	345.317460317	35.9076528947
25	42	345.333333333	47.5374539054
26	42	343.317460317	40.9567427233
27	42	352.666666667	44.78094833
28	42	373.111111111	68.1588040898
29	42	348.555555556	40.6564303189
30	42	448.412698413	76.3533213424
31	42	484.571428571	126.302950774
32	42	506.841269841	134.417757513
33	42	442.634920635	71.8751787492
34	42	505.412698413	155.807943938
35	42	478.825396825	103.116137281
36	42	1150.98412698	356.350215292
37	42	907.523809524	242.605686814
38	42	1021.04761905	342.847387427
39	42	1061.01587302	365.057355444
40	42	1041.74603175	275.914005942
41	42	1048.03174603	275.172152076
42	42	-1	0
43	42	328.349206349	10.6788007325
44	42	313.031746032	15.997984252
45	42	307.952380952	20.7482480205
46	42	319.19047619	18.0324725988
47	42	325.412698413	7.94152222551
0	43	400.73015873	15.6085104474
1	43	406.603174603	21.2666664297
2	43	400.73015873	19.8359993
3	43	406.952380952	19.9860495564
4	43	405.555555556	19.975999709
5	43	406.174603175	14.7503453632
6	43	404.380952381	18.0083125175
7	43	394.0	15.9682224115
8	43	169.492063492	20.491479465
9	43	412.920634921	15.5076034472
10	43	406.523809524	16.6092889892
11	43	392.73015873	15.3407915083
12	43	414.238095238	20.9502163384
13	43	413.206349206	20.9384272921
14	43	406.761904762	35.8252878169
15	43	411.634920635	18.2889519841
16	43	409.253968254	30.8843044609
17	43	411.507936508	24.9315717584
18	43	5809.17460317	1693.25765241
19	43	6125.01587302	1648.07463897
20	43	5881.50793651	1571.35125223
21	43	6119.19047619	1507.03335042
22	43	6146.58730159	1594.67230684
23	43	6101.52380952	1706.99527953
24	43	357.904761905	48.2998946023
25	43	369.412698413	45.5947069194
26	43	360.317460317	44.2703904762
27	43	342.746031746	29.0500215851
28	43	386.396825397	63.9522489726
29	43	388.428571429	66.4390672712
30	43	633.53968254	258.653646297
31	43	576.53968254	191.144657711
32	43	700.920634921	341.969891072
33	43	644.079365079	265.323001808
34	43	719.793650794	329.233075096
35	43	674.142857143	291.814295
36	43	1197.65079365	340.22299684
37	43	1104.03174603	298.886078433
38	43	1094.38095238	240.724398073
39	43	1148.71428571	303.811785333
40	43	1088.9047619	367.202755907
41	43	1079.12698413	321.99450316
42	43	327.238095238	10.7448242036
43	43	-1	0
44	43	315.047619048	16.9241337697
45	43	319.46031746	15.8402996172
46	43	322.825396825	20.891662864
47	43	331.746031746	26.8049795504
0	44	886.0	63.3202994107
1	44	864.619047619	64.8775228451
2	44	884.936507937	63.5829349712
3	44	880.873015873	60.3612122022
4	44	880.396825397	62.2569023859
5	44	874.031746032	52.6997991785
6	44	1860.28571429	144.265895228
7	44	1815.46031746	130.15556326
8	44	1630.85714286	174.881261953
9	44	1827.88888889	186.521551681
10	44	1854.6031746	144.948325733
11	44	1873.68253968	163.941416695
12	44	2669.11111111	346.193546707
13	44	2598.14285714	282.958343288
14	44	2616.22222222	275.636374477
15	44	2690.74603175	336.636253612
16	44	2674.6031746	266.432190943
17	44	2721.25396825	364.543244033
18	44	8800.04761905	2443.67242127
19	44	9301.68253968	2034.97632938
20	44	9690.79365079	1773.91383408
21	44	9221.47619048	2258.58864385
22	44	9199.14285714	1957.17997532
23	44	9265.28571429	1936.91773988
24	44	961.53968254	74.3825003734
25	44	944.920634921	81.4143432602
26	44	979.507936508	118.661432872
27	44	940.285714286	81.1732281637
28	44	940.825396825	80.1955031163
29	44	960.53968254	86.3155571692
30	44	2974.92063492	541.424907267
31	44	3027.82539683	677.630032966
32	44	3033.52380952	622.629137677
33	44	2882.31746032	607.95524651
34	44	2999.82539683	668.357060253
35	44	2784.07936508	609.809267646
36	44	1710.68253968	384.692737641
37	44	1670.55555556	317.008926707
38	44	1771.41269841	321.003319714
39	44	1742.80952381	290.355330048
40	44	1773.0952381	320.081721424
41	44	1687.47619048	321.449537235
42	44	2114.80952381	282.942186991
43	44	1973.66666667	239.704646305
44	44	-1	0
45	44	2627.84126984	559.695132614
46	44	2822.85714286	615.273248295
47	44	2814.82539683	587.50879871
0	45	873.603174603	78.345701087
1	45	874.301587302	62.2520822424
2	45	896.587301587	45.6541988266
3	45	867.650793651	66.3052485964
4	45	902.174603175	53.2459223217
5	45	870.873015873	61.2612133081
6	45	1893.42857143	170.494026734
7	45	1894.01587302	157.238721761
8	45	1630.20634921	187.608690929
9	45	1876.71428571	191.195273616
10	45	1878.6984127	148.510983499
11	45	1908.17460317	207.789999277
12	45	2586.20634921	337.553906746
13	45	2680.17460317	296.244351078
14	45	2805.65079365	376.695960038
15	45	2605.73015873	354.161034413
16	45	2780.26984127	391.382296213
17	45	2568.88888889	353.046834031
18	45	9042.52380952	1688.49437823
19	45	9520.19047619	2269.12464667
20	45	9287.01587302	1903.56809904
21	45	9293.06349206	1810.43081668
22	45	8940.36507937	1869.563155
23	45	9568.03174603	1840.37691074
24	45	958.698412698	93.4890936548
25	45	952.46031746	97.4442983578
26	45	982.73015873	111.049425054
27	45	945.571428571	89.4547352568
28	45	937.904761905	91.303908066
29	45	936.53968254	80.8961367015
30	45	2984.0	490.357077538
31	45	2959.88888889	630.582248229
32	45	3040.74603175	620.200990674
33	45	3043.07936508	577.499104695
34	45	2843.14285714	697.727919345
35	45	2959.07936508	541.571326455
36	45	1893.34920635	363.435248211
37	45	1669.49206349	254.484282299
38	45	1606.50793651	280.360701513
39	45	1678.52380952	325.902354504
40	45	1779.87301587	277.304685566
41	45	1627.34920635	307.370473881
42	45	2877.31746032	657.705483019
43	45	2660.07936508	586.336387051
44	45	2687.01587302	665.669003312
45	45	-1	0
46	45	4264.61904762	915.532448578
47	45	4010.36507937	891.361065594
0	46	875.285714286	63.3489776596
1	46	880.174603175	75.9087881401
2	46	881.142857143	59.5402643923
3	46	865.666666667	61.0815224184
4	46	881.650793651	66.0478803549
5	46	859.714285714	63.9251617429
6	46	1892.3968254	167.399203473
7	46	1852.63492063	158.31767357
8	46	1649.34920635	151.509982774
9	46	1857.06349206	194.988471211
10	46	1860.66666667	139.317953127
11	46	1882.66666667	185.042080156
12	46	2714.23809524	380.171795514
13	46	2648.07936508	353.26784216
14	46	2555.65079365	321.770210758
15	46	2523.50793651	367.763505488
16	46	2683.33333333	334.210465008
17	46	2721.0952381	387.663932115
18	46	9769.95238095	2047.01478681
19	46	9255.17460317	1898.84359579
20	46	9494.57142857	1576.6380921
21	46	9359.68253968	1877.7911697
22	46	9203.06349206	1982.3850544
23	46	9475.98412698	1725.32492907
24	46	946.317460317	91.4133860846
25	46	946.523809524	74.7703058671
26	46	954.206349206	88.2694573595
27	46	920.0	77.1238953768
28	46	942.031746032	75.2646058712
29	46	952.571428571	98.6271983939
30	46	3059.26984127	684.98683121
31	46	2982.46031746	551.150508796
32	46	3003.50793651	662.49942493
33	46	2877.63492063	575.316374014
34	46	3127.93650794	654.24768071
35	46	3026.95238095	721.329315819
36	46	1840.14285714	353.077484061
37	46	1724.33333333	309.024630446
38	46	1660.01587302	321.251446396
39	46	1668.6031746	312.190089614
40	46	1755.11111111	362.191877198
41	46	1749.28571429	319.293189075
42	46	3945.47619048	1014.18546341
43	46	4171.11111111	1017.99296956
44	46	3958.01587302	902.84890353
45	46	3963.52380952	1018.82611967
46	46	-1	0
47	46	5441.14285714	1227.6930858
0	47	862.333333333	72.9422472136
1	47	881.079365079	66.5504466939
2	47	886.476190476	55.7152218074
3	47	884.571428571	71.3975488187
4	47	891.301587302	52.3042487942
5	47	873.428571429	54.9555994766
6	47	1868.57142857	147.089942712
7	47	1847.26984127	183.939362537
8	47	1627.06349206	189.577799334
9	47	1878.06349206	192.23273535
10	47	1814.82539683	156.043597864
11	47	1882.87301587	162.313775302
12	47	2573.0	257.28256346
13	47	2574.82539683	362.852741992
14	47	2670.96825397	331.325235517
15	47	2588.74603175	308.532932474
16	47	2700.87301587	291.676298729
17	47	2663.15873016	363.950118959
18	47	9540.49206349	2417.95970579
19	47	9302.20634921	2028.18812063
20	47	9419.61904762	1725.01182355
21	47	9165.79365079	2065.9783044
22	47	9304.6031746	1767.88651093
23	47	9407.07936508	1806.83296811
24	47	966.888888889	100.273136682
25	47	963.317460317	79.5482932877
26	47	927.380952381	74.313883548
27	47	965.26984127	108.951890701
28	47	966.952380952	79.8404020275
29	47	926.095238095	86.8115481832
30	47	2943.93650794	552.812315606
31	47	3070.93650794	631.238964964
32	47	3231.96825397	556.937686186
33	47	3032.38095238	649.368543794
34	47	3006.74603175	628.75210166
35	47	2952.46031746	534.961527333
36	47	1731.73015873	352.011147296
37	47	1714.26984127	308.060147
38	47	1750.04761905	315.861152366
39	47	1671.98412698	325.203354796
40	47	1778.66666667	340.027776643
41	47	1710.04761905	307.201315958
42	47	5355.79365079	1241.73199775
43	47	5701.96825397	1192.53096154
44	47	5232.79365079	1164.91407352
45	47	5200.15873016	1240.71175433
46	47	5537.36507937	1109.7098477
47	47	-1	0
