# src_core	dest_core	cost	stderr
0	0	-1	0
1	0	328.666666667	14.0678627341
2	0	328.428571429	11.4458203167
3	0	324.650793651	10.2696327351
4	0	340.888888889	15.1574918467
5	0	339.476190476	18.2616408996
6	0	341.873015873	14.0028251838
7	0	343.031746032	14.5689038861
8	0	335.968253968	12.759022023
9	0	327.619047619	12.5235379293
10	0	328.571428571	15.4536832674
11	0	331.603174603	15.1767780868
12	0	312.571428571	4.79984882604
13	0	313.412698413	4.94937841419
14	0	311.031746032	4.64610522661
15	0	312.984126984	5.43209762019
16	0	331.26984127	14.9392487744
17	0	331.698412698	14.4085897227
18	0	327.349206349	12.1800757552
19	0	330.412698413	14.0922526511
20	0	310.111111111	3.13257899284
21	0	310.26984127	3.92875580776
22	0	309.682539683	3.11078715515
23	0	311.111111111	4.58122847291
24	0	324.444444444	13.2925301589
25	0	331.920634921	12.2439510006
26	0	334.714285714	14.0152168679
27	0	326.777777778	16.1367611908
28	0	371.063492063	14.3658247636
29	0	366.158730159	13.5520236282
30	0	369.222222222	13.5065468481
31	0	368.206349206	12.6743820239
0	1	331.238095238	10.7226422438
1	1	-1	0
2	1	328.793650794	18.7101184153
3	1	334.698412698	17.2255208603
4	1	332.952380952	12.0914879826
5	1	332.523809524	15.4528028411
6	1	329.015873016	11.5022317551
7	1	323.73015873	9.89501453628
8	1	320.031746032	11.295410297
9	1	327.158730159	13.0094060589
10	1	326.126984127	11.2284955861
11	1	318.174603175	11.5902801129
12	1	322.26984127	13.3335789849
13	1	322.206349206	12.9236570702
14	1	318.238095238	11.6683186391
15	1	324.507936508	14.8899380278
16	1	327.968253968	14.3416014403
17	1	323.952380952	18.1409197816
18	1	326.253968254	12.1262777157
19	1	326.746031746	15.013188122
20	1	310.682539683	6.37162707989
21	1	314.111111111	9.55869272976
22	1	310.015873016	4.72914658395
23	1	313.53968254	8.97761837267
24	1	330.26984127	15.7532625487
25	1	335.396825397	12.4588716177
26	1	331.968253968	14.697984155
27	1	327.301587302	13.4029550409
28	1	368.349206349	13.6836813135
29	1	368.73015873	13.818789083
30	1	370.222222222	12.2622720446
31	1	366.492063492	13.9964542175
0	2	322.825396825	5.1440817668
1	2	318.682539683	7.0729204063
2	2	-1	0
3	2	319.444444444	3.54462605894
4	2	346.492063492	13.9601166774
5	2	346.412698413	15.6819934356
6	2	346.507936508	18.5975531894
7	2	346.793650794	15.5309815614
8	2	337.873015873	13.0475224961
9	2	326.047619048	13.0620358308
10	2	323.26984127	5.28311581107
11	2	339.047619048	15.9895090323
12	2	329.206349206	13.0568460789
13	2	325.968253968	14.6990640604
14	2	330.365079365	12.0716138074
15	2	323.079365079	11.8432910314
16	2	332.349206349	27.1416968099
17	2	335.047619048	25.3404930806
18	2	331.841269841	26.0537943794
19	2	333.603174603	25.8226796358
20	2	311.365079365	6.89674776656
21	2	312.492063492	7.31572130973
22	2	308.079365079	2.35905272421
23	2	309.777777778	3.31156915975
24	2	334.126984127	13.2730686438
25	2	343.238095238	10.7625368546
26	2	325.253968254	7.10905582543
27	2	335.095238095	14.2179344444
28	2	376.761904762	12.1873135779
29	2	379.349206349	12.8398668961
30	2	380.301587302	11.5382523513
31	2	381.396825397	12.1060652286
0	3	322.380952381	4.17638322843
1	3	319.587301587	4.76972902174
2	3	318.857142857	6.95531575369
3	3	-1	0
4	3	347.793650794	17.3270673016
5	3	343.571428571	20.7561154008
6	3	347.174603175	15.3059171902
7	3	349.968253968	11.4420114976
8	3	338.444444444	12.5669985781
9	3	331.428571429	14.2090003734
10	3	329.46031746	11.4307096765
11	3	338.19047619	13.8298700689
12	3	327.349206349	14.2641283124
13	3	326.444444444	13.1484536815
14	3	326.317460317	12.7849432733
15	3	328.571428571	13.0331863172
16	3	333.968253968	25.1856398074
17	3	335.634920635	22.5129956031
18	3	335.825396825	23.1938276426
19	3	337.142857143	19.4975433071
20	3	315.317460317	10.6216690716
21	3	310.857142857	4.01922816114
22	3	309.412698413	3.31248202456
23	3	312.047619048	6.51598418404
24	3	335.031746032	12.8223122175
25	3	345.936507937	9.84945895843
26	3	324.761904762	7.48058712091
27	3	335.26984127	11.9552158362
28	3	375.349206349	13.7045453358
29	3	372.46031746	12.5189702361
30	3	380.412698413	12.7834651643
31	3	377.0	12.6503654505
0	4	395.507936508	13.1437389475
1	4	390.857142857	14.3768521433
2	4	398.111111111	14.8805947047
3	4	391.063492063	15.5766135406
4	4	-1	0
5	4	315.26984127	10.6729242794
6	4	321.222222222	13.4429357674
7	4	317.365079365	14.6073492998
8	4	392.555555556	10.0439949331
9	4	393.857142857	10.4225901525
10	4	393.619047619	11.2876229047
11	4	393.317460317	9.82840941583
12	4	305.158730159	8.74725598553
13	4	311.80952381	12.7152665932
14	4	307.714285714	11.5681947274
15	4	308.857142857	11.998488189
16	4	393.158730159	26.0403876481
17	4	389.015873016	22.8337622925
18	4	391.015873016	25.292882532
19	4	394.079365079	23.92534791
20	4	310.634920635	7.91282179777
21	4	307.571428571	6.36387195135
22	4	310.857142857	8.95820479262
23	4	311.333333333	8.0158573
24	4	399.857142857	17.8715497439
25	4	410.142857143	22.0798386402
26	4	411.222222222	16.4716634451
27	4	399.920634921	18.4685933216
28	4	360.746031746	17.8111506486
29	4	360.777777778	17.8320599852
30	4	365.571428571	18.2606475013
31	4	360.365079365	18.5594724775
0	5	393.111111111	16.2080825527
1	5	391.238095238	18.2554312733
2	5	390.936507937	16.6112153888
3	5	392.80952381	15.5327172807
4	5	318.253968254	11.6031854602
5	5	-1	0
6	5	317.53968254	10.9251790103
7	5	317.142857143	11.43353067
8	5	391.253968254	8.86399575592
9	5	392.904761905	13.5725145764
10	5	395.825396825	10.4449268958
11	5	391.46031746	10.1790718959
12	5	308.53968254	11.3442879786
13	5	308.73015873	11.2591498582
14	5	307.507936508	11.2092266642
15	5	308.888888889	10.5275317222
16	5	396.793650794	23.8800964677
17	5	394.111111111	25.8199572812
18	5	395.126984127	24.3300663583
19	5	391.777777778	25.4461425925
20	5	308.428571429	6.01509816177
21	5	308.936507937	6.4730773719
22	5	311.46031746	8.09825651788
23	5	309.095238095	6.49716491459
24	5	401.682539683	17.5841066378
25	5	403.126984127	21.7937606212
26	5	412.634920635	16.4039306046
27	5	403.380952381	19.6641875527
28	5	360.19047619	19.0053101542
29	5	359.031746032	18.6257785639
30	5	366.0	18.4175554623
31	5	363.523809524	19.8700996897
0	6	392.746031746	14.7497304296
1	6	393.761904762	18.4078263943
2	6	393.857142857	13.465838191
3	6	390.047619048	13.363571155
4	6	317.031746032	10.355534145
5	6	317.285714286	12.5412697408
6	6	-1	0
7	6	315.920634921	10.9968272297
8	6	389.952380952	7.84053077939
9	6	396.174603175	10.0924923889
10	6	399.380952381	10.9521739111
11	6	393.111111111	10.8072743155
12	6	307.650793651	10.4397876433
13	6	310.904761905	14.5249804368
14	6	307.317460317	10.9062751659
15	6	309.317460317	12.1770345868
16	6	391.761904762	24.5755810445
17	6	391.587301587	23.0690027173
18	6	394.984126984	23.5341643341
19	6	392.507936508	25.0154701442
20	6	308.444444444	6.60874307329
21	6	307.365079365	5.19554628352
22	6	307.825396825	4.7494015748
23	6	306.761904762	4.31576764205
24	6	400.301587302	19.8555377271
25	6	405.412698413	22.5238039308
26	6	416.26984127	15.8707141188
27	6	402.126984127	19.6537423743
28	6	357.619047619	16.8752928924
29	6	360.682539683	18.2555278837
30	6	355.634920635	16.246417517
31	6	359.841269841	19.4007088311
0	7	388.952380952	14.6161777856
1	7	393.80952381	15.9591314786
2	7	393.920634921	15.571954427
3	7	389.285714286	16.2816759126
4	7	321.793650794	12.3727282413
5	7	315.936507937	13.0467693695
6	7	317.238095238	12.0181268986
7	7	-1	0
8	7	395.26984127	11.0298388211
9	7	395.793650794	10.5532041778
10	7	395.142857143	14.6848989953
11	7	393.984126984	10.4159402619
12	7	306.285714286	9.21425495258
13	7	311.047619048	12.9460768972
14	7	307.746031746	10.4273271225
15	7	308.682539683	9.88316734274
16	7	389.047619048	20.6554720613
17	7	390.444444444	23.1535781991
18	7	391.174603175	22.5462767014
19	7	391.952380952	22.158468639
20	7	308.285714286	6.55968585056
21	7	308.095238095	5.34437632251
22	7	309.968253968	7.35056040185
23	7	307.063492063	3.98757202601
24	7	396.920634921	17.4294966071
25	7	406.253968254	21.1772326489
26	7	409.412698413	17.0793060718
27	7	402.174603175	19.7881956816
28	7	363.349206349	18.4822168757
29	7	360.920634921	17.6422127138
30	7	359.126984127	17.6504796135
31	7	359.396825397	17.547703402
0	8	423.603174603	21.5947816172
1	8	417.825396825	21.3968842729
2	8	425.698412698	17.1479416328
3	8	417.984126984	17.0838195643
4	8	420.746031746	13.9897561774
5	8	421.587301587	18.4293028579
6	8	420.80952381	14.4605178318
7	8	419.698412698	16.1693762291
8	8	-1	0
9	8	330.063492063	3.13137231376
10	8	330.857142857	3.60272006083
11	8	325.857142857	1.87597291463
12	8	324.031746032	5.69312661041
13	8	325.158730159	7.09617905056
14	8	324.857142857	8.52048352242
15	8	323.904761905	6.66598635985
16	8	329.380952381	5.40261127759
17	8	328.333333333	4.71741118135
18	8	329.968253968	5.39537795716
19	8	331.650793651	7.18940739805
20	8	320.73015873	16.175825927
21	8	310.968253968	6.47576251309
22	8	319.222222222	15.1463175308
23	8	311.222222222	8.62709729632
24	8	341.015873016	16.7942658993
25	8	342.793650794	15.4603011636
26	8	323.238095238	14.515141832
27	8	340.761904762	16.4246372101
28	8	375.412698413	12.2080313412
29	8	374.285714286	13.6200465834
30	8	378.46031746	13.7965091016
31	8	376.936507937	13.8092136437
0	9	408.920634921	16.4638146627
1	9	409.301587302	16.8660784018
2	9	409.698412698	15.7818812332
3	9	405.666666667	18.3700930172
4	9	418.015873016	18.4575807659
5	9	419.857142857	15.4764102548
6	9	415.80952381	19.188999116
7	9	418.682539683	16.1184360548
8	9	336.523809524	14.4660051888
9	9	-1	0
10	9	340.714285714	14.3365761242
11	9	337.396825397	15.2383597861
12	9	323.698412698	14.798793302
13	9	327.698412698	13.3685664493
14	9	324.317460317	13.6774932689
15	9	328.222222222	12.8883415319
16	9	328.492063492	10.8888657504
17	9	328.571428571	11.7739479505
18	9	329.984126984	13.3124742355
19	9	330.206349206	12.269666727
20	9	308.333333333	3.89545930214
21	9	311.507936508	7.02122183523
22	9	308.349206349	4.26933967668
23	9	312.031746032	7.50865797399
24	9	331.444444444	14.1070485341
25	9	339.19047619	13.3640801949
26	9	333.793650794	14.4377797288
27	9	330.111111111	13.3655694967
28	9	371.634920635	12.1136176649
29	9	371.301587302	11.6273281275
30	9	372.222222222	11.2580756827
31	9	370.666666667	12.0462073331
0	10	411.920634921	24.5248831121
1	10	411.793650794	23.2448381231
2	10	411.968253968	22.6266932219
3	10	402.095238095	21.0944318883
4	10	415.063492063	15.9740593442
5	10	412.634920635	20.9839708949
6	10	413.396825397	13.1554077028
7	10	409.031746032	16.4895043617
8	10	335.26984127	15.4192276887
9	10	334.857142857	12.8728299362
10	10	-1	0
11	10	325.46031746	10.5346373467
12	10	329.317460317	16.9816197526
13	10	330.904761905	16.3626697532
14	10	330.53968254	13.5515774245
15	10	328.761904762	15.2103914831
16	10	332.746031746	14.4419673439
17	10	329.936507937	13.7908101629
18	10	332.634920635	14.9584626866
19	10	328.444444444	11.1295085785
20	10	311.920634921	10.713145148
21	10	309.253968254	5.70705009273
22	10	309.317460317	5.69551591048
23	10	311.952380952	6.89473820866
24	10	335.317460317	13.5234369127
25	10	337.920634921	12.3523683062
26	10	329.19047619	16.0572953729
27	10	331.412698413	13.498541862
28	10	372.46031746	13.4964138645
29	10	370.317460317	12.3761488443
30	10	373.396825397	13.4583893498
31	10	372.206349206	12.1225995564
0	11	414.031746032	21.3823605197
1	11	407.825396825	13.6306606794
2	11	411.126984127	18.3471740512
3	11	414.26984127	15.7522549146
4	11	417.523809524	15.3424994786
5	11	413.857142857	13.5070318463
6	11	418.904761905	11.1621729206
7	11	416.698412698	13.6900321989
8	11	336.031746032	19.0571140356
9	11	336.936507937	20.0086275168
10	11	334.841269841	10.7011442041
11	11	-1	0
12	11	328.285714286	10.4036449221
13	11	331.952380952	14.1515926205
14	11	329.650793651	10.1530490067
15	11	329.174603175	9.60743707056
16	11	332.777777778	10.6330488758
17	11	331.46031746	8.87090016517
18	11	338.777777778	12.6659704626
19	11	333.047619048	11.8434612211
20	11	311.349206349	7.58477742432
21	11	316.936507937	13.2699362038
22	11	314.444444444	9.95669636321
23	11	310.587301587	6.46021995948
24	11	344.380952381	15.5792175073
25	11	346.142857143	14.3790601089
26	11	327.412698413	14.2033250306
27	11	336.46031746	13.4622640102
28	11	379.174603175	14.3123209021
29	11	376.063492063	12.1326962364
30	11	377.857142857	13.0114200668
31	11	374.396825397	13.3909939915
0	12	454.904761905	5.12297745058
1	12	452.873015873	5.90531658088
2	12	453.317460317	4.48923013453
3	12	451.047619048	5.57041097748
4	12	385.301587302	16.0382824959
5	12	385.285714286	11.8474812425
6	12	382.841269841	15.0081526514
7	12	388.952380952	12.3615232167
8	12	373.222222222	4.45949831488
9	12	376.873015873	8.13281041155
10	12	376.666666667	9.75574718689
11	12	371.285714286	7.47785847332
12	12	-1	0
13	12	295.285714286	6.58142786512
14	12	291.507936508	7.52324021689
15	12	293.222222222	6.14492807879
16	12	384.380952381	23.8496804221
17	12	382.412698413	24.5987707272
18	12	391.380952381	22.7061480881
19	12	373.952380952	19.5378578958
20	12	301.619047619	1.46307538055
21	12	301.746031746	2.48786422056
22	12	301.904761905	1.52975032421
23	12	300.984126984	1.4197257
24	12	399.650793651	16.0199862574
25	12	385.904761905	13.3591586629
26	12	393.047619048	8.99634594504
27	12	402.507936508	15.6447394839
28	12	350.952380952	11.7100263259
29	12	356.873015873	13.199918306
30	12	352.777777778	13.3528957022
31	12	356.571428571	13.2206119563
0	13	469.285714286	11.4246024854
1	13	456.587301587	19.4606929196
2	13	467.111111111	11.7353233041
3	13	460.0	15.6204993518
4	13	383.714285714	14.5606869839
5	13	383.079365079	11.8967803932
6	13	381.698412698	11.4872391873
7	13	379.349206349	15.3262496372
8	13	379.952380952	12.078353419
9	13	382.063492063	10.3400485337
10	13	385.634920635	11.2381176576
11	13	378.904761905	10.5600539406
12	13	301.634920635	10.7663520333
13	13	-1	0
14	13	301.825396825	11.0317574512
15	13	298.444444444	12.2859808839
16	13	380.428571429	23.2806986516
17	13	388.793650794	22.9341076352
18	13	385.333333333	22.3890562836
19	13	377.650793651	22.1740293753
20	13	301.761904762	1.63992146264
21	13	302.095238095	2.50532313104
22	13	303.571428571	3.54881731122
23	13	303.523809524	3.34691112206
24	13	395.253968254	15.2012616999
25	13	388.714285714	15.4173974822
26	13	400.079365079	10.6953506993
27	13	397.714285714	16.4127598169
28	13	354.365079365	13.9367067998
29	13	355.968253968	14.6828571394
30	13	353.888888889	14.9391475832
31	13	353.777777778	14.1639430933
0	14	454.841269841	5.58685063115
1	14	453.873015873	13.2814371754
2	14	455.26984127	7.00386820379
3	14	450.619047619	8.43354709202
4	14	388.428571429	10.621503026
5	14	384.047619048	13.3600073323
6	14	385.047619048	10.7370129325
7	14	387.666666667	11.5070716697
8	14	376.031746032	9.55845550047
9	14	378.46031746	10.2071020977
10	14	378.428571429	7.52290531034
11	14	371.841269841	8.46131504884
12	14	297.349206349	9.62826317417
13	14	296.158730159	8.51181503634
14	14	-1	0
15	14	293.920634921	12.5928949321
16	14	379.317460317	22.6315031147
17	14	384.031746032	22.0201698694
18	14	380.53968254	24.3817687529
19	14	386.53968254	23.6259377218
20	14	302.015873016	1.86438690286
21	14	302.174603175	2.28549381653
22	14	302.555555556	2.41541200783
23	14	301.761904762	1.93312220287
24	14	395.095238095	16.2868281435
25	14	387.682539683	13.6391423145
26	14	398.301587302	11.2272838319
27	14	403.301587302	15.7395820124
28	14	352.476190476	12.1222046594
29	14	353.285714286	12.7384290121
30	14	357.507936508	13.6193991149
31	14	356.174603175	12.406526294
0	15	460.825396825	10.4464464719
1	15	461.158730159	10.1499962455
2	15	459.904761905	8.70087440545
3	15	458.952380952	14.7566811034
4	15	384.650793651	16.624860644
5	15	381.555555556	10.2783140143
6	15	380.047619048	9.2982820933
7	15	379.666666667	8.90514386754
8	15	380.349206349	10.2526167471
9	15	385.253968254	8.38738329509
10	15	388.047619048	12.1791241787
11	15	379.349206349	11.2520315346
12	15	298.26984127	10.7499816895
13	15	297.80952381	12.9257429161
14	15	296.095238095	12.5150249836
15	15	-1	0
16	15	382.238095238	23.3188487598
17	15	383.761904762	22.2829668636
18	15	384.952380952	23.7796956016
19	15	377.126984127	22.4594817277
20	15	303.317460317	2.89402996236
21	15	302.428571429	2.85476091187
22	15	302.19047619	2.26678671151
23	15	301.746031746	2.09283171097
24	15	394.904761905	15.2926108163
25	15	389.158730159	14.2307584927
26	15	397.46031746	12.4668772542
27	15	398.936507937	15.7024646896
28	15	352.015873016	13.2431378619
29	15	354.793650794	12.63549891
30	15	352.492063492	12.3402464742
31	15	357.73015873	13.6209529877
0	16	515.476190476	13.1001722306
1	16	512.619047619	8.90590774395
2	16	515.920634921	8.72926402342
3	16	513.587301587	9.40218637294
4	16	570.095238095	10.8550541015
5	16	565.857142857	9.56325166002
6	16	561.619047619	12.7943794349
7	16	562.365079365	11.8647157135
8	16	438.095238095	11.7185435545
9	16	447.396825397	14.9788630786
10	16	452.698412698	11.5478781403
11	16	435.111111111	11.5278973029
12	16	475.904761905	15.0298267325
13	16	477.174603175	10.8079037548
14	16	484.0	14.780940108
15	16	479.714285714	14.862788915
16	16	-1	0
17	16	353.841269841	5.06530792936
18	16	353.714285714	3.73073281634
19	16	353.444444444	5.06082927447
20	16	436.428571429	21.2988667153
21	16	434.857142857	15.1047739146
22	16	436.063492063	17.0059494873
23	16	433.349206349	16.1610532524
24	16	349.428571429	8.17994893785
25	16	356.746031746	5.34809936264
26	16	355.253968254	13.1438539611
27	16	345.698412698	5.10099560974
28	16	346.126984127	5.64137792324
29	16	345.46031746	3.89067014599
30	16	346.650793651	5.1181554532
31	16	346.031746032	5.05515061546
0	17	523.666666667	17.1306835083
1	17	516.698412698	10.147538478
2	17	517.19047619	7.68808012209
3	17	515.873015873	9.85045654166
4	17	567.126984127	13.9209697522
5	17	564.317460317	12.3915298732
6	17	566.031746032	11.7472972291
7	17	569.015873016	12.3023962868
8	17	445.492063492	13.5762081995
9	17	447.253968254	15.2388062003
10	17	445.888888889	13.0737967805
11	17	438.476190476	11.8306263072
12	17	480.46031746	12.5544217175
13	17	484.587301587	13.775564887
14	17	482.984126984	13.4441727077
15	17	477.666666667	10.8408398901
16	17	357.396825397	9.11224482742
17	17	-1	0
18	17	354.984126984	9.06675781378
19	17	355.53968254	9.09007027899
20	17	437.698412698	17.0047938345
21	17	438.476190476	16.8436857774
22	17	429.80952381	21.123113905
23	17	428.111111111	18.0740198629
24	17	350.142857143	9.53998626144
25	17	360.031746032	9.77844771978
26	17	353.285714286	11.9979212107
27	17	348.507936508	8.11205846671
28	17	350.46031746	9.55987878788
29	17	348.587301587	8.32596802253
30	17	347.936507937	7.39127116217
31	17	347.0	7.16472842007
0	18	522.047619048	16.7136752025
1	18	522.19047619	15.1089767734
2	18	524.285714286	12.4332229938
3	18	519.238095238	17.9900451182
4	18	565.984126984	12.3281740348
5	18	566.507936508	11.9268578013
6	18	570.206349206	10.8044064059
7	18	566.857142857	10.996185692
8	18	440.857142857	12.7551510203
9	18	445.634920635	11.7423417627
10	18	446.158730159	12.9089686421
11	18	434.682539683	12.2925004842
12	18	483.841269841	13.5332704071
13	18	482.285714286	11.5297112003
14	18	481.80952381	12.5202783361
15	18	481.619047619	16.8997309751
16	18	358.968253968	11.7567518649
17	18	360.873015873	11.8636326559
18	18	-1	0
19	18	359.206349206	10.7705635439
20	18	435.19047619	19.7932625565
21	18	428.984126984	21.2770776603
22	18	436.476190476	17.7566058737
23	18	427.746031746	17.8307459217
24	18	352.698412698	10.2533539548
25	18	358.793650794	8.63208987213
26	18	357.920634921	13.5603314883
27	18	349.523809524	10.1431924827
28	18	349.079365079	8.75105723736
29	18	351.158730159	10.3574317298
30	18	354.492063492	12.1379282454
31	18	351.952380952	10.4249830748
0	19	524.047619048	11.9142819078
1	19	520.333333333	14.5176411569
2	19	521.238095238	15.9858213821
3	19	521.206349206	15.8906568637
4	19	566.285714286	11.9873326943
5	19	564.238095238	15.1350683773
6	19	564.904761905	12.7337998988
7	19	565.238095238	15.2468724721
8	19	439.507936508	11.9295192307
9	19	448.507936508	13.4999976671
10	19	447.952380952	13.8832187973
11	19	439.380952381	12.6972420095
12	19	485.682539683	16.3899169515
13	19	483.619047619	10.3883765501
14	19	482.793650794	14.0160437891
15	19	483.492063492	17.3258894418
16	19	360.26984127	11.3546107678
17	19	360.825396825	13.6236718386
18	19	360.857142857	14.1856815166
19	19	-1	0
20	19	432.73015873	20.1590551155
21	19	431.158730159	18.4839753413
22	19	428.26984127	20.950589149
23	19	424.952380952	19.9080653445
24	19	354.206349206	11.7772429605
25	19	363.365079365	12.5119645436
26	19	353.53968254	14.0167987614
27	19	351.53968254	10.5797431433
28	19	353.523809524	11.639911011
29	19	355.952380952	12.7807252836
30	19	353.253968254	11.5922363921
31	19	350.952380952	12.5753961993
0	20	674.031746032	14.7583371692
1	20	675.19047619	14.774341919
2	20	669.476190476	15.4106303682
3	20	669.904761905	15.9430676438
4	20	552.301587302	12.3540815447
5	20	548.555555556	13.2458771996
6	20	555.238095238	10.8228363587
7	20	548.412698413	8.81491326634
8	20	593.507936508	12.3826209702
9	20	596.158730159	12.7990653791
10	20	593.761904762	11.8358002602
11	20	590.222222222	12.3692455846
12	20	483.095238095	12.1115375739
13	20	481.492063492	13.771229517
14	20	484.365079365	12.4713024069
15	20	484.317460317	12.5834678603
16	20	559.984126984	15.3493622881
17	20	563.841269841	14.6831145319
18	20	561.111111111	14.3815480447
19	20	563.126984127	15.3079417748
20	20	-1	0
21	20	364.444444444	22.6251565129
22	20	368.380952381	26.6919098209
23	20	368.492063492	22.8854102105
24	20	443.0	25.8063607269
25	20	433.904761905	22.4914193767
26	20	447.19047619	17.9654493296
27	20	442.158730159	22.6794126273
28	20	448.793650794	26.1067155079
29	20	447.73015873	23.2987542069
30	20	449.142857143	24.4604359154
31	20	446.317460317	22.8006024682
0	21	672.73015873	16.3709056185
1	21	674.587301587	18.4293028579
2	21	676.571428571	16.1910364049
3	21	672.571428571	15.3309669869
4	21	551.746031746	12.2175625007
5	21	553.650793651	12.864567717
6	21	555.095238095	10.4208495003
7	21	552.666666667	10.8525470641
8	21	587.888888889	12.0120456885
9	21	595.015873016	14.0639041109
10	21	592.73015873	11.3895055416
11	21	586.634920635	10.6119154163
12	21	485.380952381	14.3951364929
13	21	481.936507937	15.0458273664
14	21	476.777777778	14.6335605194
15	21	483.365079365	14.6312359787
16	21	565.492063492	13.4941174907
17	21	561.349206349	15.3934213223
18	21	556.857142857	14.7248382564
19	21	563.873015873	15.0454254647
20	21	373.253968254	24.9774299731
21	21	-1	0
22	21	369.26984127	24.9616889622
23	21	373.825396825	24.9599931844
24	21	445.746031746	25.8935355382
25	21	430.555555556	20.7240200931
26	21	443.587301587	21.1229469149
27	21	447.206349206	24.2736768591
28	21	446.428571429	24.6645522168
29	21	449.301587302	28.3904941171
30	21	453.650793651	23.0052849209
31	21	451.158730159	24.4703943892
0	22	675.682539683	16.7083530073
1	22	675.380952381	17.7910523002
2	22	673.793650794	22.2190814107
3	22	671.73015873	20.9740628557
4	22	554.428571429	11.9066665143
5	22	552.476190476	8.87274611283
6	22	550.761904762	9.75039972435
7	22	553.619047619	10.4796531074
8	22	586.634920635	12.7569484176
9	22	595.0	13.3784949447
10	22	595.380952381	11.9568384782
11	22	586.952380952	12.1111631196
12	22	487.079365079	12.2582030679
13	22	488.253968254	14.118510032
14	22	485.650793651	12.4685747587
15	22	483.761904762	15.8251500514
16	22	561.365079365	15.5525750303
17	22	562.968253968	15.3322652361
18	22	563.761904762	16.0244993837
19	22	561.365079365	15.0536623053
20	22	374.174603175	24.7267862484
21	22	365.761904762	23.35013972
22	22	-1	0
23	22	368.380952381	24.2234495934
24	22	441.841269841	24.2645514183
25	22	438.412698413	24.5903806981
26	22	447.301587302	18.5563362906
27	22	444.936507937	23.8319999733
28	22	445.079365079	24.2626511508
29	22	448.079365079	23.92534791
30	22	447.888888889	27.4365710704
31	22	453.857142857	23.4905297655
0	23	669.396825397	16.4621158957
1	23	672.476190476	16.3666881416
2	23	670.365079365	12.8078616573
3	23	667.888888889	19.0205495482
4	23	549.698412698	14.7805480499
5	23	549.873015873	16.0786677797
6	23	557.80952381	11.1239155246
7	23	550.19047619	14.2871427857
8	23	587.587301587	12.2391966235
9	23	593.698412698	10.5253057425
10	23	589.206349206	11.3601345987
11	23	585.80952381	11.0134940938
12	23	485.396825397	10.5973037639
13	23	480.793650794	14.7789626654
14	23	484.873015873	12.261039164
15	23	482.396825397	13.6143478034
16	23	558.984126984	14.9533582399
17	23	555.920634921	13.7417237283
18	23	559.26984127	15.8707141188
19	23	555.888888889	14.8571089404
20	23	370.444444444	23.4505746894
21	23	367.222222222	21.5350909237
22	23	372.174603175	19.7544768344
23	23	-1	0
24	23	442.444444444	24.57497616
25	23	429.634920635	19.3704910471
26	23	443.174603175	17.6487237567
27	23	455.53968254	21.405996339
28	23	454.222222222	23.8856033178
29	23	452.015873016	25.5681424194
30	23	451.603174603	22.7027301921
31	23	450.619047619	26.9027812166
0	24	573.761904762	14.3557015781
1	24	569.746031746	15.361225412
2	24	568.587301587	17.129418601
3	24	565.095238095	18.0964911847
4	24	534.603174603	13.4324171761
5	24	538.428571429	15.2853434164
6	24	538.333333333	13.7136243227
7	24	534.920634921	14.8807978828
8	24	486.936507937	15.8042319186
9	24	489.936507937	14.9272022021
10	24	489.73015873	15.8326629925
11	24	485.111111111	15.107142336
12	24	465.53968254	13.7192084052
13	24	462.158730159	16.5099357764
14	24	462.031746032	13.9806762944
15	24	460.80952381	14.4363486819
16	24	404.111111111	16.1098521676
17	24	405.428571429	14.991758885
18	24	404.571428571	14.4416882073
19	24	407.746031746	13.410453461
20	24	354.19047619	17.7270819118
21	24	355.492063492	18.786919644
22	24	350.523809524	16.7007814121
23	24	352.126984127	15.5731678721
24	24	-1	0
25	24	333.047619048	12.7558621089
26	24	326.761904762	11.6260712573
27	24	326.333333333	10.8012344973
28	24	379.555555556	24.3021834395
29	24	378.682539683	25.656352533
30	24	378.079365079	25.0860750517
31	24	376.253968254	22.2546362239
0	25	573.063492063	16.9329893252
1	25	570.174603175	16.4031933424
2	25	572.26984127	17.9082373076
3	25	572.174603175	17.3722454092
4	25	527.253968254	13.368962223
5	25	524.888888889	13.2773958901
6	25	526.698412698	13.7997411071
7	25	526.888888889	12.3212438961
8	25	481.031746032	13.8035747084
9	25	486.873015873	13.6887070401
10	25	486.047619048	14.3631236062
11	25	483.825396825	15.7676982271
12	25	467.634920635	14.8070141973
13	25	459.492063492	14.1026542767
14	25	462.873015873	16.3624541795
15	25	459.777777778	13.2358872964
16	25	402.777777778	13.5581574396
17	25	402.888888889	13.7044901819
18	25	407.0	15.624563486
19	25	401.476190476	13.1762859893
20	25	347.571428571	14.0562523915
21	25	346.73015873	13.4945095822
22	25	352.507936508	18.2677380776
23	25	351.46031746	17.8021091998
24	25	322.571428571	10.3903408834
25	25	-1	0
26	25	321.142857143	11.5687827663
27	25	320.603174603	10.7696511897
28	25	374.841269841	25.9261505227
29	25	370.857142857	23.1933605325
30	25	380.015873016	26.2197623659
31	25	372.777777778	26.8650031651
0	26	568.142857143	10.459076931
1	26	570.507936508	12.7589035403
2	26	568.571428571	12.6700675707
3	26	567.841269841	10.2464958768
4	26	542.476190476	16.1027032561
5	26	546.444444444	14.6815701096
6	26	542.793650794	14.5658425507
7	26	543.523809524	13.828722287
8	26	493.380952381	12.7894159756
9	26	496.0	15.0501806138
10	26	492.53968254	12.3581801157
11	26	491.412698413	14.6684359546
12	26	468.492063492	11.9534454299
13	26	465.746031746	14.6395509667
14	26	465.761904762	14.3601236738
15	26	464.698412698	15.8411107922
16	26	402.396825397	11.3466863669
17	26	404.26984127	13.7623899147
18	26	401.793650794	11.2604924336
19	26	406.015873016	12.3204463734
20	26	351.111111111	12.3392664122
21	26	346.857142857	7.9718893876
22	26	353.46031746	13.7145796559
23	26	347.825396825	12.2403699531
24	26	329.222222222	11.7560446383
25	26	341.349206349	13.9888376478
26	26	-1	0
27	26	333.46031746	9.80415428117
28	26	377.015873016	21.2240445134
29	26	376.492063492	20.9071059659
30	26	373.825396825	22.2999321535
31	26	376.920634921	26.2468753014
0	27	579.476190476	16.1666491339
1	27	573.746031746	18.7582517326
2	27	573.412698413	18.4937869624
3	27	575.603174603	17.5196394854
4	27	537.476190476	14.7377682862
5	27	542.476190476	13.9407557615
6	27	540.26984127	14.3019660644
7	27	540.888888889	15.9991181415
8	27	479.936507937	9.29562623875
9	27	490.634920635	14.9329736216
10	27	486.936507937	13.9373576051
11	27	479.53968254	12.9428847853
12	27	465.428571429	12.3039731429
13	27	462.174603175	14.2088053211
14	27	462.111111111	16.3416996174
15	27	458.888888889	12.8990108038
16	27	405.158730159	12.5940353093
17	27	403.793650794	12.8027263096
18	27	404.19047619	12.3517971739
19	27	404.158730159	13.2691387374
20	27	348.841269841	13.3526126677
21	27	353.111111111	14.8410746104
22	27	357.317460317	18.6614154151
23	27	352.301587302	16.3033105224
24	27	329.317460317	11.1765420396
25	27	332.698412698	12.2702827494
26	27	324.761904762	13.1532050361
27	27	-1	0
28	27	367.222222222	16.6804176078
29	27	384.714285714	25.6034649016
30	27	381.793650794	25.5890345626
31	27	380.396825397	27.6345422692
0	28	569.380952381	20.577710681
1	28	555.634920635	16.3379989326
2	28	554.222222222	14.4303960988
3	28	557.936507937	22.4943541529
4	28	527.714285714	23.8177128774
5	28	528.825396825	26.1531142839
6	28	526.031746032	22.5705020684
7	28	532.984126984	22.3922407646
8	28	483.825396825	23.7590682321
9	28	489.793650794	22.8925431334
10	28	483.253968254	19.8406095128
11	28	484.380952381	24.489990551
12	28	460.904761905	26.1453290531
13	28	462.158730159	25.2481062305
14	28	462.206349206	23.3320807352
15	28	459.714285714	23.914814809
16	28	398.968253968	9.88981880516
17	28	403.777777778	13.2034680923
18	28	406.349206349	11.8095451442
19	28	403.095238095	10.312135378
20	28	352.19047619	11.0451557188
21	28	351.412698413	11.6150353034
22	28	352.428571429	11.5204638984
23	28	349.587301587	11.6709310854
24	28	387.396825397	19.8322646231
25	28	376.174603175	23.6780922672
26	28	387.476190476	18.4079495792
27	28	387.365079365	18.8934368274
28	28	-1	0
29	28	328.968253968	11.8656075691
30	28	325.920634921	11.5858446573
31	28	330.476190476	12.4821868542
0	29	563.063492063	21.5788498861
1	29	559.0	20.2531596594
2	29	558.238095238	16.1959374543
3	29	554.80952381	15.3424994786
4	29	529.920634921	20.7060313177
5	29	526.111111111	21.7380590181
6	29	528.26984127	22.1461282217
7	29	527.047619048	22.8698377445
8	29	488.714285714	25.2545319343
9	29	486.682539683	21.7444212125
10	29	487.53968254	25.3595261816
11	29	489.841269841	24.0470480314
12	29	462.952380952	26.4451685337
13	29	465.761904762	23.7531714078
14	29	459.555555556	21.3487873919
15	29	462.968253968	25.0364611919
16	29	406.301587302	11.3216114741
17	29	403.174603175	12.1805722004
18	29	405.53968254	13.5936789662
19	29	400.603174603	11.1234625227
20	29	348.825396825	10.9913958883
21	29	350.555555556	10.477152433
22	29	351.047619048	12.4740092604
23	29	350.666666667	11.5648619424
24	29	383.603174603	20.3708005177
25	29	380.777777778	22.8538798376
26	29	379.80952381	13.5164299114
27	29	386.53968254	17.5642362074
28	29	325.063492063	11.1993098085
29	29	-1	0
30	29	322.936507937	9.57654710593
31	29	326.158730159	11.0858215599
0	30	555.222222222	10.9681276266
1	30	552.555555556	11.4306435511
2	30	553.904761905	13.3532164673
3	30	562.46031746	17.9874960069
4	30	529.746031746	20.7876399891
5	30	526.444444444	18.3768123199
6	30	525.603174603	23.0186533624
7	30	522.619047619	19.7367022313
8	30	493.761904762	23.3990328695
9	30	494.825396825	23.3608950705
10	30	482.793650794	18.788005909
11	30	489.396825397	25.1859999424
12	30	458.857142857	25.3119315255
13	30	462.73015873	26.8660441551
14	30	454.46031746	22.6195767134
15	30	462.476190476	22.8221955059
16	30	404.841269841	9.43348704099
17	30	401.285714286	10.5506015347
18	30	400.158730159	9.78694684497
19	30	404.365079365	12.4941911421
20	30	350.555555556	11.7888537318
21	30	353.349206349	12.609090611
22	30	353.047619048	12.9092418862
23	30	349.857142857	10.9658302516
24	30	390.380952381	20.6308665126
25	30	377.015873016	25.4835720899
26	30	389.73015873	16.8458994579
27	30	387.222222222	21.9410787051
28	30	329.936507937	13.3534051491
29	30	332.015873016	12.8859367954
30	30	-1	0
31	30	327.666666667	10.2971717492
0	31	564.26984127	21.9763266203
1	31	564.0	17.2801381535
2	31	554.317460317	12.8035528264
3	31	563.46031746	21.6998466799
4	31	523.46031746	17.5443432722
5	31	523.26984127	16.0150785588
6	31	523.857142857	19.3061032729
7	31	528.53968254	22.4208133158
8	31	484.079365079	23.4400969629
9	31	482.174603175	18.4559016952
10	31	488.26984127	23.0211816538
11	31	491.26984127	24.467150864
12	31	464.253968254	26.1157182214
13	31	462.523809524	25.1899810915
14	31	464.031746032	24.0647065908
15	31	460.349206349	25.1996212684
16	31	406.555555556	11.1551508179
17	31	405.904761905	12.0813568639
18	31	404.761904762	11.9956530297
19	31	406.53968254	11.3512818615
20	31	348.873015873	11.0546866647
21	31	352.349206349	11.9152546352
22	31	352.714285714	13.3040494747
23	31	353.126984127	13.0633281249
24	31	383.888888889	21.3906307268
25	31	378.920634921	23.8036288999
26	31	381.825396825	15.5037524209
27	31	381.587301587	18.192650636
28	31	321.968253968	11.3276852228
29	31	322.317460317	10.2768431272
30	31	323.095238095	11.1336958677
31	31	-1	0
