# src_core	dest_core	cost	stderr
0	0	-1	0
1	0	322.793650794	7.68870276209
2	0	317.936507937	9.14065229146
3	0	319.095238095	2.33479060422
4	0	333.714285714	17.9456220699
5	0	336.222222222	15.5312735651
6	0	338.476190476	15.4835879756
7	0	335.555555556	17.3879887185
8	0	332.047619048	12.8772329812
9	0	329.650793651	17.4111428745
10	0	332.206349206	14.3760810279
11	0	328.396825397	15.3773072163
12	0	326.46031746	13.5703053466
13	0	320.46031746	13.3877762261
14	0	311.079365079	7.48395444936
15	0	321.476190476	14.393403629
16	0	327.301587302	10.8212532218
17	0	326.714285714	10.4386774255
18	0	329.587301587	13.0841415227
19	0	327.412698413	14.6478612347
20	0	309.777777778	2.97313070228
21	0	313.587301587	6.1660486708
22	0	310.841269841	3.55548469317
23	0	312.936507937	5.95185182833
24	0	329.761904762	14.7041882444
25	0	323.888888889	13.191039661
26	0	324.777777778	14.7297824254
27	0	329.650793651	13.3549333732
28	0	366.015873016	14.1729588979
29	0	364.317460317	13.5163926305
30	0	367.634920635	12.0742433294
31	0	367.492063492	12.8666827237
0	1	328.714285714	15.1211284657
1	1	-1	0
2	1	327.825396825	14.9809823173
3	1	329.793650794	15.5565111465
4	1	327.777777778	12.7222395508
5	1	329.73015873	12.5877319328
6	1	328.428571429	11.1365468498
7	1	328.619047619	16.7003740776
8	1	318.349206349	10.8161530147
9	1	324.682539683	9.98383677374
10	1	316.412698413	10.2254505402
11	1	324.777777778	10.8062951149
12	1	316.285714286	9.83422687051
13	1	319.031746032	11.8455245771
14	1	314.507936508	11.9852727298
15	1	317.904761905	14.5642683933
16	1	322.777777778	13.5534736887
17	1	327.952380952	13.5990529215
18	1	317.26984127	12.2334518603
19	1	317.555555556	13.3211584626
20	1	311.0	5.23116424566
21	1	313.682539683	5.56584081934
22	1	310.285714286	5.28378343112
23	1	312.492063492	4.71698388929
24	1	326.047619048	14.8862657181
25	1	325.666666667	13.1535498257
26	1	322.682539683	14.7301929392
27	1	328.53968254	15.4332411772
28	1	368.920634921	14.6680752433
29	1	370.285714286	13.8935049019
30	1	371.904761905	14.053993711
31	1	367.714285714	15.4739192473
0	2	320.380952381	7.42673970091
1	2	320.031746032	6.13852847774
2	2	-1	0
3	2	314.841269841	12.6317895139
4	2	341.333333333	21.98989667
5	2	343.492063492	17.2855320876
6	2	341.317460317	16.2537667398
7	2	345.904761905	14.15639884
8	2	336.206349206	13.8428352107
9	2	340.952380952	18.4781540439
10	2	330.603174603	19.9009768306
11	2	339.984126984	18.4567207732
12	2	330.857142857	13.4940988194
13	2	322.0	12.1132224751
14	2	308.714285714	6.71512997056
15	2	324.396825397	14.457973779
16	2	328.666666667	20.3773917673
17	2	326.841269841	20.5698240605
18	2	319.285714286	13.1974367057
19	2	321.26984127	14.2162508723
20	2	309.174603175	2.75761389
21	2	313.873015873	6.47949651065
22	2	310.904761905	7.0072848391
23	2	313.063492063	5.98376909376
24	2	334.650793651	13.5379053152
25	2	328.19047619	10.7612726321
26	2	331.650793651	14.954065891
27	2	328.984126984	15.1756823685
28	2	374.746031746	12.9307904397
29	2	368.650793651	13.8462747614
30	2	370.777777778	15.4688057269
31	2	372.904761905	15.1245771666
0	3	323.015873016	2.74001542976
1	3	318.222222222	12.688508042
2	3	316.412698413	9.74538542917
3	3	-1	0
4	3	341.968253968	21.7613085026
5	3	342.507936508	17.6795757112
6	3	346.0	12.6892030095
7	3	344.603174603	13.3423061267
8	3	334.476190476	13.5469285957
9	3	340.412698413	16.3538597169
10	3	333.079365079	19.7510711683
11	3	334.936507937	19.0495369405
12	3	331.634920635	13.4687193005
13	3	327.333333333	13.1450998777
14	3	309.365079365	7.56412079533
15	3	323.666666667	15.0089920138
16	3	333.746031746	15.1751344796
17	3	323.650793651	23.0638580248
18	3	318.444444444	13.4951817125
19	3	322.365079365	13.6536541853
20	3	313.571428571	10.9569348711
21	3	313.253968254	6.25634472614
22	3	313.507936508	7.9778921031
23	3	314.46031746	6.53883489652
24	3	329.825396825	13.829505704
25	3	326.428571429	12.4539969815
26	3	329.555555556	15.1183456072
27	3	331.26984127	15.145019978
28	3	373.555555556	14.371243087
29	3	373.476190476	14.109388007
30	3	374.349206349	15.4551668354
31	3	374.523809524	13.4186048796
0	4	387.587301587	6.47494541409
1	4	386.984126984	11.238386688
2	4	386.174603175	9.32914818164
3	4	388.111111111	9.69881536067
4	4	-1	0
5	4	314.365079365	12.4916500204
6	4	312.73015873	11.8859745935
7	4	312.920634921	12.6657914325
8	4	390.222222222	11.6978419451
9	4	393.698412698	12.8515762984
10	4	388.317460317	10.9440502018
11	4	394.047619048	11.2848100904
12	4	304.365079365	12.0821284618
13	4	306.015873016	11.1504744913
14	4	298.825396825	11.6203702951
15	4	309.111111111	13.9307939257
16	4	395.047619048	23.1396235248
17	4	389.761904762	24.0823417398
18	4	386.222222222	23.7723625342
19	4	383.793650794	24.9572070134
20	4	304.53968254	4.24198739297
21	4	302.555555556	2.89924882323
22	4	303.698412698	3.36477986089
23	4	302.968253968	3.5677935646
24	4	398.968253968	17.625710166
25	4	402.650793651	13.9524802712
26	4	399.46031746	17.1934145725
27	4	397.015873016	15.3162348387
28	4	358.476190476	17.4600288576
29	4	358.492063492	16.7131475818
30	4	357.015873016	17.2078720113
31	4	360.793650794	17.4448416264
0	5	394.825396825	16.0381882389
1	5	389.777777778	15.1881788248
2	5	390.761904762	14.4559695866
3	5	388.0	14.2372192755
4	5	321.317460317	11.6344117345
5	5	-1	0
6	5	315.952380952	12.8537914503
7	5	314.380952381	13.0316203617
8	5	391.523809524	11.5783831737
9	5	393.619047619	10.2344401006
10	5	394.19047619	11.0149352329
11	5	393.984126984	11.8916965341
12	5	307.634920635	11.2437659444
13	5	307.523809524	10.0929916638
14	5	301.825396825	9.3969594585
15	5	306.428571429	10.4785711581
16	5	391.746031746	23.464237059
17	5	392.111111111	25.0460598626
18	5	381.063492063	20.5379038017
19	5	382.492063492	21.6559482762
20	5	308.571428571	5.95676029376
21	5	307.841269841	5.66584405572
22	5	312.206349206	8.47996467902
23	5	305.492063492	3.36118372891
24	5	399.396825397	17.8285838647
25	5	407.412698413	16.5545130476
26	5	404.634920635	19.2546029024
27	5	401.857142857	19.2352661758
28	5	363.015873016	17.3145429868
29	5	359.19047619	18.2294521358
30	5	356.507936508	18.0711758701
31	5	357.714285714	18.2064253192
0	6	392.365079365	11.3673182152
1	6	393.619047619	17.1930482181
2	6	386.444444444	14.6393444404
3	6	386.873015873	11.5036116668
4	6	322.698412698	15.5294241153
5	6	317.285714286	14.894793563
6	6	-1	0
7	6	317.253968254	15.2866455402
8	6	391.047619048	11.4606692115
9	6	393.095238095	9.57296836702
10	6	393.476190476	11.3876250612
11	6	397.793650794	14.0341519161
12	6	309.825396825	10.3026266993
13	6	309.222222222	12.6809999661
14	6	304.317460317	10.524084844
15	6	309.047619048	11.0703788545
16	6	391.53968254	22.6735461527
17	6	388.19047619	19.7499103015
18	6	387.650793651	26.5600001973
19	6	392.920634921	23.3267348407
20	6	310.666666667	7.93025150225
21	6	306.873015873	4.69208067527
22	6	314.984126984	9.63375689214
23	6	307.126984127	4.37341196028
24	6	403.80952381	18.8105484953
25	6	411.698412698	17.9112759737
26	6	404.761904762	19.370829227
27	6	398.888888889	19.3087784223
28	6	360.222222222	17.7437173719
29	6	361.253968254	19.9140759454
30	6	360.095238095	18.6008314251
31	6	362.523809524	20.1666526115
0	7	394.365079365	15.4922423877
1	7	391.428571429	13.070886449
2	7	391.46031746	13.340266527
3	7	390.968253968	16.1087260726
4	7	320.682539683	11.5975166976
5	7	315.555555556	14.9547229656
6	7	316.825396825	14.6834748737
7	7	-1	0
8	7	391.80952381	11.6508152761
9	7	394.111111111	9.45013833965
10	7	395.412698413	11.5175985711
11	7	395.53968254	10.4179719515
12	7	312.777777778	12.406404445
13	7	309.904761905	12.1677615759
14	7	303.920634921	9.95912533181
15	7	309.476190476	13.3355440344
16	7	390.317460317	21.6251069522
17	7	394.841269841	22.6205457594
18	7	387.53968254	23.7184714013
19	7	387.46031746	24.7244017995
20	7	309.793650794	6.57112183933
21	7	306.126984127	4.09216077316
22	7	309.888888889	7.08477265177
23	7	307.349206349	5.40475607766
24	7	399.634920635	19.117266846
25	7	411.206349206	16.6515729084
26	7	401.904761905	18.4207563102
27	7	402.047619048	19.3796068329
28	7	358.349206349	19.0389398216
29	7	364.841269841	18.9596114999
30	7	355.682539683	17.8154787317
31	7	363.841269841	18.1512222241
0	8	383.428571429	8.64046274061
1	8	381.396825397	8.26263281485
2	8	379.174603175	7.12816831821
3	8	378.222222222	8.20848272901
4	8	472.238095238	17.4653528093
5	8	469.174603175	17.2548954935
6	8	468.888888889	14.3572459568
7	8	471.698412698	13.9097258661
8	8	-1	0
9	8	293.476190476	5.06421351282
10	8	301.349206349	12.1983068434
11	8	293.80952381	4.38922614164
12	8	388.904761905	10.4056063731
13	8	387.380952381	10.4097460003
14	8	377.841269841	6.38501805247
15	8	390.396825397	13.1927585747
16	8	299.555555556	1.84113299984
17	8	299.746031746	2.50059201859
18	8	300.46031746	1.66022944317
19	8	301.111111111	2.37788161767
20	8	379.063492063	20.4945776924
21	8	388.206349206	21.9184337366
22	8	376.936507937	20.6219739605
23	8	388.285714286	21.3075950178
24	8	363.079365079	16.2796021824
25	8	363.333333333	14.3946639143
26	8	363.920634921	17.5890492513
27	8	361.841269841	16.2140506863
28	8	396.904761905	15.103572883
29	8	394.888888889	15.1627269725
30	8	401.428571429	14.7214499434
31	8	397.158730159	14.0183625034
0	9	377.079365079	9.92559875816
1	9	374.873015873	8.29130748395
2	9	375.666666667	6.75653710497
3	9	376.095238095	8.32039812409
4	9	466.523809524	18.8206718019
5	9	462.492063492	17.1083132265
6	9	462.317460317	12.85551626
7	9	461.968253968	12.8074485445
8	9	290.349206349	8.32506014118
9	9	-1	0
10	9	288.714285714	8.03253023338
11	9	291.158730159	8.3460975563
12	9	378.0	6.84058848299
13	9	378.222222222	8.12295286923
14	9	374.619047619	7.58743441472
15	9	377.507936508	8.39855054742
16	9	301.380952381	5.61016246668
17	9	301.968253968	5.55482988458
18	9	298.619047619	1.5474358866
19	9	298.492063492	1.84195389592
20	9	379.888888889	23.306182238
21	9	382.73015873	19.6422013679
22	9	380.396825397	22.5195080739
23	9	380.873015873	19.849027055
24	9	361.507936508	16.8775919969
25	9	367.142857143	17.0115340357
26	9	356.333333333	14.4133976475
27	9	354.428571429	14.5468201791
28	9	397.365079365	14.9244675929
29	9	395.174603175	14.6173843908
30	9	395.365079365	13.0009787022
31	9	398.571428571	13.6692381851
0	10	382.476190476	12.7127696617
1	10	385.873015873	11.2341487107
2	10	379.777777778	13.1601182564
3	10	380.952380952	12.346104805
4	10	464.174603175	23.0145155593
5	10	461.857142857	18.4105362715
6	10	469.396825397	12.1570930142
7	10	462.158730159	13.5695812351
8	10	300.0	10.8730042869
9	10	298.19047619	9.55162604433
10	10	-1	0
11	10	294.698412698	7.3800135945
12	10	391.301587302	9.58443665804
13	10	386.523809524	8.63153528409
14	10	382.841269841	10.9475029395
15	10	387.984126984	10.0624905616
16	10	301.031746032	2.37692781553
17	10	300.285714286	2.72221065294
18	10	300.714285714	2.09632006696
19	10	301.253968254	1.9997480315
20	10	374.428571429	17.8545394928
21	10	387.333333333	20.7295510254
22	10	377.761904762	18.6672740426
23	10	390.841269841	22.4366525169
24	10	360.793650794	15.5769046889
25	10	366.095238095	15.9301195062
26	10	360.301587302	15.3288139516
27	10	363.031746032	16.2187117626
28	10	395.285714286	14.7792524796
29	10	396.0	14.4694533195
30	10	400.523809524	13.6252067325
31	10	395.523809524	14.5316918501
0	11	387.650793651	13.3513672448
1	11	383.222222222	10.5986588616
2	11	382.444444444	13.6936757246
3	11	383.825396825	12.648532988
4	11	462.857142857	10.8727957341
5	11	459.253968254	10.0679725643
6	11	458.888888889	11.5182548159
7	11	460.333333333	11.5730941384
8	11	291.380952381	11.0056674742
9	11	294.634920635	13.2477031101
10	11	292.619047619	11.0416650623
11	11	-1	0
12	11	383.952380952	11.0171994993
13	11	384.571428571	10.3182905649
14	11	380.428571429	11.4527521967
15	11	384.507936508	11.250217657
16	11	300.174603175	4.01402178298
17	11	300.063492063	4.07809874731
18	11	298.412698413	1.66795113014
19	11	298.587301587	1.74242050794
20	11	376.317460317	20.4146114782
21	11	381.857142857	21.8129546064
22	11	379.571428571	21.8150336147
23	11	385.349206349	22.9084851059
24	11	358.682539683	13.4150181144
25	11	361.333333333	9.19454634768
26	11	357.682539683	14.6740516005
27	11	355.253968254	13.8139201176
28	11	396.761904762	12.6211139368
29	11	396.53968254	12.7774918631
30	11	398.301587302	13.527907569
31	11	397.0	13.0785174637
0	12	318.238095238	14.6804202675
1	12	315.603174603	15.2695772673
2	12	306.365079365	6.0534696526
3	12	308.984126984	12.0191541095
4	12	233.952380952	11.119022127
5	12	227.523809524	6.04705659177
6	12	227.253968254	5.40125868331
7	12	228.333333333	7.2702918
8	12	326.936507937	14.9357066735
9	12	321.698412698	17.7751698767
10	12	324.507936508	15.3218103865
11	12	323.46031746	18.2058994423
12	12	-1	0
13	12	241.142857143	11.4349188722
14	12	234.793650794	9.92856825651
15	12	239.380952381	11.1475366649
16	12	314.603174603	19.420607352
17	12	315.761904762	19.1325487526
18	12	315.619047619	23.7696809492
19	12	309.904761905	21.0235803256
20	12	226.968253968	1.70869163693
21	12	227.968253968	3.02879437468
22	12	227.80952381	3.18656476654
23	12	227.841269841	2.90159424819
24	12	317.714285714	14.9946324486
25	12	313.523809524	8.16079894715
26	12	308.079365079	1.76654615314
27	12	312.412698413	11.4969076873
28	12	277.714285714	12.7234673464
29	12	277.634920635	12.5145015403
30	12	278.111111111	11.4172121679
31	12	281.396825397	14.5684369443
0	13	314.476190476	11.3653010531
1	13	312.666666667	11.6700675315
2	13	308.777777778	10.1862721883
3	13	311.206349206	10.7173775668
4	13	233.682539683	9.5665179959
5	13	231.142857143	8.68835590573
6	13	233.873015873	10.4372532777
7	13	231.111111111	9.74127385026
8	13	310.523809524	8.52979305813
9	13	318.634920635	14.9955565771
10	13	307.888888889	6.27444074814
11	13	309.698412698	15.3215637237
12	13	236.079365079	11.1970823684
13	13	-1	0
14	13	232.793650794	11.0153698252
15	13	238.476190476	10.8113067546
16	13	312.968253968	17.8049112664
17	13	314.111111111	17.452075977
18	13	310.047619048	19.8441775647
19	13	312.904761905	22.8658713493
20	13	228.333333333	4.30577316398
21	13	228.206349206	4.17155420071
22	13	228.174603175	4.28929891241
23	13	228.0	4.60848079502
24	13	320.158730159	16.7277038047
25	13	321.476190476	13.7204020753
26	13	319.0	14.7131298668
27	13	322.047619048	18.8573833558
28	13	284.603174603	19.1779798351
29	13	285.984126984	18.4050476716
30	13	287.206349206	18.5293921213
31	13	284.206349206	18.2419007731
0	14	317.126984127	11.8153680709
1	14	312.365079365	9.71547871085
2	14	310.19047619	9.74574737189
3	14	310.841269841	9.84838452502
4	14	238.444444444	11.6697652726
5	14	241.0	10.4517029827
6	14	237.888888889	10.6608780589
7	14	237.301587302	11.6845236411
8	14	316.301587302	12.7012496831
9	14	313.984126984	19.9439628161
10	14	316.047619048	11.6624871036
11	14	313.333333333	13.4317794209
12	14	242.063492063	12.692796377
13	14	244.380952381	11.7627722834
14	14	-1	0
15	14	241.26984127	8.90729387086
16	14	316.111111111	21.0954829372
17	14	329.396825397	25.1127866517
18	14	307.476190476	15.538847522
19	14	306.73015873	13.5485093765
20	14	230.174603175	2.66392527268
21	14	229.73015873	2.94503267132
22	14	230.047619048	2.95698565643
23	14	230.523809524	3.82911628438
24	14	320.603174603	16.6576544039
25	14	319.365079365	14.279857706
26	14	319.873015873	15.7131954087
27	14	311.571428571	5.84648662837
28	14	279.015873016	14.3266784811
29	14	279.634920635	13.5052036853
30	14	283.015873016	17.4869493864
31	14	280.888888889	13.8508049289
0	15	317.936507937	13.9748901985
1	15	312.238095238	10.6259853485
2	15	311.301587302	9.43420813819
3	15	311.349206349	11.0326481303
4	15	236.031746032	11.7648497909
5	15	230.238095238	8.09411756951
6	15	231.984126984	10.049863086
7	15	232.206349206	9.73646187515
8	15	315.73015873	10.2309929838
9	15	316.142857143	17.2946979148
10	15	315.888888889	14.4586011213
11	15	315.920634921	10.9461910275
12	15	236.888888889	13.0287972999
13	15	235.857142857	10.7154496722
14	15	233.46031746	13.3200235912
15	15	-1	0
16	15	314.746031746	19.8494078549
17	15	313.857142857	17.9274172777
18	15	312.873015873	21.2524449114
19	15	309.666666667	20.4279609188
20	15	227.888888889	3.86728694167
21	15	229.444444444	5.69538319788
22	15	228.888888889	4.17137300342
23	15	227.825396825	3.67980193799
24	15	315.317460317	12.5847292153
25	15	321.015873016	15.0938777282
26	15	319.936507937	15.4322616268
27	15	319.142857143	16.2703910089
28	15	279.396825397	14.7954730126
29	15	280.428571429	16.3247929914
30	15	285.380952381	17.6845628776
31	15	280.063492063	15.4948767937
0	16	430.031746032	13.7251573605
1	16	425.587301587	14.6413579479
2	16	427.333333333	11.6931671813
3	16	434.031746032	15.0596362168
4	16	551.634920635	16.0863755695
5	16	548.396825397	13.1264179068
6	16	544.873015873	14.2578210935
7	16	545.222222222	15.4944377572
8	16	435.19047619	13.3093321393
9	16	440.158730159	13.4119188277
10	16	435.619047619	14.9660235003
11	16	439.888888889	15.1123949034
12	16	536.380952381	13.6549642946
13	16	535.46031746	9.71143230217
14	16	542.682539683	12.1038173131
15	16	537.095238095	10.3628063333
16	16	-1	0
17	16	308.53968254	24.7365967535
18	16	306.222222222	23.3220683314
19	16	307.095238095	24.7301077897
20	16	514.380952381	12.4357760545
21	16	515.952380952	13.0474452543
22	16	505.412698413	13.0416121808
23	16	520.666666667	14.0892844569
24	16	380.238095238	23.7364593218
25	16	378.333333333	16.6371166611
26	16	386.523809524	19.803685037
27	16	384.507936508	21.376350243
28	16	368.317460317	12.5480984417
29	16	368.523809524	11.2516060834
30	16	368.158730159	12.8646264719
31	16	367.825396825	12.9853882261
0	17	425.857142857	14.1733677629
1	17	430.603174603	14.4788183357
2	17	429.571428571	11.5795581868
3	17	430.285714286	11.9528552363
4	17	547.555555556	13.005222123
5	17	544.936507937	14.3392822825
6	17	539.142857143	15.2251433051
7	17	542.142857143	15.1551312939
8	17	429.444444444	11.8600005056
9	17	432.142857143	14.2649054797
10	17	431.031746032	15.4405858244
11	17	434.777777778	13.4122006107
12	17	537.746031746	11.0811841869
13	17	537.19047619	11.5454342558
14	17	540.650793651	16.259950536
15	17	537.650793651	12.6455447078
16	17	304.682539683	21.8674400247
17	17	-1	0
18	17	304.285714286	23.8809405118
19	17	305.238095238	23.6063714064
20	17	511.650793651	14.2507685453
21	17	515.587301587	16.5803813315
22	17	511.301587302	13.9632566818
23	17	513.444444444	14.0563240897
24	17	383.920634921	19.8600672862
25	17	390.047619048	25.8766479094
26	17	380.19047619	18.8257314138
27	17	384.984126984	24.9033000067
28	17	372.714285714	11.7154470969
29	17	370.523809524	14.6046928127
30	17	370.904761905	13.3151236197
31	17	370.476190476	11.8614450027
0	18	440.158730159	12.502960093
1	18	435.428571429	12.7362927074
2	18	434.0	11.5909105056
3	18	435.841269841	13.9752688014
4	18	553.904761905	17.3906691691
5	18	551.698412698	16.2262132822
6	18	552.746031746	15.1887262431
7	18	551.222222222	13.3576497843
8	18	432.222222222	15.921877177
9	18	438.285714286	14.2142657733
10	18	434.380952381	16.7648806882
11	18	437.650793651	14.4531632504
12	18	547.317460317	17.6777372294
13	18	546.031746032	16.5164355411
14	18	539.571428571	12.8120903784
15	18	541.174603175	15.4565850584
16	18	302.777777778	22.318363458
17	18	308.920634921	24.5656241863
18	18	-1	0
19	18	305.634920635	21.7527970012
20	18	512.46031746	14.1822887499
21	18	516.904761905	15.1654518464
22	18	509.206349206	12.9665733014
23	18	516.714285714	14.3653336819
24	18	380.0	16.8654808542
25	18	390.349206349	23.9623770783
26	18	375.126984127	14.9957581976
27	18	384.761904762	21.3085527845
28	18	377.031746032	14.5808836081
29	18	371.492063492	13.6042395538
30	18	371.888888889	15.2514491751
31	18	371.682539683	12.0696726022
0	19	436.777777778	14.0942906875
1	19	432.857142857	11.9653695316
2	19	436.80952381	11.3331332515
3	19	433.841269841	12.3368159166
4	19	551.238095238	15.7839724673
5	19	550.714285714	16.3342357102
6	19	547.0	16.1126983345
7	19	542.428571429	13.891546231
8	19	430.53968254	16.1469692442
9	19	434.682539683	14.8738882704
10	19	432.19047619	14.6003447914
11	19	437.031746032	13.3713366192
12	19	551.952380952	13.6282020515
13	19	549.079365079	15.0494439989
14	19	544.158730159	14.5865847795
15	19	546.904761905	18.0877177355
16	19	301.73015873	18.5148643409
17	19	295.396825397	14.8661111177
18	19	304.46031746	20.6987656996
19	19	-1	0
20	19	505.777777778	12.7906767192
21	19	517.095238095	14.4976344931
22	19	513.873015873	14.1235950991
23	19	516.333333333	15.389132426
24	19	376.444444444	16.9628705434
25	19	387.444444444	23.6473950898
26	19	378.634920635	16.6545685494
27	19	380.714285714	18.5724053467
28	19	373.380952381	16.1730999192
29	19	378.46031746	16.8643753354
30	19	375.0	14.9793508665
31	19	373.301587302	13.8284672114
0	20	485.428571429	19.3174929243
1	20	486.142857143	15.309357179
2	20	484.444444444	13.8068050599
3	20	489.222222222	15.7282926191
4	20	370.841269841	12.3830482557
5	20	372.682539683	12.8949668991
6	20	377.523809524	14.6957040941
7	20	372.603174603	12.9056892617
8	20	486.015873016	14.1449324186
9	20	490.634920635	12.9973154582
10	20	480.968253968	11.5139229093
11	20	481.650793651	13.4189616259
12	20	362.936507937	14.4143590401
13	20	364.46031746	14.1923581011
14	20	353.650793651	12.9457460442
15	20	359.984126984	14.8703306007
16	20	523.968253968	11.3752282433
17	20	532.317460317	14.0122683171
18	20	523.666666667	13.0627302137
19	20	527.19047619	13.6786905793
20	20	-1	0
21	20	333.634920635	13.6710812699
22	20	324.365079365	12.8906285479
23	20	334.841269841	13.4721421556
24	20	403.26984127	23.0163546748
25	20	398.142857143	22.9677877554
26	20	410.126984127	22.0673514953
27	20	406.80952381	23.4621323696
28	20	403.365079365	19.6317701595
29	20	402.507936508	13.6252252241
30	20	405.428571429	22.6538579256
31	20	404.142857143	20.3609158297
0	21	486.492063492	15.0468823073
1	21	486.777777778	13.3588380405
2	21	483.238095238	14.2324403486
3	21	481.507936508	12.6502061165
4	21	369.079365079	13.248901227
5	21	368.492063492	12.306757746
6	21	372.761904762	15.7225086711
7	21	370.126984127	12.7894947757
8	21	478.174603175	13.2551753086
9	21	486.079365079	12.07292864
10	21	483.285714286	14.2833331349
11	21	482.841269841	13.0362210285
12	21	363.873015873	14.5618462804
13	21	366.238095238	13.8251143521
14	21	360.888888889	15.8195289307
15	21	360.285714286	15.0885519217
16	21	523.317460317	13.5234369127
17	21	529.507936508	13.2771112462
18	21	521.968253968	13.0493182379
19	21	520.650793651	13.7957420739
20	21	321.238095238	14.1339558328
21	21	-1	0
22	21	318.238095238	14.5609984457
23	21	325.031746032	13.8150691293
24	21	396.142857143	16.6217080692
25	21	394.825396825	22.7243940548
26	21	396.333333333	18.395996804
27	21	399.126984127	24.024783542
28	21	405.825396825	26.4734306353
29	21	410.666666667	23.6206796671
30	21	399.444444444	19.7225016747
31	21	399.714285714	21.414598619
0	22	484.285714286	15.8027811209
1	22	484.253968254	14.41556506
2	22	486.206349206	15.8886589584
3	22	481.698412698	14.0165830592
4	22	373.698412698	13.209706533
5	22	374.984126984	13.0292614069
6	22	375.111111111	11.4269399188
7	22	369.793650794	11.9750517514
8	22	487.19047619	13.5328608208
9	22	488.047619048	12.7620824437
10	22	487.206349206	12.6618521303
11	22	488.301587302	13.6400843928
12	22	363.253968254	14.0271485681
13	22	359.80952381	13.5574698474
14	22	356.174603175	13.4276895654
15	22	361.73015873	12.2671407119
16	22	530.031746032	12.6804038967
17	22	527.238095238	12.8553790677
18	22	526.888888889	11.2378486207
19	22	527.888888889	14.1377700933
20	22	322.365079365	11.6636752455
21	22	330.650793651	14.0939689118
22	22	-1	0
23	22	329.0	12.9602567092
24	22	398.285714286	14.3210673667
25	22	396.317460317	22.1386865276
26	22	401.53968254	19.2566833559
27	22	406.206349206	22.0858057773
28	22	402.174603175	21.7485921329
29	22	406.317460317	21.7173951176
30	22	403.936507937	23.5087778377
31	22	407.555555556	24.3374280819
0	23	486.19047619	15.3858904059
1	23	481.063492063	13.3224634452
2	23	478.904761905	13.9894680177
3	23	483.174603175	15.0338661953
4	23	374.841269841	12.6229902995
5	23	370.047619048	13.1238648143
6	23	368.0	10.9530020528
7	23	369.253968254	14.2338387933
8	23	482.873015873	12.2338225716
9	23	487.111111111	12.4251551185
10	23	480.523809524	13.3021744766
11	23	482.412698413	13.0537775602
12	23	362.825396825	14.6683328951
13	23	363.412698413	12.7958759733
14	23	357.571428571	12.6500069461
15	23	365.603174603	14.327839127
16	23	527.238095238	14.272533602
17	23	531.317460317	14.9058690868
18	23	523.634920635	13.7751807954
19	23	524.968253968	13.7655750218
20	23	318.0	12.3468394516
21	23	320.523809524	12.29512375
22	23	316.111111111	11.9511055623
23	23	-1	0
24	23	399.0	21.7131369788
25	23	398.349206349	22.6134941665
26	23	398.158730159	21.1038297504
27	23	397.761904762	19.4281045696
28	23	402.761904762	19.0885274992
29	23	405.857142857	23.0292134299
30	23	399.079365079	19.1802656414
31	23	397.412698413	17.2384167879
0	24	358.904761905	17.5776863292
1	24	358.603174603	12.9290366974
2	24	360.476190476	18.2599024171
3	24	354.634920635	13.1309661721
4	24	386.285714286	21.702482172
5	24	384.095238095	22.573136363
6	24	382.920634921	25.050616434
7	24	385.047619048	23.638432905
8	24	332.412698413	22.6909078502
9	24	341.904761905	25.5471641552
10	24	340.444444444	25.6290867606
11	24	336.301587302	24.4810486604
12	24	369.73015873	14.1401223016
13	24	372.111111111	17.3535697907
14	24	371.26984127	20.7021249958
15	24	373.777777778	17.1125540517
16	24	292.206349206	23.8235302717
17	24	295.888888889	23.1544922523
18	24	291.825396825	25.5458129906
19	24	290.666666667	23.9496827033
20	24	382.142857143	14.0947554615
21	24	382.968253968	15.0015536274
22	24	380.682539683	12.3324650876
23	24	381.841269841	17.2876746159
24	24	-1	0
25	24	306.317460317	12.5189702361
26	24	306.698412698	12.2288170211
27	24	304.412698413	11.5258645245
28	24	321.80952381	13.4952750613
29	24	319.19047619	11.7835736392
30	24	322.666666667	12.5001587292
31	24	317.126984127	11.0762036696
0	25	359.936507937	13.9726183658
1	25	359.492063492	13.0406848295
2	25	361.936507937	14.0925208306
3	25	363.015873016	15.214333325
4	25	392.26984127	23.2250592285
5	25	401.476190476	23.4587494375
6	25	390.841269841	25.0872802458
7	25	395.158730159	23.2673941414
8	25	342.80952381	23.0002464741
9	25	338.73015873	22.7492936218
10	25	338.507936508	24.6176301619
11	25	339.142857143	24.1469424551
12	25	388.333333333	23.2016693433
13	25	384.047619048	21.7696662204
14	25	374.26984127	20.3611880631
15	25	376.412698413	19.5810362751
16	25	292.380952381	20.850509926
17	25	298.73015873	25.1359518335
18	25	293.317460317	24.988140296
19	25	291.174603175	24.0228328442
20	25	383.412698413	21.224151353
21	25	386.793650794	23.3109816278
22	25	385.952380952	16.7904248709
23	25	388.142857143	18.1211593788
24	25	305.777777778	7.86683705313
25	25	-1	0
26	25	307.888888889	11.8738222288
27	25	307.476190476	9.37043161557
28	25	328.476190476	13.672887252
29	25	324.523809524	13.5152555107
30	25	325.634920635	13.4852083425
31	25	326.26984127	13.6092946171
0	26	365.047619048	11.6488688346
1	26	362.523809524	11.8198879253
2	26	358.857142857	12.0697143518
3	26	356.238095238	12.0247288663
4	26	394.53968254	23.1632065911
5	26	393.015873016	22.1162097154
6	26	382.746031746	21.1457288674
7	26	379.222222222	21.2964297212
8	26	343.079365079	24.9770063066
9	26	347.920634921	26.729272692
10	26	342.396825397	25.3799944229
11	26	346.26984127	23.0948399027
12	26	376.857142857	20.9010192983
13	26	373.46031746	18.1744853396
14	26	372.428571429	20.4750830265
15	26	368.634920635	12.2387643158
16	26	301.571428571	26.3171826818
17	26	304.746031746	23.1125392023
18	26	283.444444444	22.9283063273
19	26	288.53968254	24.2374663383
20	26	379.888888889	11.9961781098
21	26	384.587301587	24.0842666951
22	26	381.142857143	14.9378151681
23	26	386.444444444	20.9115884769
24	26	309.238095238	12.5744945756
25	26	302.301587302	11.2879130758
26	26	-1	0
27	26	304.968253968	11.5056483768
28	26	322.222222222	14.5541620562
29	26	322.746031746	12.8062091264
30	26	324.619047619	12.2324426449
31	26	322.920634921	12.464936966
0	27	360.365079365	12.5449054825
1	27	359.936507937	13.6531559418
2	27	362.301587302	12.206731061
3	27	357.380952381	12.0836089577
4	27	394.396825397	22.324831134
5	27	381.984126984	20.8459901085
6	27	379.301587302	22.4171383704
7	27	381.428571429	19.6668396164
8	27	338.142857143	24.3661599471
9	27	344.857142857	26.363067687
10	27	345.079365079	23.9604843919
11	27	336.555555556	23.7966102547
12	27	374.476190476	20.6196524711
13	27	373.857142857	18.0403930753
14	27	363.555555556	14.0653551383
15	27	372.333333333	15.9900762876
16	27	304.825396825	23.9606421215
17	27	311.603174603	23.1342113752
18	27	282.301587302	22.8873257507
19	27	289.936507937	25.8050524251
20	27	378.968253968	12.5760773832
21	27	387.73015873	21.9799377133
22	27	377.126984127	17.5368021768
23	27	383.476190476	25.0021314284
24	27	305.031746032	10.9413563101
25	27	303.222222222	11.883621441
26	27	308.412698413	11.0663725156
27	27	-1	0
28	27	325.349206349	12.6304730148
29	27	323.952380952	13.2166664522
30	27	323.777777778	14.196405139
31	27	323.555555556	13.7768816913
0	28	376.80952381	16.4566357947
1	28	378.365079365	15.9665340359
2	28	373.587301587	14.6922233189
3	28	375.126984127	13.3136665236
4	28	370.317460317	12.8949668991
5	28	364.158730159	15.7462077563
6	28	363.682539683	12.3028263585
7	28	365.047619048	14.4556558618
8	28	370.444444444	13.7006288557
9	28	372.873015873	13.3612708067
10	28	368.650793651	15.4428374831
11	28	372.349206349	13.6999116324
12	28	370.444444444	13.7249370748
13	28	370.428571429	13.5420735156
14	28	365.825396825	12.0429649918
15	28	368.333333333	14.7562201036
16	28	352.492063492	12.5355026186
17	28	358.476190476	15.4322453004
18	28	362.73015873	15.6845959708
19	28	365.634920635	23.6759214549
20	28	359.26984127	15.1418754465
21	28	354.682539683	10.8873384985
22	28	357.253968254	14.6004655872
23	28	356.079365079	13.179230398
24	28	410.873015873	16.7165843548
25	28	407.888888889	16.5492157884
26	28	411.73015873	18.0257367586
27	28	413.825396825	16.2925045407
28	28	-1	0
29	28	329.222222222	12.9779354198
30	28	327.682539683	10.0314195245
31	28	330.952380952	10.6255585421
0	29	379.873015873	14.2589343348
1	29	380.650793651	15.8916557222
2	29	374.984126984	16.6528438522
3	29	377.698412698	19.0468386084
4	29	368.984126984	14.7696514918
5	29	360.777777778	14.7416314107
6	29	363.650793651	16.788278914
7	29	361.841269841	13.4815645425
8	29	367.873015873	14.0526132276
9	29	376.666666667	13.778289801
10	29	367.079365079	14.8957238855
11	29	374.222222222	14.6584873778
12	29	370.603174603	15.2477317413
13	29	365.80952381	13.4221531436
14	29	365.26984127	12.2917010966
15	29	370.650793651	14.6744121649
16	29	357.317460317	15.2584354987
17	29	355.46031746	14.2893293486
18	29	358.476190476	15.1016210029
19	29	362.698412698	19.6538577502
20	29	359.063492063	13.2627572798
21	29	354.015873016	12.7160591673
22	29	357.904761905	16.2468207251
23	29	359.396825397	13.7419987485
24	29	410.238095238	11.6083088547
25	29	407.920634921	10.4186974589
26	29	410.492063492	16.3259196157
27	29	408.984126984	14.1359522096
28	29	328.523809524	11.0235781113
29	29	-1	0
30	29	328.174603175	8.92391060007
31	29	329.920634921	10.6894126337
0	30	380.857142857	18.3803355436
1	30	376.396825397	19.0675821313
2	30	376.444444444	16.1646074072
3	30	370.761904762	14.6641927413
4	30	367.380952381	13.9345733914
5	30	364.079365079	11.6486958018
6	30	358.301587302	11.5835610401
7	30	362.936507937	16.8954516429
8	30	374.507936508	13.4941174907
9	30	374.428571429	13.9269229794
10	30	374.428571429	15.5274608619
11	30	373.555555556	13.4445100353
12	30	378.873015873	11.2834927378
13	30	379.317460317	13.2303467864
14	30	368.523809524	12.4516297688
15	30	374.888888889	14.2239582274
16	30	355.0	12.8310140143
17	30	349.523809524	10.9165043868
18	30	365.46031746	22.3513256571
19	30	362.841269841	21.5761525832
20	30	356.031746032	11.524946378
21	30	362.507936508	12.9943492186
22	30	358.714285714	16.037088533
23	30	363.523809524	10.4149726514
24	30	416.380952381	19.6609584706
25	30	421.968253968	12.2331429257
26	30	414.317460317	18.6213952701
27	30	412.746031746	18.2869267676
28	30	332.793650794	15.6804991925
29	30	335.126984127	13.0912451825
30	30	-1	0
31	30	329.777777778	14.0649789604
0	31	378.095238095	15.3092090614
1	31	378.333333333	16.3551846059
2	31	374.936507937	17.3387107189
3	31	375.46031746	13.9589254565
4	31	368.857142857	13.1340550235
5	31	363.206349206	14.0646565142
6	31	359.73015873	13.8509140713
7	31	364.444444444	15.0298937864
8	31	370.047619048	14.5835617086
9	31	375.603174603	13.184333756
10	31	369.285714286	15.0020406775
11	31	373.19047619	15.8102409476
12	31	367.873015873	12.6810595715
13	31	368.492063492	12.9196208798
14	31	367.571428571	12.7984551222
15	31	370.031746032	15.0068431522
16	31	361.507936508	11.4446535877
17	31	358.714285714	14.5486906316
18	31	362.380952381	18.1697713131
19	31	359.587301587	18.8322881468
20	31	359.507936508	13.6345418208
21	31	355.253968254	10.4562099024
22	31	360.761904762	13.4255315708
23	31	357.206349206	13.8623147133
24	31	406.476190476	14.0665731692
25	31	403.682539683	10.0250882066
26	31	406.444444444	13.1713708026
27	31	406.936507937	10.5663031571
28	31	325.428571429	9.91505875034
29	31	327.047619048	9.62541043681
30	31	331.095238095	12.754973242
31	31	-1	0
