# src_core	dest_core	cost	stderr
0	0	-1	0
1	0	9.8253968254	2.03571041802
2	0	99.0793650794	16.4724894152
3	0	96.619047619	20.9817975318
4	0	97.7619047619	18.2658622396
5	0	93.126984127	20.3707634127
6	0	90.4444444444	17.2836079583
7	0	93.4920634921	19.9490406468
8	0	287.174603175	10.9986141732
9	0	284.793650794	7.76266753807
10	0	286.873015873	10.1034208626
11	0	288.476190476	9.05513472305
12	0	290.841269841	9.06625760493
13	0	285.365079365	6.88061825226
14	0	286.126984127	6.94534688014
15	0	286.698412698	7.75955104379
0	1	5.46031746032	2.17361812935
1	1	-1	0
2	1	83.1428571429	17.0664965978
3	1	87.0952380952	17.700967856
4	1	79.6031746032	14.2745635494
5	1	80.873015873	16.2202030241
6	1	86.0	17.030318436
7	1	87.7777777778	17.6135269486
8	1	288.444444444	6.21768542087
9	1	282.317460317	11.2755183555
10	1	288.206349206	7.25534008077
11	1	282.825396825	9.29676455503
12	1	290.650793651	9.25504363596
13	1	283.333333333	8.87300167532
14	1	284.412698413	10.365747809
15	1	282.825396825	12.8118740591
0	2	77.9682539683	16.5135521584
1	2	93.6984126984	20.8826159347
2	2	-1	0
3	2	5.50793650794	2.30852812225
4	2	93.6349206349	19.8176621459
5	2	90.5238095238	18.74037924
6	2	100.53968254	18.5342457782
7	2	93.9365079365	19.4592557778
8	2	287.936507937	6.58972990239
9	2	284.476190476	7.9818387961
10	2	287.825396825	7.58138841106
11	2	284.920634921	6.53999074632
12	2	290.26984127	7.63701584953
13	2	289.111111111	7.65757454889
14	2	286.888888889	7.45592575903
15	2	287.333333333	9.84966359912
0	3	79.4285714286	17.7582659365
1	3	88.9365079365	21.2557167032
2	3	6.69841269841	1.82256509135
3	3	-1	0
4	3	86.9682539683	17.4846583582
5	3	87.0317460317	18.0844300778
6	3	89.9365079365	17.0227420393
7	3	87.5873015873	18.523802723
8	3	287.746031746	6.60439549153
9	3	285.80952381	7.91794654889
10	3	288.587301587	7.49313955146
11	3	285.301587302	9.76003337334
12	3	287.53968254	7.41689490676
13	3	285.111111111	9.60011757718
14	3	283.587301587	10.365747809
15	3	283.396825397	6.91568193229
0	4	82.0317460317	17.9434457716
1	4	86.6507936508	19.3826618073
2	4	85.2380952381	19.3986698003
3	4	87.9841269841	18.8961170644
4	4	-1	0
5	4	6.33333333333	2.01581052272
6	4	94.3174603175	18.1605060737
7	4	104.984126984	16.4533897347
8	4	289.079365079	7.41363306028
9	4	287.714285714	7.11677778753
10	4	289.158730159	7.46889071725
11	4	287.079365079	7.13431588093
12	4	290.587301587	8.14284167207
13	4	284.603174603	13.2982152789
14	4	284.285714286	7.18779514823
15	4	289.047619048	7.95907901553
0	5	82.3492063492	18.8647304493
1	5	86.7142857143	19.0666571524
2	5	82.126984127	18.3367893396
3	5	88.4920634921	20.8333318216
4	5	5.95238095238	2.22131500756
5	5	-1	0
6	5	87.1428571429	18.3984619292
7	5	87.0158730159	17.3840759678
8	5	287.428571429	7.22806322324
9	5	287.079365079	8.43895274346
10	5	285.984126984	8.75684233785
11	5	284.53968254	9.07958707687
12	5	290.968253968	9.06759143388
13	5	285.047619048	7.95907901553
14	5	285.80952381	8.38528026783
15	5	284.920634921	8.67637110029
0	6	77.5873015873	15.7526867657
1	6	85.8253968254	18.2700550234
2	6	82.5714285714	17.8011184647
3	6	86.5238095238	19.7434796493
4	6	78.7142857143	15.5934750003
5	6	85.3174603175	19.0611592086
6	6	-1	0
7	6	7.01587301587	1.88133744635
8	6	287.80952381	7.10657451664
9	6	286.761904762	7.86738149641
10	6	287.507936508	7.10884317576
11	6	284.158730159	11.3546107678
12	6	288.301587302	8.85981640255
13	6	286.253968254	6.75646252415
14	6	285.682539683	6.50476113009
15	6	283.396825397	10.8357721541
0	7	84.6349206349	18.7373674586
1	7	90.6507936508	20.0524381846
2	7	80.0952380952	17.8723110183
3	7	80.9365079365	17.0227420393
4	7	85.3174603175	18.118503562
5	7	84.0476190476	17.3364727664
6	7	6.95238095238	2.10387828899
7	7	-1	0
8	7	289.714285714	7.99092455749
9	7	285.873015873	8.95755788625
10	7	287.0	8.37228989556
11	7	283.650793651	8.6596285161
12	7	289.063492063	10.1666635689
13	7	284.031746032	7.99596774168
14	7	288.920634921	9.88071970147
15	7	286.253968254	8.60780054861
0	8	422.412698413	12.0641603825
1	8	427.984126984	16.047045976
2	8	424.920634921	15.2890681844
3	8	425.19047619	13.9008474594
4	8	421.19047619	16.6293459701
5	8	420.619047619	18.0259324409
6	8	424.53968254	13.9714282108
7	8	419.714285714	15.1808448344
8	8	-1	0
9	8	7.33333333333	2.25374467928
10	8	99.9523809524	18.6355425655
11	8	101.746031746	16.9686622963
12	8	97.3174603175	17.5922289814
13	8	97.873015873	19.4132110667
14	8	102.126984127	19.0700397145
15	8	97.873015873	19.3345583056
0	9	420.507936508	13.8287405065
1	9	425.571428571	15.464977623
2	9	422.126984127	13.7638727287
3	9	422.904761905	15.3991489001
4	9	425.761904762	16.2027964329
5	9	422.777777778	19.6964620499
6	9	420.603174603	16.6862168029
7	9	423.523809524	14.3856819722
8	9	9.26984126984	2.34491242065
9	9	-1	0
10	9	86.5555555556	16.6397666515
11	9	82.1904761905	15.7186141225
12	9	91.5396825397	17.6929951136
13	9	91.0158730159	16.4996316106
14	9	84.7301587302	17.469434849
15	9	85.1111111111	17.3617999863
0	10	421.206349206	14.943447606
1	10	427.476190476	14.2259065523
2	10	421.365079365	15.2391534024
3	10	421.444444444	14.4329624694
4	10	424.873015873	11.9675381875
5	10	420.619047619	21.6490247381
6	10	424.666666667	13.4093073576
7	10	418.825396825	18.6552173072
8	10	79.619047619	15.9636775922
9	10	84.6031746032	19.3764213468
10	10	-1	0
11	10	6.8253968254	2.38074073133
12	10	99.7936507937	17.7550875608
13	10	100.412698413	17.4070182166
14	10	95.7777777778	18.6364078258
15	10	102.825396825	17.3722454092
0	11	421.46031746	12.9526921842
1	11	423.920634921	20.6952962889
2	11	420.793650794	21.1496247332
3	11	422.523809524	13.605387755
4	11	423.53968254	11.5865622726
5	11	422.904761905	19.9282158471
6	11	425.873015873	13.5781010238
7	11	426.19047619	12.1874996366
8	11	79.4920634921	15.2439142329
9	11	81.4285714286	19.0818739602
10	11	8.39682539683	2.38074073133
11	11	-1	0
12	11	90.2063492063	16.7844965598
13	11	91.6507936508	18.837786014
14	11	84.0317460317	16.5135521584
15	11	89.619047619	17.9553490031
0	12	419.80952381	18.3708336323
1	12	425.825396825	16.7924205148
2	12	424.095238095	16.7878586945
3	12	425.380952381	17.4968737084
4	12	422.523809524	20.3640339214
5	12	423.857142857	13.0916878304
6	12	427.015873016	12.9853300176
7	12	422.317460317	16.8850693855
8	12	88.0	18.5164019955
9	12	85.619047619	19.9391364155
10	12	85.6666666667	20.383622433
11	12	85.2380952381	19.0818739602
12	12	-1	0
13	12	7.01587301587	2.46558575733
14	12	105.111111111	15.3262003192
15	12	94.0634920635	18.440701202
0	13	423.365079365	14.7995083437
1	13	423.222222222	10.8502716584
2	13	422.888888889	16.5837088841
3	13	422.587301587	12.8392193313
4	13	425.063492063	15.1771267079
5	13	421.571428571	16.8029799754
6	13	421.936507937	21.0395493161
7	13	421.365079365	14.3463966908
8	13	91.619047619	18.3332714903
9	13	80.9841269841	18.3367893396
10	13	88.9047619048	20.9593062148
11	13	90.0	19.5440081347
12	13	9.38095238095	2.33284737408
13	13	-1	0
14	13	91.0158730159	18.4610203363
15	13	91.6507936508	19.7332679617
0	14	420.571428571	15.1999522615
1	14	418.523809524	27.3570496082
2	14	424.476190476	15.4907623706
3	14	425.825396825	12.5109979333
4	14	423.222222222	15.8369113195
5	14	426.26984127	16.4202800947
6	14	426.698412698	19.1175436098
7	14	421.301587302	22.4984196416
8	14	84.7619047619	18.126289148
9	14	87.5873015873	19.6288052994
10	14	82.0476190476	18.2777760547
11	14	87.3333333333	20.2711774429
12	14	87.4126984127	17.6676863323
13	14	85.9365079365	19.6540500417
14	14	-1	0
15	14	7.07936507937	2.27687886693
0	15	418.984126984	27.0727954963
1	15	427.285714286	16.4957219768
2	15	423.206349206	15.6734116485
3	15	423.920634921	14.5921283273
4	15	416.80952381	20.3889614882
5	15	424.682539683	12.0591470872
6	15	426.126984127	16.6680876189
7	15	426.317460317	12.9526921842
8	15	91.6825396825	19.5089115956
9	15	84.2222222222	19.5800712132
10	15	89.9206349206	20.939293652
11	15	88.7301587302	19.2800631867
12	15	87.4761904762	20.1635039967
13	15	82.9523809524	17.8133431097
14	15	7.5873015873	2.20126169186
15	15	-1	0
