# src_core	dest_core	cost	stderr
0	0	-1	0
1	0	354.523809524	4.17801176553
2	0	354.079365079	2.95092983625
3	0	355.0	3.02371578407
4	0	336.936507937	2.98606826421
5	0	338.222222222	2.90835929553
6	0	337.619047619	2.93002286913
7	0	337.571428571	2.93697979907
8	0	355.873015873	4.5127405656
9	0	356.412698413	3.77811122978
10	0	357.777777778	4.61345322045
11	0	356.53968254	3.09030946632
12	0	337.46031746	2.92675342547
13	0	336.873015873	2.95195422757
14	0	337.222222222	2.78570298012
15	0	337.666666667	2.80022674819
16	0	393.19047619	2.34931359687
17	0	393.015873016	2.65767569708
18	0	392.365079365	2.75624305665
19	0	392.142857143	2.42249473181
20	0	359.174603175	2.53571118066
21	0	360.206349206	3.0558750606
22	0	359.333333333	2.76026223737
23	0	359.047619048	3.04166084241
24	0	364.603174603	3.60572596895
25	0	367.650793651	6.56387112397
26	0	364.80952381	1.3784871263
27	0	364.777777778	1.80338697609
28	0	366.238095238	3.08459709347
29	0	365.968253968	3.07559907169
30	0	364.063492063	4.18945393977
31	0	366.46031746	3.34201439504
0	1	353.968253968	4.57726699482
1	1	-1	0
2	1	353.571428571	4.26768695284
3	1	353.238095238	3.77844465236
4	1	336.53968254	2.67157522539
5	1	336.841269841	2.5210626961
6	1	337.222222222	3.04695760018
7	1	336.301587302	2.57358326343
8	1	356.920634921	3.24796193631
9	1	357.206349206	3.24726370847
10	1	358.031746032	2.88932492785
11	1	356.111111111	2.9499050892
12	1	337.634920635	2.93474850766
13	1	337.698412698	2.8819907176
14	1	337.238095238	2.88792937144
15	1	338.063492063	2.74222141369
16	1	393.142857143	2.6177485956
17	1	392.444444444	2.86066801932
18	1	391.761904762	2.92072118575
19	1	392.095238095	2.95851896514
20	1	358.698412698	2.89846659315
21	1	359.063492063	2.85007945238
22	1	359.650793651	3.01929630274
23	1	358.603174603	3.61890837939
24	1	364.412698413	3.77390758139
25	1	365.428571429	3.03793103005
26	1	365.428571429	2.97990244708
27	1	364.682539683	2.59318641294
28	1	366.476190476	2.4485638347
29	1	366.365079365	2.56534652074
30	1	363.698412698	3.9142998751
31	1	366.206349206	3.11758316119
0	2	355.492063492	4.58386755631
1	2	353.349206349	3.96075481887
2	2	-1	0
3	2	352.619047619	3.19934800614
4	2	336.555555556	3.07977415054
5	2	336.825396825	2.8370546013
6	2	337.158730159	2.75569453237
7	2	337.936507937	2.82771440529
8	2	357.158730159	4.66396639294
9	2	357.46031746	3.62454330708
10	2	356.206349206	3.99666023336
11	2	356.873015873	2.95195422757
12	2	336.587301587	2.67638064436
13	2	336.428571429	2.57407271462
14	2	336.587301587	2.69999953342
15	2	336.380952381	2.34641618948
16	2	392.603174603	2.49787009295
17	2	393.412698413	2.69999953342
18	2	392.698412698	2.40788994524
19	2	392.317460317	2.81055491795
20	2	358.428571429	3.16586097878
21	2	359.666666667	2.84521318977
22	2	358.968253968	2.57563833338
23	2	358.46031746	2.81619689983
24	2	364.698412698	3.12509007177
25	2	367.619047619	6.78099250924
26	2	364.904761905	3.71062090262
27	2	364.634920635	1.81965972139
28	2	366.349206349	2.48269394235
29	2	366.253968254	2.98125495024
30	2	364.333333333	3.94807568156
31	2	365.936507937	2.66591070161
0	3	355.904761905	4.25651428192
1	3	354.952380952	3.61842099838
2	3	354.111111111	4.549938465
3	3	-1	0
4	3	337.015873016	3.09373182723
5	3	338.380952381	2.99432569948
6	3	337.841269841	3.45127696269
7	3	337.698412698	2.95809312578
8	3	356.047619048	4.71885300641
9	3	357.492063492	4.38928354378
10	3	356.746031746	3.99192937387
11	3	356.793650794	2.74965354331
12	3	336.80952381	2.84999104904
13	3	336.317460317	2.62965624421
14	3	337.079365079	2.82450494216
15	3	336.777777778	2.38676539065
16	3	393.047619048	2.34641618948
17	3	392.761904762	2.99583989715
18	3	391.968253968	2.67835684032
19	3	392.365079365	2.95630393062
20	3	358.936507937	2.94862365457
21	3	360.111111111	3.01378373747
22	3	358.73015873	2.65596871519
23	3	358.571428571	3.08973870429
24	3	364.142857143	3.39400565356
25	3	366.253968254	5.47713357419
26	3	365.19047619	2.78805355587
27	3	364.079365079	2.86911073719
28	3	365.968253968	2.51956316426
29	3	365.904761905	2.22335571999
30	3	364.984126984	4.17282236143
31	3	366.015873016	2.27122834741
0	4	351.873015873	4.25195403629
1	4	351.571428571	3.71062090262
2	4	350.73015873	3.52409551249
3	4	350.206349206	3.83036626438
4	4	-1	0
5	4	337.301587302	2.6224604988
6	4	336.80952381	2.86665084634
7	4	337.634920635	2.75047809582
8	4	356.380952381	3.92156662665
9	4	358.0	4.28359736077
10	4	355.825396825	4.0690066747
11	4	357.603174603	4.15776070125
12	4	336.555555556	2.48664865165
13	4	336.777777778	2.73393979593
14	4	335.952380952	1.7855555485
15	4	336.746031746	2.41666340866
16	4	393.253968254	4.6118145517
17	4	392.365079365	5.00254407436
18	4	393.19047619	4.1893937996
19	4	394.031746032	3.99192937387
20	4	359.650793651	3.15302188213
21	4	360.095238095	3.56221032557
22	4	359.650793651	2.63769217405
23	4	358.936507937	2.84450467623
24	4	366.761904762	3.00641792717
25	4	363.095238095	3.75738124659
26	4	363.507936508	3.84572744114
27	4	363.936507937	3.52259381288
28	4	365.523809524	3.27014946922
29	4	365.904761905	2.53680392417
30	4	364.380952381	3.70511688837
31	4	365.777777778	3.19942675642
0	5	350.619047619	3.6008313477
1	5	349.047619048	4.0724727149
2	5	350.238095238	3.83680706257
3	5	349.095238095	3.40268001618
4	5	336.46031746	2.75349934254
5	5	-1	0
6	5	336.26984127	3.43283098131
7	5	335.619047619	2.72803534998
8	5	356.73015873	4.45865076469
9	5	358.396825397	4.72930641091
10	5	357.285714286	4.04509725364
11	5	356.619047619	3.84801978111
12	5	336.079365079	2.11796238782
13	5	336.095238095	1.8057604977
14	5	335.80952381	1.87597291463
15	5	335.888888889	2.06336995976
16	5	392.285714286	4.00962560667
17	5	391.301587302	4.9525844484
18	5	390.111111111	4.30249507202
19	5	391.857142857	3.82496869105
20	5	358.396825397	3.08884157944
21	5	358.412698413	2.46650527551
22	5	358.063492063	3.06476657426
23	5	358.80952381	2.91061081713
24	5	366.841269841	2.58939442088
25	5	364.285714286	3.11386337605
26	5	364.380952381	3.28743916078
27	5	363.873015873	3.20461999576
28	5	366.031746032	2.81700197479
29	5	366.079365079	3.76829542241
30	5	363.53968254	6.50963973066
31	5	366.031746032	3.17214190303
0	6	350.317460317	4.13588783131
1	6	350.714285714	3.61403161162
2	6	349.761904762	3.56666348782
3	6	348.857142857	4.70007478109
4	6	338.0	3.32379587936
5	6	336.0	2.46241589978
6	6	-1	0
7	6	336.587301587	3.08418866198
8	6	356.920634921	3.76829542241
9	6	357.666666667	4.8566759813
10	6	356.174603175	3.61451958449
11	6	358.968253968	4.54594971993
12	6	336.0	2.01581052272
13	6	336.26984127	2.55234936409
14	6	335.746031746	1.83414054929
15	6	336.349206349	2.41791416182
16	6	391.26984127	4.62294604484
17	6	390.904761905	4.87857084757
18	6	392.015873016	4.26313865854
19	6	390.53968254	4.76703427429
20	6	358.698412698	2.91484934205
21	6	359.920634921	3.47919707624
22	6	358.095238095	2.80427273606
23	6	358.761904762	2.43463295832
24	6	366.587301587	2.12793155871
25	6	364.253968254	3.67733622521
26	6	364.793650794	4.15630609105
27	6	364.761904762	3.34148662721
28	6	366.063492063	3.0177938745
29	6	365.761904762	3.99489470117
30	6	362.634920635	4.26242939634
31	6	366.0	3.22194853791
0	7	351.063492063	4.10911884067
1	7	350.158730159	3.51055709054
2	7	350.523809524	4.09745233606
3	7	348.063492063	4.74717297953
4	7	337.174603175	3.1599662573
5	7	336.587301587	3.24959055118
6	7	336.158730159	2.53988094463
7	7	-1	0
8	7	357.698412698	4.8750577388
9	7	358.825396825	4.79265205616
10	7	355.920634921	3.62662809548
11	7	357.095238095	4.30471976381
12	7	335.714285714	1.86384626579
13	7	335.888888889	2.26856440943
14	7	336.0	2.17489280889
15	7	336.365079365	2.26989676922
16	7	392.206349206	4.20188442291
17	7	392.428571429	3.87795677552
18	7	391.698412698	4.1351567431
19	7	391.984126984	3.83174734683
20	7	359.349206349	3.04025233998
21	7	358.380952381	2.64532274521
22	7	359.238095238	3.19580223535
23	7	358.380952381	3.22897876346
24	7	366.222222222	2.13396154771
25	7	363.761904762	3.15078365518
26	7	364.349206349	3.16808855375
27	7	364.53968254	4.1166537375
28	7	365.793650794	3.36724997379
29	7	366.063492063	3.87041286454
30	7	363.285714286	4.48428852076
31	7	366.126984127	3.94603302302
0	8	340.396825397	3.70987392307
1	8	339.428571429	4.55552790213
2	8	338.523809524	3.31833359813
3	8	337.968253968	5.02996814016
4	8	353.19047619	3.87444678225
5	8	352.746031746	3.58111561037
6	8	354.126984127	3.91777416355
7	8	353.968253968	3.69026283732
8	8	-1	0
9	8	335.46031746	2.17361812935
10	8	332.571428571	3.57555317383
11	8	334.53968254	1.7073640393
12	8	360.571428571	2.86585971873
13	8	360.380952381	2.60907191082
14	8	360.841269841	2.76719070887
15	8	360.682539683	2.6236131443
16	8	354.523809524	2.98066330562
17	8	354.476190476	2.67176383602
18	8	354.746031746	2.71952525017
19	8	354.333333333	2.73716340251
20	8	396.619047619	2.44578400731
21	8	397.079365079	3.03054077264
22	8	396.793650794	2.55205320489
23	8	397.015873016	3.00524442918
24	8	367.682539683	3.30860060969
25	8	365.126984127	2.85352504636
26	8	366.079365079	3.1030020656
27	8	366.523809524	3.84153219621
28	8	371.523809524	2.43556416239
29	8	371.698412698	3.00599887334
30	8	368.492063492	3.78330927567
31	8	371.888888889	3.16283533192
0	9	339.142857143	5.40093214429
1	9	334.920634921	4.14154938917
2	9	336.142857143	4.05461580141
3	9	335.095238095	3.76582074662
4	9	354.174603175	1.99634334404
5	9	355.285714286	3.24369264113
6	9	354.793650794	3.1124875478
7	9	354.412698413	3.4069719397
8	9	335.523809524	1.8844151369
9	9	-1	0
10	9	335.285714286	1.82946406784
11	9	334.523809524	2.83883020206
12	9	359.841269841	2.4050631065
13	9	359.031746032	2.3968779559
14	9	359.873015873	2.28516307287
15	9	359.634920635	2.37915275904
16	9	354.555555556	2.93732292423
17	9	354.476190476	2.80508123334
18	9	355.079365079	2.84689520272
19	9	354.841269841	2.92881876187
20	9	396.777777778	2.2778745624
21	9	396.793650794	2.78977003182
22	9	396.904761905	2.3211538299
23	9	397.142857143	2.67176383602
24	9	367.619047619	2.79698574392
25	9	364.793650794	4.87024894302
26	9	369.238095238	2.92072118575
27	9	368.873015873	3.20956934011
28	9	370.666666667	2.46241589978
29	9	370.793650794	2.99289492048
30	9	367.444444444	3.26004079134
31	9	370.698412698	2.20846079154
0	10	340.698412698	4.211228078
1	10	337.888888889	5.36334150495
2	10	338.222222222	3.58765274303
3	10	336.920634921	3.2528453347
4	10	353.158730159	3.38627645486
5	10	354.158730159	2.94503267132
6	10	354.873015873	2.85352504636
7	10	354.158730159	3.13812374035
8	10	333.015873016	3.46635558811
9	10	334.555555556	2.40223294126
10	10	-1	0
11	10	334.142857143	3.1363569143
12	10	360.46031746	2.8218276011
13	10	360.73015873	2.50843876827
14	10	360.873015873	2.6276434218
15	10	361.26984127	2.63195472778
16	10	354.285714286	2.56613211149
17	10	355.031746032	3.16211830732
18	10	354.46031746	2.38929754454
19	10	354.857142857	3.00188905
20	10	396.317460317	2.46773076678
21	10	396.904761905	2.67685129953
22	10	396.301587302	2.25821196746
23	10	396.587301587	2.70587204284
24	10	368.349206349	3.08688331112
25	10	365.26984127	3.79308623016
26	10	366.365079365	3.52902516915
27	10	365.984126984	3.18972588508
28	10	371.746031746	2.75432274376
29	10	372.126984127	2.71089549717
30	10	369.952380952	3.99375930405
31	10	372.206349206	2.76691754547
0	11	338.984126984	5.35558472344
1	11	335.746031746	4.41486757237
2	11	336.888888889	5.14892841714
3	11	334.571428571	3.63717265789
4	11	354.253968254	3.16713407061
5	11	354.761904762	3.08973870429
6	11	355.174603175	4.09622235004
7	11	354.238095238	2.99053685107
8	11	335.476190476	2.342547405
9	11	334.19047619	2.21005740683
10	11	334.73015873	2.80705657967
11	11	-1	0
12	11	359.142857143	1.6700645635
13	11	359.793650794	2.92856067448
14	11	359.936507937	2.45514048266
15	11	358.904761905	2.5492873932
16	11	355.126984127	2.93577854519
17	11	355.349206349	3.1124875478
18	11	355.047619048	3.1341871756
19	11	354.793650794	2.73808373589
20	11	396.73015873	2.27621482797
21	11	396.492063492	2.48725651036
22	11	396.841269841	2.23398248708
23	11	396.650793651	2.98758664699
24	11	367.047619048	2.88085399281
25	11	364.428571429	4.53457365985
26	11	368.46031746	3.77470863724
27	11	368.285714286	3.45689360245
28	11	370.698412698	3.12000671873
29	11	370.920634921	2.6625062027
30	11	367.571428571	3.02221555288
31	11	370.301587302	3.08418866198
0	12	356.507936508	3.47724127048
1	12	355.206349206	4.46203999953
2	12	352.53968254	3.55378357205
3	12	352.095238095	3.04315148737
4	12	335.238095238	3.27430732146
5	12	336.412698413	2.92028983469
6	12	336.619047619	3.80237424337
7	12	335.412698413	3.51701045774
8	12	280.666666667	2.41029537807
9	12	282.285714286	3.98181808769
10	12	280.523809524	2.76518688399
11	12	282.73015873	3.9689523195
12	12	-1	0
13	12	260.476190476	2.82762530272
14	12	259.031746032	2.94374911569
15	12	260.015873016	3.27322986691
16	12	320.73015873	3.23770617021
17	12	320.793650794	3.0558750606
18	12	320.53968254	2.99642854515
19	12	321.047619048	2.88635856394
20	12	294.507936508	2.82209544951
21	12	294.650793651	3.15302188213
22	12	293.920634921	2.63252903511
23	12	294.555555556	3.11054416603
24	12	354.650793651	4.40114967
25	12	356.031746032	4.25373133669
26	12	354.412698413	2.89298506042
27	12	353.936507937	1.81591741537
28	12	327.53968254	3.44491987063
29	12	328.126984127	3.4755018525
30	12	327.952380952	3.73923246274
31	12	327.968253968	3.57223976678
0	13	356.444444444	3.59354702862
1	13	355.698412698	4.01835044983
2	13	352.888888889	4.04385134322
3	13	351.253968254	4.59802667808
4	13	334.396825397	3.5924951869
5	13	335.079365079	2.94554593696
6	13	335.19047619	2.62380520266
7	13	335.523809524	3.12113706822
8	13	280.920634921	1.83702301704
9	13	280.904761905	3.07944689795
10	13	281.111111111	2.10148179853
11	13	281.571428571	3.95897327444
12	13	260.0	3.16729317111
13	13	-1	0
14	13	258.666666667	3.2021817959
15	13	260.301587302	3.39764120155
16	13	322.333333333	2.63070996513
17	13	321.682539683	2.8775286841
18	13	321.952380952	2.40652928924
19	13	321.46031746	2.92132497024
20	13	294.428571429	3.10511245465
21	13	295.444444444	3.62433476229
22	13	294.857142857	3.08018316739
23	13	294.428571429	2.90437155847
24	13	354.904761905	4.95604260238
25	13	354.968253968	2.7078267158
26	13	354.365079365	2.31147302242
27	13	353.873015873	1.9147884254
28	13	327.523809524	3.93945102475
29	13	327.73015873	4.16411864646
30	13	329.46031746	4.18927351669
31	13	328.174603175	3.54355969594
0	14	357.253968254	3.49588535448
1	14	356.317460317	4.30144086906
2	14	353.476190476	4.21959579369
3	14	351.682539683	3.37979710495
4	14	335.428571429	3.81190401832
5	14	335.587301587	3.56631026539
6	14	335.53968254	3.57604639731
7	14	335.238095238	3.82437581053
8	14	280.619047619	1.44121390004
9	14	281.53968254	3.6723998331
10	14	281.047619048	2.45226536944
11	14	281.825396825	3.46199173126
12	14	258.920634921	3.22835447446
13	14	259.158730159	3.40497464833
14	14	-1	0
15	14	259.793650794	3.31977590637
16	14	320.746031746	3.26096808086
17	14	321.793650794	2.58910249914
18	14	321.047619048	2.55993905823
19	14	321.444444444	3.11564295781
20	14	293.936507937	3.37532134095
21	14	295.888888889	3.04522061708
22	14	293.587301587	2.67044328188
23	14	294.26984127	2.77863932218
24	14	354.253968254	4.39324248034
25	14	354.952380952	2.51616091688
26	14	355.222222222	3.08835212877
27	14	353.904761905	2.07566616359
28	14	327.333333333	3.90766442646
29	14	327.650793651	3.84277813757
30	14	328.206349206	3.84690652945
31	14	328.063492063	3.65527675053
0	15	356.222222222	3.59649054887
1	15	356.0	4.27989022259
2	15	353.492063492	3.11612812191
3	15	352.222222222	4.80226284111
4	15	335.73015873	3.61744603938
5	15	335.428571429	3.74892274776
6	15	335.19047619	3.745291829
7	15	335.317460317	3.62016134353
8	15	280.380952381	2.72803534998
9	15	281.285714286	3.0779738307
10	15	280.619047619	3.25834007515
11	15	281.666666667	3.45032779671
12	15	259.174603175	3.47114949416
13	15	258.888888889	3.5550594892
14	15	259.873015873	3.63620272669
15	15	-1	0
16	15	322.53968254	2.24545676638
17	15	321.492063492	2.90523892345
18	15	321.825396825	2.69355304702
19	15	321.650793651	2.80678729612
20	15	294.380952381	2.88635856394
21	15	295.793650794	2.8405159947
22	15	294.142857143	2.894204076
23	15	293.571428571	2.70633756922
24	15	353.746031746	4.26491129802
25	15	354.984126984	3.22437179063
26	15	354.555555556	3.06944893342
27	15	353.857142857	2.00679119102
28	15	328.984126984	4.62049287377
29	15	327.650793651	3.227652005
30	15	328.444444444	3.68082883083
31	15	327.380952381	3.47064136348
0	16	336.412698413	2.97947966393
1	16	335.126984127	3.78171063792
2	16	335.634920635	3.46548325635
3	16	335.095238095	3.77424137532
4	16	365.888888889	2.41102698997
5	16	365.761904762	3.35570722428
6	16	366.206349206	2.60133500622
7	16	365.888888889	2.85696648486
8	16	264.873015873	3.13450871314
9	16	265.238095238	3.65458740083
10	16	264.619047619	3.95782757242
11	16	264.698412698	3.94258363696
12	16	288.380952381	2.64532274521
13	16	288.365079365	3.30128203717
14	16	288.349206349	2.57681192321
15	16	289.349206349	3.17809331957
16	16	-1	0
17	16	293.587301587	3.86943628491
18	16	293.746031746	4.23503248228
19	16	294.317460317	3.84553089127
20	16	334.253968254	2.6305184109
21	16	333.174603175	3.15493909855
22	16	333.873015873	2.7688291233
23	16	333.746031746	2.8672660169
24	16	325.857142857	3.1363569143
25	16	325.80952381	3.35165035329
26	16	325.46031746	3.52237923211
27	16	325.19047619	3.56729920006
28	16	359.19047619	4.17040648492
29	16	358.412698413	4.18096563858
30	16	359.46031746	4.2681001938
31	16	358.650793651	3.81791404095
0	17	336.80952381	3.37994619501
1	17	333.968253968	3.77951140694
2	17	335.365079365	4.28471475705
3	17	334.238095238	3.70634070901
4	17	366.095238095	3.2303829726
5	17	366.761904762	3.19083153671
6	17	365.476190476	3.16156050909
7	17	366.428571429	2.79860671522
8	17	263.428571429	3.4166459266
9	17	265.650793651	3.81375426481
10	17	263.698412698	4.78633942586
11	17	263.714285714	4.53707328722
12	17	288.253968254	2.67835684032
13	17	289.126984127	3.21944520258
14	17	288.476190476	3.02821201821
15	17	289.333333333	3.37591845234
16	17	294.19047619	4.16278730972
17	17	-1	0
18	17	294.666666667	3.47325381501
19	17	295.063492063	4.05076130753
20	17	333.936507937	2.8942911289
21	17	332.634920635	3.02529855434
22	17	334.349206349	2.64970037335
23	17	334.142857143	2.88321438157
24	17	325.936507937	3.00725585967
25	17	325.777777778	3.47528436404
26	17	325.476190476	3.27499978363
27	17	325.873015873	3.12436438484
28	17	358.063492063	3.65961666773
29	17	359.031746032	4.23128279535
30	17	359.952380952	3.55201070457
31	17	359.777777778	3.03128892091
0	18	336.841269841	4.48350185276
1	18	334.095238095	3.50380421698
2	18	335.317460317	3.22601231473
3	18	334.444444444	3.20108006464
4	18	366.206349206	2.7264648322
5	18	366.174603175	3.326372172
6	18	365.888888889	3.08149165647
7	18	366.476190476	3.39867921525
8	18	264.333333333	4.12118029018
9	18	265.19047619	4.0152769493
10	18	264.587301587	3.99855100991
11	18	264.26984127	4.29176527564
12	18	288.253968254	2.51325536047
13	18	288.238095238	2.71804251292
14	18	288.19047619	2.87770379614
15	18	288.746031746	2.84503607793
16	18	295.142857143	3.79580864445
17	18	294.793650794	3.73383810431
18	18	-1	0
19	18	294.80952381	3.68548048969
20	18	333.714285714	2.74543529627
21	18	332.888888889	2.78949907952
22	18	333.73015873	3.01428529635
23	18	333.698412698	3.02179868981
24	18	326.507936508	3.78330927567
25	18	326.047619048	3.86448448862
26	18	325.698412698	4.04590688967
27	18	325.380952381	3.39667704764
28	18	359.333333333	3.29983164554
29	18	358.349206349	4.18674677721
30	18	359.111111111	3.41384255461
31	18	359.984126984	4.16520760546
0	19	336.507936508	3.43591218855
1	19	335.015873016	3.20956934011
2	19	335.920634921	3.81018512778
3	19	334.555555556	3.48592534128
4	19	366.174603175	2.29934209044
5	19	366.698412698	2.81512310839
6	19	365.587301587	3.25934515107
7	19	366.698412698	3.36949395963
8	19	264.634920635	3.90888928852
9	19	265.507936508	4.02323811728
10	19	264.904761905	3.77003341198
11	19	264.063492063	3.3659028642
12	19	288.73015873	2.82396967702
13	19	289.746031746	3.39452525595
14	19	289.111111111	3.2762304661
15	19	289.698412698	3.00599887334
16	19	293.587301587	4.19612413996
17	19	295.444444444	3.77871136924
18	19	295.126984127	4.103780926
19	19	-1	0
20	19	333.507936508	2.9913792321
21	19	333.238095238	2.94776905534
22	19	334.841269841	2.17639828584
23	19	334.079365079	3.23326748731
24	19	325.26984127	3.03004190451
25	19	325.80952381	3.75375850953
26	19	325.793650794	3.60845009229
27	19	325.047619048	3.48888744457
28	19	358.603174603	3.43899063514
29	19	359.349206349	3.48310539313
30	19	360.571428571	3.81606581136
31	19	359.492063492	4.48232159189
0	20	365.80952381	2.50622806989
1	20	363.238095238	4.10850564002
2	20	362.444444444	4.13570507137
3	20	362.079365079	3.61786391112
4	20	336.206349206	4.02436519754
5	20	337.492063492	3.53608615079
6	20	337.793650794	3.81791404095
7	20	337.555555556	3.06427327814
8	20	292.968253968	2.99188454688
9	20	293.19047619	3.89895037913
10	20	293.920634921	2.65653783103
11	20	292.380952381	3.34962007525
12	20	293.238095238	2.40841306979
13	20	292.984126984	3.2877457105
14	20	292.301587302	2.90939867586
15	20	292.698412698	3.14029075913
16	20	280.714285714	3.41531830039
17	20	281.079365079	3.23817304606
18	20	281.222222222	4.08421057416
19	20	280.666666667	3.56793479903
20	20	-1	0
21	20	362.158730159	3.10251484888
22	20	361.952380952	3.05208006837
23	20	362.714285714	3.44769797331
24	20	355.142857143	3.01771038433
25	20	357.158730159	3.22788617847
26	20	355.238095238	3.57555317383
27	20	355.555555556	3.71516744384
28	20	326.587301587	3.57963783144
29	20	327.428571429	3.98694013123
30	20	327.301587302	4.46017623908
31	20	328.603174603	5.54216072281
0	21	363.587301587	2.15756270953
1	21	360.952380952	3.57872271011
2	21	360.507936508	4.02323811728
3	21	359.936507937	4.15521479923
4	21	337.126984127	4.19558370797
5	21	336.428571429	3.53986048382
6	21	337.634920635	3.25772141277
7	21	337.26984127	3.18332136226
8	21	292.873015873	3.57012321824
9	21	293.111111111	3.37644083817
10	21	292.650793651	3.79706958922
11	21	294.253968254	3.61640114877
12	21	291.571428571	3.70205556678
13	21	291.825396825	3.55250719664
14	21	291.698412698	4.10433344601
15	21	291.333333333	3.24159474764
16	21	278.174603175	3.3643305546
17	21	278.873015873	3.51184871267
18	21	279.492063492	3.93548373773
19	21	278.793650794	3.54185284736
20	21	361.285714286	2.68699732946
21	21	-1	0
22	21	361.555555556	3.46766367429
23	21	361.746031746	3.47310873037
24	21	356.904761905	4.20775657798
25	21	356.079365079	3.06698542495
26	21	357.396825397	3.95827316261
27	21	356.253968254	3.34269283125
28	21	327.825396825	5.2418937646
29	21	327.571428571	5.29064549041
30	21	327.380952381	5.13756341305
31	21	327.111111111	4.24305636739
0	22	364.984126984	3.17975772009
1	22	361.222222222	3.16450775753
2	22	362.920634921	3.93721191862
3	22	362.492063492	3.7368733891
4	22	335.777777778	3.67507453523
5	22	337.571428571	3.28881840949
6	22	337.428571429	3.73619909446
7	22	338.206349206	4.01646899398
8	22	293.174603175	3.13980932865
9	22	292.26984127	3.52409551249
10	22	293.984126984	4.68530991502
11	22	292.492063492	3.05439062518
12	22	291.714285714	3.35908420734
13	22	292.158730159	3.36747443966
14	22	291.349206349	2.71479620188
15	22	292.73015873	2.96115780234
16	22	280.158730159	3.64367836647
17	22	279.698412698	3.62370905589
18	22	279.873015873	3.80263928183
19	22	280.206349206	2.99819379574
20	22	362.634920635	3.92509867352
21	22	362.666666667	3.69469804596
22	22	-1	0
23	22	363.285714286	3.79819744812
24	22	356.650793651	3.67815831313
25	22	357.634920635	4.05244032809
26	22	356.873015873	4.5790830977
27	22	356.761904762	4.57638620066
28	22	327.777777778	5.13761245409
29	22	328.142857143	4.08581418459
30	22	327.476190476	4.07024488502
31	22	328.015873016	5.69737356224
0	23	365.619047619	3.40601042709
1	23	361.571428571	3.7952112086
2	23	362.634920635	4.49797692549
3	23	361.380952381	4.50547663715
4	23	336.46031746	3.61138146555
5	23	337.952380952	4.75904676139
6	23	338.031746032	3.55442158788
7	23	336.428571429	3.77844465236
8	23	293.158730159	3.38158575184
9	23	292.412698413	4.02229864249
10	23	293.603174603	2.66392527268
11	23	293.063492063	3.82918208297
12	23	291.73015873	3.6042582805
13	23	291.698412698	2.97414744692
14	23	293.015873016	2.92494505981
15	23	292.396825397	3.79866176327
16	23	280.841269841	3.75523486132
17	23	280.825396825	3.64513018271
18	23	280.158730159	4.32492352151
19	23	280.825396825	3.71415004501
20	23	362.158730159	3.38627645486
21	23	363.222222222	4.45949831488
22	23	362.063492063	4.80367919799
23	23	-1	0
24	23	355.333333333	3.29983164554
25	23	357.015873016	3.54782322483
26	23	356.126984127	4.11150944935
27	23	356.53968254	5.06411400868
28	23	326.666666667	4.11732691833
29	23	327.333333333	5.08343091241
30	23	327.793650794	3.31977590637
31	23	326.984126984	3.8770470824
0	24	341.619047619	5.66086137208
1	24	338.650793651	3.98472771036
2	24	338.968253968	4.51441519695
3	24	337.031746032	3.74999790039
4	24	358.46031746	4.68305081956
5	24	360.158730159	4.31021801535
6	24	359.206349206	4.31372387339
7	24	358.492063492	4.38566574148
8	24	290.333333333	3.98409536445
9	24	292.492063492	4.57693671687
10	24	291.365079365	4.06417404991
11	24	291.285714286	3.80654645556
12	24	292.0	4.49691252108
13	24	291.174603175	4.39891647027
14	24	290.968253968	4.68353500318
15	24	291.587301587	5.17513873945
16	24	364.476190476	4.08581418459
17	24	363.444444444	4.7868131619
18	24	365.079365079	3.79348475429
19	24	363.238095238	4.74664220738
20	24	279.285714286	3.64028854355
21	24	280.349206349	3.80958994652
22	24	279.952380952	3.87269059264
23	24	280.412698413	4.42803091655
24	24	-1	0
25	24	324.253968254	3.03403055288
26	24	325.793650794	5.01160155676
27	24	326.095238095	4.86553896169
28	24	358.349206349	4.30267074741
29	24	357.841269841	3.73404053339
30	24	360.0	4.59122696884
31	24	357.571428571	3.69347036756
0	25	338.761904762	4.31208816102
1	25	336.507936508	5.19423678147
2	25	337.317460317	4.04272969555
3	25	335.507936508	3.62037012873
4	25	358.349206349	3.45565435036
5	25	359.349206349	3.73808681292
6	25	359.253968254	3.83785759502
7	25	360.619047619	4.13436458498
8	25	292.761904762	2.54305331863
9	25	292.222222222	4.80556702448
10	25	291.698412698	4.29704557284
11	25	291.952380952	4.1305235128
12	25	292.206349206	4.46914902648
13	25	290.952380952	5.26874151845
14	25	291.412698413	5.47616747177
15	25	291.968253968	4.19738487734
16	25	362.698412698	4.97815839167
17	25	362.317460317	4.66947329488
18	25	361.666666667	3.82970843103
19	25	363.047619048	3.96584053593
20	25	280.46031746	3.51787001224
21	25	279.984126984	4.43826100469
22	25	280.555555556	4.06212774716
23	25	280.111111111	4.71778503016
24	25	325.412698413	3.33159440659
25	25	-1	0
26	25	324.904761905	3.97497842947
27	25	325.507936508	5.0170281973
28	25	359.984126984	4.39152164211
29	25	358.476190476	4.10905752472
30	25	358.095238095	3.43979643969
31	25	358.476190476	3.8826318306
0	26	339.555555556	4.10875093126
1	26	336.761904762	4.35967919933
2	26	337.206349206	4.05970805956
3	26	336.206349206	4.7112116534
4	26	359.126984127	3.90153434812
5	26	359.793650794	3.99268668808
6	26	358.920634921	4.6574793486
7	26	359.063492063	4.22341551344
8	26	292.873015873	4.09603782028
9	26	292.095238095	3.90650367657
10	26	292.015873016	3.63183483075
11	26	291.428571429	4.42472951631
12	26	292.793650794	4.51508487557
13	26	292.507936508	4.70012838688
14	26	291.777777778	4.75576323534
15	26	292.761904762	4.91745929273
16	26	365.619047619	5.05031374612
17	26	364.492063492	4.22341551344
18	26	364.015873016	3.55229442282
19	26	365.428571429	4.42831540479
20	26	279.492063492	4.25710616321
21	26	280.841269841	3.21309991845
22	26	280.380952381	3.73923246274
23	26	279.317460317	3.52688268681
24	26	324.952380952	2.8753388837
25	26	326.142857143	4.97567780453
26	26	-1	0
27	26	326.492063492	4.30161658749
28	26	359.571428571	4.6724939322
29	26	359.873015873	5.28697730275
30	26	358.26984127	4.97679169047
31	26	359.19047619	4.79370335302
0	27	339.777777778	4.6271951271
1	27	337.26984127	4.35782947723
2	27	336.920634921	3.96533225775
3	27	337.396825397	4.142461819
4	27	359.428571429	3.8409418724
5	27	359.857142857	3.68978488149
6	27	358.793650794	4.00459549573
7	27	359.047619048	4.73564186303
8	27	292.031746032	4.28718375748
9	27	291.634920635	3.68308698724
10	27	292.111111111	4.01628079992
11	27	292.73015873	3.71699805999
12	27	292.619047619	3.88087934492
13	27	292.46031746	4.22699336587
14	27	292.380952381	3.34962007525
15	27	291.53968254	4.34914841811
16	27	364.380952381	4.1801821614
17	27	363.841269841	4.83770360453
18	27	364.015873016	4.48097234166
19	27	366.412698413	4.548276913
20	27	281.142857143	4.99160292624
21	27	279.793650794	3.80542107116
22	27	280.952380952	4.34039194861
23	27	281.19047619	4.72029439107
24	27	324.476190476	3.27984292528
25	27	325.777777778	4.14592722103
26	27	326.857142857	4.20829544672
27	27	-1	0
28	27	358.301587302	3.84474459133
29	27	359.571428571	4.38146994872
30	27	357.444444444	4.12802184756
31	27	358.365079365	4.07197774693
0	28	357.301587302	2.93655083624
1	28	356.158730159	4.73154342149
2	28	357.349206349	3.67384029929
3	28	356.142857143	4.30155801548
4	28	358.047619048	4.68848156768
5	28	358.0	3.71184290855
6	28	358.682539683	4.68305081956
7	28	358.412698413	4.46728823193
8	28	324.444444444	4.00308522992
9	28	325.19047619	2.98066330562
10	28	323.761904762	3.95094638337
11	28	324.26984127	4.17553855174
12	28	323.317460317	4.04272969555
13	28	323.873015873	4.3951346242
14	28	323.238095238	4.48529974831
15	28	323.507936508	4.69675002756
16	28	323.714285714	3.44769797331
17	28	323.936507937	3.91120902784
18	28	323.555555556	3.94718214852
19	28	323.253968254	4.76084644324
20	28	321.984126984	4.34427944778
21	28	321.031746032	4.70045000874
22	28	321.301587302	4.60377664372
23	28	321.206349206	4.57792747922
24	28	314.698412698	4.12362500656
25	28	313.650793651	3.51937372747
26	28	314.26984127	3.39096066927
27	28	314.825396825	3.13980932865
28	28	-1	0
29	28	356.253968254	3.80462648175
30	28	356.714285714	4.35863882724
31	28	357.253968254	4.12490790265
0	29	357.920634921	3.483756353
1	29	355.253968254	4.51441519695
2	29	357.444444444	3.64616684038
3	29	356.142857143	4.15133232718
4	29	358.984126984	4.73250181661
5	29	358.380952381	3.98978286965
6	29	357.587301587	4.58996462495
7	29	357.698412698	4.82597114377
8	29	325.238095238	4.25278353557
9	29	324.666666667	3.66450152525
10	29	324.0	4.10960933531
11	29	325.19047619	3.52702555946
12	29	322.603174603	3.93817169142
13	29	322.19047619	3.54945621973
14	29	322.380952381	4.2217448113
15	29	323.285714286	3.8397609525
16	29	324.333333333	3.98807746975
17	29	323.793650794	4.09086760759
18	29	323.714285714	3.42923274046
19	29	324.142857143	3.39867921525
20	29	323.19047619	4.13600966678
21	29	320.396825397	4.47405104788
22	29	322.333333333	4.136557882
23	29	321.428571429	4.87531614185
24	29	314.26984127	3.98093212825
25	29	314.111111111	4.4297375719
26	29	313.952380952	4.0724727149
27	29	313.968253968	3.94794804636
28	29	356.206349206	3.2325660855
29	29	-1	0
30	29	355.873015873	4.22198352351
31	29	354.920634921	3.38672284965
0	30	358.333333333	4.11732691833
1	30	355.634920635	4.64040771095
2	30	356.555555556	4.64887007189
3	30	356.26984127	4.64008192732
4	30	356.492063492	4.84971940237
5	30	358.476190476	4.10519277376
6	30	356.80952381	4.32364170012
7	30	356.285714286	4.50899831001
8	30	324.80952381	3.23108484832
9	30	325.571428571	3.89429491434
10	30	325.079365079	3.53800942735
11	30	325.0	3.38999461534
12	30	322.380952381	4.04509725364
13	30	322.634920635	4.16829144436
14	30	323.476190476	4.90822808637
15	30	322.761904762	3.54434172684
16	30	321.46031746	4.14738547141
17	30	322.492063492	5.31207972268
18	30	322.158730159	4.81138315989
19	30	321.698412698	4.44948693541
20	30	320.19047619	3.64651232744
21	30	320.349206349	3.98074225414
22	30	318.952380952	3.54753914899
23	30	321.904761905	4.55204222689
24	30	314.492063492	4.96614895312
25	30	313.73015873	4.30284641562
26	30	313.142857143	4.71693047506
27	30	314.365079365	5.05305686925
28	30	355.888888889	3.05042859914
29	30	355.523809524	3.84566192563
30	30	-1	0
31	30	356.349206349	3.48310539313
0	31	359.031746032	4.17082936432
1	31	355.984126984	5.31989993787
2	31	357.26984127	3.21803622069
3	31	356.206349206	3.93260174859
4	31	358.253968254	5.15157012271
5	31	357.920634921	3.94124139376
6	31	358.412698413	4.54129175608
7	31	358.047619048	4.49489506359
8	31	324.984126984	3.052410255
9	31	325.015873016	3.79428167697
10	31	325.222222222	3.19942675642
11	31	324.80952381	3.745291829
12	31	323.047619048	3.79819744812
13	31	324.126984127	4.07272017633
14	31	323.650793651	3.48765956071
15	31	323.53968254	4.03093355143
16	31	324.142857143	3.17658668193
17	31	324.349206349	4.46203999953
18	31	324.238095238	3.24509048331
19	31	325.301587302	4.24127459367
20	31	322.253968254	4.31670161401
21	31	322.079365079	4.10691088985
22	31	321.015873016	4.05710062824
23	31	322.333333333	4.93449149854
24	31	313.603174603	3.54355969594
25	31	313.031746032	3.62078766301
26	31	315.015873016	4.48097234166
27	31	314.238095238	3.68917027586
28	31	355.396825397	3.48484101589
29	31	355.904761905	4.19642434988
30	31	355.793650794	4.7581466652
31	31	-1	0
