# src_core	dest_core	cost	stderr
0	0	-1	0
1	0	288.873015873	23.603532197
2	0	303.19047619	10.0235550245
3	0	273.26984127	23.6214903157
4	0	292.063492063	10.5557823105
5	0	304.888888889	11.9205186729
6	0	301.428571429	20.858338735
7	0	314.349206349	23.0114938363
8	0	308.444444444	20.8629524899
9	0	295.174603175	8.65666030867
10	0	304.666666667	23.2870288849
11	0	291.857142857	11.3680939515
12	0	312.507936508	23.1461011945
13	0	310.238095238	23.5680132206
14	0	312.031746032	23.4824948338
15	0	309.063492063	27.8584135739
16	0	304.333333333	25.2888079894
17	0	316.714285714	21.1970562283
18	0	312.841269841	21.4425821334
19	0	314.111111111	19.2123564002
20	0	311.285714286	18.5099103198
21	0	312.968253968	20.1305014202
22	0	309.777777778	19.2695536183
23	0	313.857142857	20.5324807668
24	0	299.079365079	11.8820948227
25	0	298.857142857	15.0046100248
26	0	293.301587302	9.46779825671
27	0	301.873015873	11.0589934148
28	0	300.142857143	23.7425725347
29	0	298.238095238	24.9238295395
30	0	304.73015873	16.3048404043
31	0	298.825396825	17.5712063191
32	0	299.396825397	8.06627248651
33	0	308.380952381	19.435222951
34	0	304.746031746	11.5180579464
35	0	306.587301587	18.462002953
36	0	306.523809524	26.4334186889
37	0	307.079365079	23.6302883305
38	0	309.841269841	21.9835482131
39	0	304.396825397	27.0387961614
40	0	306.984126984	25.4711115938
41	0	309.111111111	26.0018992659
42	0	313.333333333	18.5172592164
43	0	319.26984127	22.5206828037
44	0	314.888888889	21.1067664702
45	0	314.587301587	19.6821044499
46	0	312.952380952	21.3997690029
47	0	317.095238095	24.2982227358
0	1	282.333333333	21.3422600371
1	1	-1	0
2	1	303.968253968	10.5544217078
3	1	273.523809524	13.9282254739
4	1	300.238095238	23.0614873663
5	1	299.873015873	13.2957709752
6	1	311.682539683	20.8172893626
7	1	310.301587302	25.5396578768
8	1	308.412698413	24.6709358729
9	1	294.174603175	14.3996689584
10	1	306.825396825	21.9483807716
11	1	296.571428571	14.07318094
12	1	309.047619048	28.3467355257
13	1	312.857142857	24.6826570711
14	1	310.80952381	26.3269173274
15	1	309.158730159	28.2950477181
16	1	300.650793651	27.0086163384
17	1	306.174603175	24.701738055
18	1	320.428571429	19.5242740944
19	1	311.206349206	20.2971252403
20	1	313.73015873	20.9589215381
21	1	315.746031746	19.6589720653
22	1	316.523809524	17.2192741241
23	1	315.174603175	22.138481675
24	1	299.873015873	9.34606625252
25	1	297.015873016	11.1319532414
26	1	303.476190476	6.67346592052
27	1	297.126984127	12.3628887356
28	1	306.587301587	22.9945714233
29	1	310.444444444	26.2090362327
30	1	305.333333333	12.5660161509
31	1	308.238095238	22.086923723
32	1	303.253968254	10.1574403943
33	1	302.666666667	9.50187951332
34	1	303.063492063	14.327100545
35	1	302.634920635	13.660627687
36	1	303.507936508	24.6878114107
37	1	311.412698413	27.8463100178
38	1	307.333333333	27.2122754746
39	1	305.650793651	25.8543900237
40	1	311.031746032	23.7346229278
41	1	304.19047619	25.8762973866
42	1	311.222222222	18.3601055124
43	1	307.206349206	21.9046698871
44	1	311.666666667	24.1457216296
45	1	314.746031746	18.7827751672
46	1	308.682539683	21.4400792145
47	1	311.507936508	19.2154641889
0	2	285.777777778	23.070247757
1	2	300.841269841	14.8229833867
2	2	-1	0
3	2	287.46031746	4.82330781849
4	2	295.222222222	12.1269010219
5	2	305.26984127	14.8315476177
6	2	309.238095238	20.6387786381
7	2	313.492063492	25.8038221704
8	2	307.238095238	18.0473049351
9	2	301.476190476	11.4737203427
10	2	308.936507937	23.3679152006
11	2	299.26984127	8.99065890766
12	2	300.428571429	28.6958402415
13	2	305.777777778	25.8115542262
14	2	314.984126984	22.8462716652
15	2	308.095238095	24.7378087888
16	2	307.0	23.8733430406
17	2	309.444444444	24.2714658898
18	2	319.317460317	18.0245206852
19	2	311.920634921	16.3651794371
20	2	320.412698413	17.877568565
21	2	313.253968254	18.3068798361
22	2	311.793650794	19.1627604551
23	2	320.333333333	19.2601241157
24	2	304.301587302	11.314599251
25	2	301.301587302	14.1439705261
26	2	303.793650794	7.15621326254
27	2	305.301587302	12.6373531997
28	2	305.936507937	20.4379611134
29	2	302.222222222	18.2977528714
30	2	307.412698413	11.1335827184
31	2	311.174603175	16.2661784495
32	2	315.380952381	15.1588714362
33	2	306.793650794	11.0067205014
34	2	310.714285714	13.4888885153
35	2	310.952380952	17.256633021
36	2	308.53968254	21.6162970537
37	2	313.253968254	20.4768303087
38	2	314.158730159	23.2250592285
39	2	307.555555556	25.3269276223
40	2	310.126984127	25.9948053806
41	2	319.079365079	18.8850336202
42	2	309.682539683	16.0345117841
43	2	316.555555556	18.5932038939
44	2	311.777777778	18.4368888713
45	2	315.412698413	19.1175436098
46	2	311.80952381	19.3963317943
47	2	319.079365079	19.8248694123
0	3	279.46031746	21.0696693135
1	3	289.841269841	15.8557048461
2	3	288.698412698	14.6229162625
3	3	-1	0
4	3	294.825396825	22.5420521893
5	3	301.380952381	13.8557518529
6	3	309.19047619	20.655801401
7	3	311.984126984	18.2604543342
8	3	302.253968254	20.1950553857
9	3	301.079365079	20.535143386
10	3	311.238095238	20.8895160807
11	3	304.714285714	4.66131860705
12	3	312.73015873	18.4375448123
13	3	311.444444444	22.7301476456
14	3	310.888888889	22.1997505428
15	3	307.571428571	24.2334638666
16	3	306.444444444	18.4896176596
17	3	309.936507937	24.0982598436
18	3	318.317460317	18.7496669996
19	3	315.492063492	18.7810044324
20	3	313.063492063	18.8619656064
21	3	319.492063492	17.3103079813
22	3	316.952380952	18.276039107
23	3	315.158730159	17.7497653454
24	3	309.349206349	10.9023934028
25	3	305.587301587	15.8340951402
26	3	304.936507937	14.3437094402
27	3	303.841269841	13.5684114348
28	3	302.984126984	25.8822069564
29	3	303.888888889	21.9581934024
30	3	314.80952381	13.9088382805
31	3	304.333333333	15.0005290912
32	3	324.761904762	16.5277201356
33	3	311.19047619	12.3607894427
34	3	313.079365079	13.7890013535
35	3	310.492063492	11.4944748851
36	3	308.587301587	18.316992649
37	3	309.825396825	18.8119682291
38	3	314.412698413	21.1867245951
39	3	309.555555556	20.4005740487
40	3	305.714285714	26.3904916568
41	3	310.603174603	22.8108437612
42	3	318.333333333	19.3874448
43	3	319.015873016	19.5037579313
44	3	312.174603175	18.3688311598
45	3	316.666666667	17.509181265
46	3	317.936507937	18.4768177497
47	3	309.936507937	14.895267189
0	4	286.777777778	24.5883211692
1	4	296.476190476	24.8588760571
2	4	294.126984127	13.4889632292
3	4	280.492063492	20.6834593956
4	4	-1	0
5	4	302.666666667	14.251705551
6	4	310.619047619	19.0449998199
7	4	322.952380952	23.5604110856
8	4	305.682539683	20.2647754419
9	4	304.53968254	21.7736008767
10	4	313.904761905	20.9176118441
11	4	303.984126984	5.0693353357
12	4	314.206349206	21.450688175
13	4	309.952380952	20.7658362376
14	4	315.349206349	22.0058857424
15	4	316.349206349	19.0222582491
16	4	306.317460317	21.26911868
17	4	312.349206349	19.8950889132
18	4	326.952380952	19.8001351378
19	4	324.317460317	16.257672569
20	4	324.555555556	17.0952307261
21	4	318.365079365	16.5417236653
22	4	323.142857143	19.4902149995
23	4	323.349206349	16.247254938
24	4	305.222222222	12.460024261
25	4	306.111111111	14.90723816
26	4	300.174603175	10.5281778862
27	4	302.26984127	14.6300477375
28	4	310.301587302	22.6580059929
29	4	309.142857143	22.4484291831
30	4	316.079365079	12.8709116946
31	4	307.238095238	16.6797227773
32	4	321.984126984	15.0959808206
33	4	318.698412698	13.0379603535
34	4	318.793650794	16.1679270301
35	4	316.079365079	13.6884861678
36	4	307.46031746	21.202594478
37	4	306.285714286	22.4813351658
38	4	314.841269841	19.1727372161
39	4	313.396825397	20.8307919841
40	4	307.920634921	22.072249033
41	4	318.984126984	21.2591657644
42	4	318.317460317	17.2496380425
43	4	314.587301587	14.7515239144
44	4	316.19047619	20.6265795107
45	4	321.349206349	20.2234805619
46	4	318.587301587	17.6407131201
47	4	320.412698413	16.6548862372
0	5	297.428571429	22.8422570575
1	5	285.952380952	13.8843620741
2	5	303.079365079	11.4881603474
3	5	280.777777778	20.5769515416
4	5	302.285714286	12.6847346969
5	5	-1	0
6	5	311.761904762	20.7308636454
7	5	310.714285714	24.5010065044
8	5	302.317460317	26.8297545066
9	5	297.111111111	16.7607924114
10	5	308.095238095	22.3817629033
11	5	300.126984127	5.04422367583
12	5	311.634920635	26.2638030753
13	5	310.19047619	27.7344878096
14	5	308.396825397	23.9049305418
15	5	306.746031746	23.2330964352
16	5	308.492063492	26.4628358844
17	5	309.476190476	28.5395059761
18	5	317.238095238	21.3234458379
19	5	314.920634921	19.7349915546
20	5	314.396825397	23.3608950705
21	5	314.428571429	21.5072629192
22	5	312.428571429	21.9463373563
23	5	311.079365079	20.2596648206
24	5	306.666666667	12.5799033484
25	5	307.380952381	17.5647812953
26	5	300.714285714	11.6896760467
27	5	304.968253968	11.9096709455
28	5	309.888888889	23.4169326276
29	5	310.682539683	24.6433772918
30	5	302.317460317	13.5632854062
31	5	296.571428571	8.46976749688
32	5	306.079365079	10.957785646
33	5	303.26984127	9.23280271676
34	5	301.984126984	11.0532507084
35	5	302.047619048	10.1846890555
36	5	303.920634921	20.4079828664
37	5	308.063492063	22.1788351963
38	5	304.571428571	25.3888578772
39	5	308.46031746	25.9246927684
40	5	301.793650794	29.2380262998
41	5	311.53968254	23.7418827544
42	5	317.793650794	22.1912028402
43	5	314.761904762	19.3314566295
44	5	313.063492063	22.3683967934
45	5	308.174603175	18.7629656188
46	5	311.317460317	18.7716650679
47	5	314.555555556	20.4728064141
0	6	427.761904762	20.4083038544
1	6	422.952380952	21.1152758751
2	6	427.444444444	20.0916770084
3	6	404.793650794	10.4883287064
4	6	421.650793651	20.9520682997
5	6	433.0	21.8820793533
6	6	-1	0
7	6	346.174603175	21.092042946
8	6	343.111111111	19.2486743399
9	6	342.746031746	14.037329206
10	6	344.428571429	20.6818026644
11	6	340.904761905	7.68158855453
12	6	381.047619048	19.0341619129
13	6	384.952380952	18.264744921
14	6	384.158730159	21.4825188062
15	6	378.777777778	19.4752137502
16	6	389.873015873	17.7034586016
17	6	378.587301587	18.5400766429
18	6	398.936507937	19.6597025732
19	6	399.317460317	17.6525778475
20	6	391.317460317	20.1925849952
21	6	401.158730159	17.9869497217
22	6	400.825396825	24.3776762845
23	6	404.444444444	17.3879887185
24	6	421.555555556	24.3967066329
25	6	418.984126984	26.7454147166
26	6	433.555555556	16.8209787551
27	6	430.825396825	21.5903709303
28	6	416.444444444	27.6312324882
29	6	428.349206349	21.3899239965
30	6	342.206349206	19.2841399841
31	6	336.26984127	23.1696341705
32	6	339.587301587	21.2764382094
33	6	331.936507937	20.7761103773
34	6	332.571428571	22.4072793485
35	6	338.19047619	19.0778331794
36	6	426.682539683	21.8848540775
37	6	419.285714286	21.2195092709
38	6	429.158730159	23.0025577247
39	6	428.238095238	21.011496691
40	6	428.412698413	23.8238475433
41	6	426.777777778	23.2470817042
42	6	334.285714286	23.0915559166
43	6	340.650793651	18.747409328
44	6	338.031746032	20.6358974128
45	6	338.825396825	21.2644271716
46	6	340.126984127	18.7992671788
47	6	338.333333333	28.3515347699
0	7	414.793650794	21.9553361415
1	7	424.507936508	24.3250951585
2	7	436.682539683	19.4657414953
3	7	410.603174603	10.5085599009
4	7	433.206349206	18.9294083207
5	7	434.523809524	17.0757947528
6	7	343.365079365	18.1932322907
7	7	-1	0
8	7	351.428571429	21.095936783
9	7	340.920634921	9.76599475553
10	7	334.952380952	19.2555319377
11	7	332.126984127	7.94723085144
12	7	381.031746032	23.380882337
13	7	393.428571429	17.1674426877
14	7	392.746031746	19.1692281965
15	7	390.349206349	22.3778225888
16	7	380.19047619	19.8932525395
17	7	371.603174603	17.8072035384
18	7	400.53968254	19.6645078693
19	7	400.587301587	21.1747340611
20	7	405.047619048	15.5792175073
21	7	390.714285714	16.7875885478
22	7	406.126984127	16.5744995026
23	7	402.507936508	16.7131475818
24	7	421.492063492	19.7924733296
25	7	417.968253968	29.0122952884
26	7	433.142857143	18.5394107395
27	7	422.666666667	24.0231369956
28	7	407.777777778	21.413869148
29	7	425.317460317	22.2816212947
30	7	337.507936508	17.9530896805
31	7	340.714285714	20.601609254
32	7	349.365079365	19.51011263
33	7	339.333333333	21.3719887882
34	7	339.380952381	16.9260094505
35	7	334.857142857	19.4470033949
36	7	428.587301587	22.9108935902
37	7	420.857142857	18.5855867887
38	7	430.603174603	22.0176982798
39	7	435.206349206	21.8611482077
40	7	435.238095238	17.8020101288
41	7	427.714285714	20.8421341955
42	7	341.015873016	20.670884411
43	7	345.063492063	24.2937532084
44	7	345.619047619	19.3541993896
45	7	349.873015873	23.4124455192
46	7	342.015873016	21.2882649419
47	7	335.206349206	20.8411670835
0	8	414.015873016	19.7230765361
1	8	430.285714286	20.6731392103
2	8	425.761904762	13.2493956564
3	8	424.952380952	11.1503841082
4	8	418.031746032	19.5942721254
5	8	431.349206349	25.1535971931
6	8	339.698412698	19.7103106695
7	8	344.206349206	18.8361007071
8	8	-1	0
9	8	336.492063492	12.9698955655
10	8	344.80952381	23.6635525402
11	8	338.761904762	8.35656625334
12	8	381.920634921	18.479762923
13	8	388.412698413	17.6649908645
14	8	385.80952381	24.7218540572
15	8	397.142857143	20.9685002929
16	8	390.317460317	20.3507539713
17	8	389.349206349	20.8457362929
18	8	413.333333333	16.6380707062
19	8	401.285714286	18.6150890933
20	8	404.19047619	19.1027772791
21	8	399.206349206	17.6959853129
22	8	408.603174603	18.6730768607
23	8	400.317460317	16.0503428207
24	8	424.063492063	16.8220122382
25	8	417.571428571	24.3647639709
26	8	428.047619048	21.3522450189
27	8	425.682539683	24.5627317368
28	8	405.714285714	22.9854533512
29	8	431.174603175	22.9087490617
30	8	349.857142857	18.518851093
31	8	334.682539683	20.8416748229
32	8	343.317460317	20.2929539706
33	8	343.746031746	20.0704855202
34	8	348.682539683	19.3643637651
35	8	346.904761905	21.8622776415
36	8	435.984126984	20.9288227348
37	8	434.095238095	18.0877177355
38	8	418.142857143	18.9609934966
39	8	422.428571429	20.0132609098
40	8	432.523809524	19.453532052
41	8	430.619047619	20.6846531342
42	8	347.53968254	18.7437400317
43	8	343.126984127	21.662997538
44	8	342.650793651	23.7514636008
45	8	342.761904762	20.9024296345
46	8	346.365079365	20.7427949528
47	8	347.428571429	16.0522107321
0	9	416.587301587	21.5049901338
1	9	429.285714286	24.4556148462
2	9	432.857142857	23.8466377403
3	9	415.428571429	11.2711378642
4	9	435.476190476	18.6962835988
5	9	428.857142857	18.6452744282
6	9	351.380952381	21.3269548288
7	9	350.317460317	19.930693723
8	9	341.46031746	19.2945632583
9	9	-1	0
10	9	347.888888889	29.0101849171
11	9	343.174603175	4.40252338371
12	9	387.079365079	19.2966002329
13	9	387.301587302	20.8011255195
14	9	388.253968254	17.0805451885
15	9	382.031746032	15.1887262431
16	9	385.777777778	22.0917598977
17	9	386.936507937	14.2169952129
18	9	405.555555556	16.1213432204
19	9	403.111111111	16.1992662102
20	9	405.031746032	16.9330786014
21	9	387.380952381	17.6908447055
22	9	398.873015873	21.5564906172
23	9	403.46031746	15.1393793218
24	9	425.26984127	29.4883384802
25	9	423.222222222	24.2411459499
26	9	428.587301587	22.3227657448
27	9	419.238095238	23.364410791
28	9	414.063492063	25.0756778483
29	9	430.253968254	22.5873740922
30	9	326.761904762	13.3294211948
31	9	316.904761905	10.6005604609
32	9	327.047619048	12.5463313697
33	9	322.873015873	12.2817351335
34	9	326.333333333	15.3715878908
35	9	326.301587302	15.6991910828
36	9	409.80952381	19.4429218711
37	9	413.158730159	21.107590111
38	9	429.777777778	20.8741082459
39	9	427.968253968	26.334218342
40	9	424.111111111	20.3306876586
41	9	420.285714286	21.8431846706
42	9	340.507936508	26.5861122691
43	9	336.857142857	26.6612239344
44	9	342.714285714	28.274408515
45	9	337.857142857	28.2718420368
46	9	342.126984127	26.7175063371
47	9	330.555555556	22.3612318837
0	10	431.888888889	19.0871943369
1	10	417.888888889	15.3479341572
2	10	431.555555556	18.6817777083
3	10	426.968253968	13.368962223
4	10	437.349206349	13.9399605225
5	10	430.079365079	20.9756484564
6	10	333.682539683	24.7462201037
7	10	349.047619048	20.1867696508
8	10	343.746031746	25.1755539363
9	10	328.666666667	10.3341013539
10	10	-1	0
11	10	325.317460317	6.79594976678
12	10	381.285714286	16.0845272899
13	10	383.682539683	18.5333893429
14	10	385.0	17.7057070882
15	10	383.428571429	20.3818424372
16	10	373.507936508	18.9911199097
17	10	387.111111111	20.0183337485
18	10	402.968253968	20.3999441751
19	10	399.396825397	21.4598478393
20	10	403.26984127	18.0477377109
21	10	394.047619048	19.8945063578
22	10	408.301587302	19.233432302
23	10	391.968253968	21.9226405069
24	10	410.095238095	24.2733862267
25	10	424.46031746	23.232315614
26	10	428.904761905	21.0786240069
27	10	420.396825397	27.5591944053
28	10	411.19047619	25.3670559653
29	10	430.857142857	20.6265795107
30	10	337.412698413	18.7934765114
31	10	341.26984127	20.4063531573
32	10	338.936507937	20.2984658235
33	10	336.063492063	21.376350243
34	10	338.80952381	20.8089244765
35	10	337.619047619	19.4914947438
36	10	425.920634921	24.8342451653
37	10	418.222222222	20.0795595699
38	10	428.650793651	19.7509563603
39	10	425.984126984	21.0799626995
40	10	431.19047619	21.3726253803
41	10	429.095238095	19.967206675
42	10	336.015873016	20.6578261149
43	10	339.396825397	23.5132787088
44	10	336.396825397	21.9397006842
45	10	336.80952381	21.0116046114
46	10	340.793650794	24.5396722725
47	10	332.80952381	18.3466247429
0	11	420.19047619	23.4465668403
1	11	438.079365079	16.5138725591
2	11	430.380952381	17.482352618
3	11	421.619047619	11.682884743
4	11	437.80952381	17.6157010979
5	11	431.53968254	24.2747666994
6	11	341.984126984	21.325513495
7	11	352.603174603	22.769751365
8	11	340.571428571	20.3802848133
9	11	332.222222222	15.6858488893
10	11	341.507936508	22.8909582315
11	11	-1	0
12	11	384.301587302	19.8475418658
13	11	374.619047619	16.7620400427
14	11	374.523809524	16.7983910254
15	11	368.634920635	20.5922636015
16	11	374.476190476	16.5585609593
17	11	382.523809524	14.1968665701
18	11	403.666666667	20.4869296312
19	11	395.0	18.3787316695
20	11	397.682539683	18.3621638217
21	11	389.206349206	17.3874235978
22	11	400.666666667	22.8181214535
23	11	402.476190476	18.7429200541
24	11	416.888888889	26.0500806513
25	11	417.841269841	26.6459481116
26	11	437.174603175	18.9020362408
27	11	427.349206349	23.1928825496
28	11	405.396825397	22.0601915997
29	11	422.396825397	17.4742801314
30	11	322.714285714	9.37478646771
31	11	318.904761905	14.5435463086
32	11	321.761904762	13.1580312679
33	11	324.492063492	14.8161998597
34	11	323.412698413	19.2762992238
35	11	326.904761905	12.5416313535
36	11	417.492063492	29.2031054099
37	11	421.412698413	23.0207876526
38	11	424.587301587	21.5138456124
39	11	422.507936508	27.5005760493
40	11	418.46031746	23.9343184549
41	11	412.047619048	24.901347303
42	11	332.746031746	24.8851126873
43	11	339.444444444	27.6375508171
44	11	339.587301587	28.00035993
45	11	338.841269841	24.0021205076
46	11	342.349206349	24.7541298335
47	11	332.857142857	22.6707679363
0	12	423.634920635	21.1737345435
1	12	435.174603175	24.6863111496
2	12	436.396825397	26.9606059953
3	12	423.206349206	17.0155472606
4	12	422.634920635	19.1122844126
5	12	435.634920635	22.7549412651
6	12	390.666666667	16.6285277914
7	12	394.126984127	18.3964213769
8	12	381.682539683	19.1367886351
9	12	372.888888889	20.0421073498
10	12	375.682539683	17.8706333522
11	12	364.253968254	5.53192252229
12	12	-1	0
13	12	339.888888889	16.6009285561
14	12	341.825396825	20.3910497659
15	12	342.365079365	19.9938892151
16	12	352.031746032	23.0637269349
17	12	339.095238095	26.7586000332
18	12	345.825396825	20.720007724
19	12	346.063492063	23.1502154784
20	12	345.317460317	22.769253424
21	12	335.444444444	26.0894540378
22	12	346.634920635	21.8234631178
23	12	339.587301587	19.8147251006
24	12	356.857142857	10.056755043
25	12	361.412698413	10.2734592876
26	12	361.015873016	4.13844562298
27	12	365.349206349	9.86441211397
28	12	366.476190476	16.1607570376
29	12	385.793650794	17.6870131983
30	12	338.333333333	20.5874056122
31	12	332.746031746	18.1352662257
32	12	348.095238095	19.8851578101
33	12	339.619047619	19.5281063797
34	12	342.0	17.5300196036
35	12	341.492063492	19.2427046707
36	12	389.619047619	19.4270540957
37	12	389.936507937	20.4317470183
38	12	388.857142857	18.8029524386
39	12	391.603174603	18.3731512903
40	12	393.365079365	22.1175083898
41	12	396.126984127	23.1561244005
42	12	394.095238095	20.3615840324
43	12	394.095238095	19.2178110886
44	12	405.682539683	19.3701008322
45	12	398.746031746	19.7981626965
46	12	404.714285714	19.6682231599
47	12	411.984126984	18.3437131339
0	13	419.26984127	24.0074104626
1	13	431.365079365	20.6276910412
2	13	432.206349206	20.7679230149
3	13	425.793650794	13.6662702964
4	13	434.666666667	20.9132751946
5	13	434.73015873	24.4567686928
6	13	389.333333333	18.8671209772
7	13	399.365079365	20.8245136282
8	13	392.333333333	20.3758338032
9	13	367.476190476	8.60206166292
10	13	388.222222222	17.3034948708
11	13	358.174603175	7.20568488652
12	13	342.412698413	25.8835210925
13	13	-1	0
14	13	335.126984127	26.7667716676
15	13	336.952380952	27.3950688249
16	13	333.19047619	27.1835951597
17	13	333.73015873	28.951084279
18	13	336.079365079	26.7874061782
19	13	339.888888889	26.0385008658
20	13	332.777777778	21.2397085775
21	13	331.714285714	26.3856794802
22	13	337.317460317	24.5051503474
23	13	337.396825397	23.4869363774
24	13	364.0	11.2150692275
25	13	366.333333333	11.3906115615
26	13	358.111111111	5.71300691158
27	13	351.587301587	10.4207286109
28	13	378.015873016	21.167879278
29	13	390.031746032	14.3116871477
30	13	330.777777778	23.5994649149
31	13	323.349206349	14.6657561732
32	13	329.301587302	10.6482503528
33	13	328.841269841	15.8486956543
34	13	324.53968254	15.8523198411
35	13	329.523809524	22.1645055465
36	13	373.777777778	13.8706546972
37	13	388.031746032	20.5626941089
38	13	385.777777778	17.4723767879
39	13	389.428571429	17.7573720758
40	13	396.476190476	20.269499444
41	13	393.619047619	23.1608787367
42	13	399.476190476	14.7840080298
43	13	395.079365079	16.20631034
44	13	405.253968254	13.6846203257
45	13	403.253968254	14.4408682124
46	13	405.682539683	19.8252888022
47	13	407.80952381	17.6129976743
0	14	433.126984127	23.7115550584
1	14	430.285714286	19.024152211
2	14	434.476190476	20.8668166303
3	14	417.920634921	12.9704200557
4	14	438.079365079	15.6846923527
5	14	438.476190476	18.9123770197
6	14	387.19047619	16.9900597856
7	14	386.063492063	21.1336435428
8	14	384.761904762	15.0930597797
9	14	361.492063492	9.60137724227
10	14	373.0	17.8814437825
11	14	365.333333333	5.25840219561
12	14	343.317460317	26.7669693376
13	14	332.682539683	27.3099931689
14	14	-1	0
15	14	336.825396825	28.3204674893
16	14	334.666666667	27.335656115
17	14	334.968253968	26.0597410444
18	14	336.523809524	20.7348010067
19	14	332.936507937	25.6254294681
20	14	338.142857143	26.3317402429
21	14	328.047619048	22.7138364735
22	14	331.746031746	18.9970492729
23	14	331.047619048	25.096909676
24	14	364.952380952	9.10856664874
25	14	365.571428571	10.6095409079
26	14	357.317460317	4.0584045533
27	14	353.80952381	10.0819769144
28	14	363.53968254	12.9979551467
29	14	383.619047619	16.2181835746
30	14	331.285714286	27.2876671785
31	14	325.142857143	16.9592014102
32	14	328.888888889	17.2121322209
33	14	328.380952381	17.0921206867
34	14	322.825396825	22.306337403
35	14	329.746031746	27.0366994874
36	14	384.714285714	17.5258797949
37	14	389.888888889	15.7370366012
38	14	385.0	18.6675169874
39	14	388.079365079	18.9580167633
40	14	391.126984127	19.6868274899
41	14	378.650793651	19.4031242208
42	14	393.920634921	17.6952164528
43	14	397.158730159	18.1713243039
44	14	408.682539683	17.5063030797
45	14	405.936507937	16.1165132862
46	14	395.761904762	18.4955715727
47	14	401.507936508	16.2137243608
0	15	432.619047619	26.2281979432
1	15	426.301587302	19.4949199086
2	15	435.476190476	24.6376000834
3	15	429.142857143	26.8516542855
4	15	436.507936508	18.919942461
5	15	436.571428571	20.6649110512
6	15	380.571428571	16.7481003763
7	15	392.73015873	18.7338979318
8	15	380.873015873	15.0654572455
9	15	372.206349206	8.43868403597
10	15	383.174603175	14.6520919819
11	15	366.174603175	3.57033492955
12	15	334.349206349	26.7131492086
13	15	336.634920635	26.3084883322
14	15	336.873015873	26.6449268905
15	15	-1	0
16	15	336.936507937	21.2303115259
17	15	344.476190476	19.9879782463
18	15	350.53968254	21.4755862842
19	15	345.984126984	24.4257813727
20	15	341.476190476	21.9392068723
21	15	340.015873016	21.3879450273
22	15	341.73015873	22.1905216068
23	15	333.095238095	19.3806598785
24	15	354.126984127	10.4903463763
25	15	353.873015873	12.9142373304
26	15	363.619047619	4.79559510659
27	15	361.476190476	9.43458201875
28	15	373.301587302	21.7756489311
29	15	396.444444444	19.045290863
30	15	344.349206349	20.8404054512
31	15	335.238095238	19.1167792048
32	15	338.888888889	19.0780444833
33	15	339.206349206	22.2804339604
34	15	340.555555556	17.0840850267
35	15	333.634920635	21.9590539503
36	15	383.936507937	21.417151572
37	15	384.380952381	17.6872553628
38	15	401.619047619	21.8519030964
39	15	388.079365079	21.4567128559
40	15	399.793650794	19.1826299819
41	15	384.492063492	23.378101961
42	15	403.746031746	19.7258739553
43	15	399.857142857	19.2888298483
44	15	403.507936508	17.1869949134
45	15	393.158730159	21.2440141704
46	15	395.984126984	21.3024270646
47	15	409.984126984	19.6294984237
0	16	421.634920635	23.1518805759
1	16	435.126984127	24.5676856179
2	16	433.095238095	17.743064181
3	16	415.888888889	18.9184642411
4	16	434.761904762	18.8820182249
5	16	437.73015873	19.464421225
6	16	393.047619048	19.6245946851
7	16	403.380952381	20.7352384452
8	16	386.73015873	20.3127970839
9	16	363.936507937	10.1572915648
10	16	389.0	18.8013846164
11	16	353.095238095	4.76333311911
12	16	333.222222222	26.9929117353
13	16	340.285714286	19.650460289
14	16	345.666666667	24.0930734958
15	16	343.142857143	18.7700006705
16	16	-1	0
17	16	341.0	24.3656015662
18	16	337.603174603	22.4071556616
19	16	342.682539683	24.5679009813
20	16	335.682539683	26.5819042141
21	16	333.523809524	24.6027854552
22	16	336.238095238	24.4408676006
23	16	331.142857143	24.3570381229
24	16	362.857142857	11.9507682464
25	16	349.777777778	11.8327557799
26	16	355.380952381	4.8417121838
27	16	363.047619048	11.2805895538
28	16	371.555555556	15.7033792519
29	16	385.444444444	18.2945718186
30	16	319.634920635	18.4178153809
31	16	319.968253968	17.6589994629
32	16	328.238095238	15.7789434592
33	16	322.968253968	13.8861221734
34	16	322.396825397	12.732335641
35	16	325.047619048	24.1512618037
36	16	377.984126984	16.1819927977
37	16	383.936507937	18.3932984827
38	16	387.365079365	19.7188988289
39	16	390.380952381	16.0746557606
40	16	400.555555556	20.7071629182
41	16	389.412698413	17.3540489037
42	16	396.46031746	18.9425408504
43	16	401.301587302	19.8371424278
44	16	404.571428571	17.4435272807
45	16	408.063492063	14.3392822825
46	16	409.047619048	17.5882613915
47	16	399.761904762	19.6498833033
0	17	421.253968254	18.775167874
1	17	430.936507937	19.7948791004
2	17	435.904761905	21.1245094135
3	17	410.825396825	13.9938077945
4	17	438.587301587	22.3923420304
5	17	437.857142857	25.7668774358
6	17	388.587301587	16.8604307319
7	17	402.285714286	20.1340180989
8	17	379.873015873	17.5349918313
9	17	375.714285714	16.2445874468
10	17	376.396825397	17.0205661616
11	17	355.968253968	5.22803266275
12	17	335.380952381	31.1496279228
13	17	333.317460317	27.3755918378
14	17	334.936507937	29.0843726194
15	17	331.206349206	23.8827551056
16	17	329.412698413	23.0683146402
17	17	-1	0
18	17	339.746031746	22.3698835626
19	17	332.301587302	22.961413402
20	17	332.53968254	19.2121203451
21	17	329.031746032	24.8806473235
22	17	337.015873016	24.8975628714
23	17	334.26984127	23.6771984274
24	17	363.079365079	10.5999424786
25	17	353.698412698	10.1052161929
26	17	359.317460317	3.58933781232
27	17	360.587301587	11.7508998921
28	17	386.396825397	18.3073752876
29	17	377.777777778	15.7272833853
30	17	327.650793651	22.4401558508
31	17	324.206349206	16.8156755385
32	17	329.873015873	13.2035253391
33	17	331.904761905	26.1009726059
34	17	334.26984127	27.9416661905
35	17	322.26984127	14.5920247289
36	17	383.158730159	18.7033706742
37	17	385.158730159	21.0201765123
38	17	385.793650794	13.2499280982
39	17	392.047619048	15.4204858296
40	17	391.349206349	20.9588854742
41	17	387.301587302	20.2364082708
42	17	394.952380952	19.1513840284
43	17	406.158730159	15.6653559221
44	17	399.777777778	15.6006150107
45	17	398.476190476	19.0270126632
46	17	407.222222222	15.9158944659
47	17	400.714285714	20.9719605486
0	18	539.682539683	22.1006538701
1	18	530.206349206	20.7954197721
2	18	521.26984127	24.5623316904
3	18	536.333333333	9.7117176811
4	18	535.841269841	24.7990055799
5	18	530.396825397	25.6184083632
6	18	490.492063492	17.9857730512
7	18	485.476190476	17.6274111424
8	18	491.793650794	17.2158645276
9	18	467.142857143	8.77199212294
10	18	489.904761905	14.9259700019
11	18	458.444444444	7.07281353904
12	18	424.793650794	23.2537136342
13	18	419.571428571	22.4058625305
14	18	431.142857143	30.4139990443
15	18	422.396825397	24.7889758412
16	18	422.507936508	25.5056003908
17	18	431.936507937	24.4760154812
18	18	-1	0
19	18	353.301587302	19.2491062836
20	18	348.555555556	23.7485356459
21	18	350.301587302	20.8034146469
22	18	356.301587302	20.3841168487
23	18	360.761904762	17.6928954316
24	18	426.793650794	23.8927223629
25	18	427.571428571	20.965363943
26	18	443.492063492	13.1497758034
27	18	430.555555556	18.5504697906
28	18	427.317460317	26.5251156195
29	18	434.698412698	19.7280196519
30	18	407.301587302	19.3961499376
31	18	405.571428571	17.1517172871
32	18	408.523809524	16.2410973346
33	18	406.888888889	18.6224911902
34	18	402.412698413	14.788063527
35	18	407.888888889	20.3408347686
36	18	497.555555556	16.9347747585
37	18	492.936507937	16.8973305076
38	18	502.603174603	15.3121382316
39	18	495.571428571	17.6686560297
40	18	499.301587302	16.9421376817
41	18	498.0	17.2405943992
42	18	411.952380952	21.3083399512
43	18	410.031746032	20.7364170528
44	18	404.603174603	18.5322881536
45	18	407.73015873	17.512994132
46	18	410.412698413	21.2002058395
47	18	410.301587302	20.1341807774
0	19	528.952380952	26.3610032876
1	19	530.015873016	25.7765071233
2	19	516.857142857	23.4905297655
3	19	532.825396825	17.2042258398
4	19	529.476190476	22.3719333398
5	19	533.380952381	26.3706357686
6	19	494.761904762	22.0358397002
7	19	499.793650794	22.2761590333
8	19	506.666666667	19.6420346148
9	19	469.46031746	8.06683470275
10	19	495.253968254	19.9753564475
11	19	471.26984127	7.68880106906
12	19	438.142857143	18.791974936
13	19	438.285714286	21.5534982771
14	19	441.825396825	19.0375899523
15	19	438.571428571	20.8187295754
16	19	436.936507937	23.9078077277
17	19	436.444444444	20.2991733179
18	19	358.222222222	21.3388716356
19	19	-1	0
20	19	338.650793651	21.228282071
21	19	338.111111111	24.4086317747
22	19	342.158730159	20.7549621905
23	19	338.238095238	24.5134976008
24	19	431.476190476	26.1010594828
25	19	429.333333333	23.3836192835
26	19	442.682539683	14.9345932683
27	19	434.793650794	23.1181634975
28	19	431.53968254	20.9108655563
29	19	434.888888889	25.8113492394
30	19	411.746031746	15.5399824865
31	19	409.222222222	17.527705456
32	19	403.238095238	15.2156084081
33	19	406.0	14.1947900123
34	19	404.968253968	18.5814109652
35	19	405.619047619	11.6311412472
36	19	488.936507937	16.6073927083
37	19	481.634920635	16.4878999282
38	19	492.714285714	19.1323117128
39	19	476.888888889	17.6842779346
40	19	486.015873016	16.968216847
41	19	488.158730159	19.2487528759
42	19	398.476190476	16.2976842671
43	19	404.46031746	17.4472678507
44	19	402.238095238	16.4285024153
45	19	399.412698413	15.5232901526
46	19	391.555555556	17.3331298319
47	19	398.365079365	17.7596846705
0	20	524.952380952	25.110188011
1	20	534.80952381	22.9145113396
2	20	536.126984127	21.5056227889
3	20	513.920634921	14.3475030595
4	20	529.714285714	20.5869650326
5	20	527.650793651	18.9763083119
6	20	490.031746032	15.1416258526
7	20	497.047619048	18.1164036617
8	20	489.507936508	16.7368740476
9	20	477.619047619	7.14793470322
10	20	492.142857143	13.4787983342
11	20	459.53968254	7.76403061095
12	20	428.476190476	24.2296271109
13	20	432.666666667	24.0317250634
14	20	429.507936508	28.4302951628
15	20	430.952380952	26.2306185873
16	20	429.698412698	24.7736642813
17	20	426.047619048	24.2430998669
18	20	341.777777778	23.2252219525
19	20	331.634920635	24.9350276909
20	20	-1	0
21	20	327.380952381	22.9550482544
22	20	343.761904762	23.4545925957
23	20	334.619047619	23.851676971
24	20	439.904761905	22.9019402281
25	20	424.285714286	24.6257244331
26	20	438.968253968	17.3250605294
27	20	429.698412698	21.5035138661
28	20	423.698412698	24.014304547
29	20	420.73015873	18.3737272309
30	20	408.714285714	16.7250677474
31	20	409.555555556	15.9072487996
32	20	407.317460317	13.9395809607
33	20	406.920634921	19.0006696518
34	20	406.111111111	14.2918681631
35	20	408.650793651	13.4296033226
36	20	481.777777778	19.6399693244
37	20	485.841269841	21.0345191343
38	20	497.285714286	16.4127598169
39	20	492.174603175	17.6640067023
40	20	495.46031746	18.0086622868
41	20	489.095238095	18.929874169
42	20	397.444444444	17.0850141127
43	20	401.285714286	20.5869650326
44	20	404.682539683	14.0439507362
45	20	397.253968254	16.38811828
46	20	400.126984127	15.8979803684
47	20	402.380952381	18.4144771992
0	21	527.523809524	24.1627137278
1	21	537.111111111	25.6997999567
2	21	528.984126984	24.9402409985
3	21	531.46031746	15.7991615177
4	21	528.476190476	23.1919917369
5	21	531.920634921	26.575619324
6	21	492.650793651	15.0112748421
7	21	498.222222222	19.4621687925
8	21	496.507936508	14.947392421
9	21	475.73015873	9.55054448578
10	21	481.73015873	15.5320522149
11	21	463.428571429	8.94731366214
12	21	424.285714286	24.2758149759
13	21	423.19047619	29.4779213277
14	21	426.333333333	29.9443929086
15	21	428.46031746	28.8035631597
16	21	416.142857143	22.8291495248
17	21	422.698412698	24.7922382379
18	21	339.380952381	26.6377394123
19	21	334.53968254	21.8884802614
20	21	341.841269841	22.3814026747
21	21	-1	0
22	21	348.476190476	21.0236881839
23	21	334.349206349	23.4893820864
24	21	425.793650794	21.8168121645
25	21	423.507936508	21.8645709041
26	21	442.873015873	12.8415150957
27	21	428.158730159	22.1676199933
28	21	430.365079365	22.479833352
29	21	423.761904762	23.8165703858
30	21	405.825396825	13.3327853251
31	21	412.777777778	8.98754772501
32	21	413.238095238	15.0203188157
33	21	413.603174603	14.042497497
34	21	407.396825397	15.3896890678
35	21	406.206349206	15.325213927
36	21	492.333333333	16.9059020407
37	21	483.174603175	20.0250158493
38	21	498.841269841	16.6678155311
39	21	492.380952381	16.5667754825
40	21	483.682539683	17.4062800169
41	21	499.650793651	18.8554726426
42	21	394.857142857	15.3020977324
43	21	401.984126984	15.1725441919
44	21	401.174603175	16.9373633024
45	21	395.634920635	18.2828756615
46	21	400.634920635	16.031023086
47	21	402.19047619	17.1620263195
0	22	532.285714286	20.978771259
1	22	531.206349206	20.9429752818
2	22	531.523809524	25.1098267887
3	22	526.746031746	13.7193736888
4	22	528.53968254	23.4965890107
5	22	534.047619048	27.7691324415
6	22	480.777777778	15.5046787045
7	22	495.761904762	15.6323984752
8	22	484.015873016	16.2133514093
9	22	477.746031746	8.18819951131
10	22	487.253968254	14.928366791
11	22	459.571428571	9.55969429961
12	22	426.26984127	25.38166214
13	22	432.46031746	27.1870799128
14	22	429.53968254	25.5267213849
15	22	424.238095238	26.3720115501
16	22	427.587301587	25.3061476442
17	22	428.634920635	25.1126361586
18	22	340.682539683	21.9276048365
19	22	341.571428571	20.3506673076
20	22	339.952380952	25.7468929064
21	22	334.095238095	20.8910357366
22	22	-1	0
23	22	356.603174603	22.1040394804
24	22	431.380952381	19.3230092068
25	22	427.666666667	23.9470314958
26	22	450.015873016	13.3374899039
27	22	425.841269841	18.6591875741
28	22	414.714285714	23.4780739127
29	22	440.53968254	24.6362910763
30	22	409.365079365	16.5800622161
31	22	408.952380952	13.4712257387
32	22	410.53968254	21.4267488937
33	22	415.412698413	19.8403428355
34	22	400.761904762	16.7840762456
35	22	408.285714286	15.5924570403
36	22	496.698412698	18.6527455919
37	22	499.26984127	17.6592134765
38	22	496.333333333	23.3217658402
39	22	496.492063492	16.5163440129
40	22	488.349206349	14.2463125055
41	22	492.365079365	19.6826420888
42	22	414.650793651	19.6696194153
43	22	411.111111111	19.1883819935
44	22	409.53968254	19.6257244507
45	22	409.0	17.8663468344
46	22	402.650793651	18.8916364548
47	22	402.587301587	15.5947029271
0	23	530.174603175	23.3377816729
1	23	530.396825397	25.8189912154
2	23	532.492063492	25.8953161272
3	23	520.444444444	15.319639618
4	23	524.952380952	24.9720024633
5	23	530.031746032	26.5921388634
6	23	492.063492063	15.4836042478
7	23	502.507936508	17.2220539821
8	23	496.253968254	17.9937980973
9	23	475.714285714	9.81807301985
10	23	497.698412698	21.0604835114
11	23	465.492063492	11.0293591114
12	23	438.746031746	21.2722102448
13	23	434.968253968	19.7017187663
14	23	436.777777778	21.0143144293
15	23	439.523809524	20.1170046864
16	23	441.80952381	19.7619621342
17	23	437.53968254	21.7429612014
18	23	358.396825397	18.4756722777
19	23	353.0	20.1573177858
20	23	357.063492063	23.4743176217
21	23	348.555555556	21.8898960368
22	23	351.19047619	21.339178621
23	23	-1	0
24	23	426.936507937	22.4413684159
25	23	435.682539683	21.7473409408
26	23	448.873015873	10.3854172234
27	23	426.80952381	24.2800180061
28	23	425.666666667	27.9136992026
29	23	433.698412698	21.8426079324
30	23	412.904761905	17.781490542
31	23	412.142857143	18.1001246535
32	23	411.396825397	19.6028340051
33	23	406.603174603	21.6740204975
34	23	402.047619048	19.5484165489
35	23	410.936507937	21.376350243
36	23	495.158730159	20.4086865642
37	23	490.380952381	20.690024106
38	23	493.793650794	19.6284202197
39	23	496.301587302	17.89886484
40	23	493.380952381	18.4704212888
41	23	499.428571429	24.6381522999
42	23	402.285714286	21.6453584389
43	23	407.142857143	17.624709515
44	23	398.650793651	18.449552608
45	23	398.714285714	17.8267042164
46	23	410.079365079	17.7149399663
47	23	403.253968254	18.9284100356
0	24	408.571428571	17.8251777397
1	24	407.714285714	22.1376850078
2	24	408.761904762	21.1447875567
3	24	384.634920635	10.4232669943
4	24	395.333333333	19.187462838
5	24	404.587301587	21.8760105767
6	24	402.666666667	23.5958026937
7	24	407.444444444	16.9806404966
8	24	401.968253968	16.6856732139
9	24	419.380952381	18.4437614277
10	24	401.650793651	18.371094212
11	24	408.365079365	9.55402613927
12	24	354.412698413	21.6279029949
13	24	354.53968254	18.4965251107
14	24	348.984126984	20.4741354943
15	24	351.555555556	19.9847384452
16	24	353.873015873	19.3796588365
17	24	352.619047619	22.8892631456
18	24	314.396825397	16.5256315419
19	24	315.158730159	17.0006595103
20	24	317.0	20.1911500337
21	24	309.444444444	18.7233643851
22	24	324.253968254	17.9761466764
23	24	312.142857143	18.9023028268
24	24	-1	0
25	24	299.603174603	17.4096667934
26	24	309.095238095	10.4117063019
27	24	298.682539683	18.2006675238
28	24	303.285714286	27.7245112865
29	24	317.825396825	22.2429155353
30	24	319.126984127	17.0466140226
31	24	310.301587302	15.2811066256
32	24	318.095238095	15.2977997025
33	24	314.111111111	15.0966317184
34	24	318.682539683	15.7427992074
35	24	321.301587302	15.9738227533
36	24	358.111111111	16.0278637449
37	24	359.380952381	22.5539413875
38	24	353.349206349	17.7622381063
39	24	358.746031746	16.8710969657
40	24	354.396825397	17.000970731
41	24	354.968253968	15.2772974569
42	24	321.619047619	17.276857235
43	24	322.111111111	17.1890617777
44	24	311.587301587	20.9493985371
45	24	328.80952381	17.3277070932
46	24	324.19047619	16.3443666747
47	24	334.285714286	19.5873530395
0	25	401.936507937	20.0038670991
1	25	409.174603175	18.7849481137
2	25	408.238095238	23.8944200737
3	25	402.73015873	8.93931276292
4	25	396.666666667	21.9494368442
5	25	403.777777778	20.8855113784
6	25	403.968253968	18.9393084585
7	25	421.412698413	20.4463175717
8	25	402.904761905	18.7935435432
9	25	411.253968254	27.6692300901
10	25	408.968253968	18.720134525
11	25	415.380952381	14.1560784762
12	25	361.761904762	18.6919168386
13	25	359.365079365	19.6826420888
14	25	355.952380952	19.8225689648
15	25	354.365079365	18.3764010046
16	25	351.476190476	17.365224456
17	25	354.793650794	18.9218599795
18	25	320.73015873	15.1952439815
19	25	314.777777778	14.7975163558
20	25	324.777777778	15.3317229428
21	25	317.158730159	15.9365869852
22	25	323.53968254	18.1561353457
23	25	324.793650794	19.3965785971
24	25	291.698412698	20.3732121978
25	25	-1	0
26	25	307.206349206	15.5789425749
27	25	311.952380952	13.902641717
28	25	303.253968254	27.0889002361
29	25	301.603174603	26.5159668475
30	25	298.666666667	15.7025930525
31	25	293.333333333	17.1241961925
32	25	300.476190476	13.4893928262
33	25	294.142857143	8.34923652599
34	25	296.825396825	8.76236483724
35	25	299.46031746	16.264505513
36	25	353.714285714	13.6793536599
37	25	345.968253968	17.5028054477
38	25	348.206349206	15.5207579693
39	25	343.603174603	12.1099980765
40	25	351.079365079	15.2994465999
41	25	357.555555556	18.1779368953
42	25	315.714285714	20.1529300492
43	25	313.126984127	21.5763627747
44	25	312.619047619	26.0776791811
45	25	317.968253968	23.2699603713
46	25	313.142857143	20.9518398199
47	25	311.53968254	18.7522065553
0	26	391.952380952	21.3604207284
1	26	404.634920635	20.0968303489
2	26	401.158730159	19.199211582
3	26	395.873015873	14.2031653788
4	26	411.80952381	24.1311608749
5	26	401.746031746	22.0827938866
6	26	390.825396825	22.9018192128
7	26	402.285714286	20.0827088
8	26	391.111111111	16.4211546789
9	26	413.650793651	16.3388316597
10	26	397.888888889	25.4066052598
11	26	414.142857143	14.0710861291
12	26	352.46031746	15.5490268126
13	26	341.507936508	15.7378050706
14	26	351.031746032	14.9177302137
15	26	343.444444444	14.842857058
16	26	351.301587302	13.710886557
17	26	343.19047619	14.0586720036
18	26	306.238095238	14.255841783
19	26	311.079365079	18.0689170864
20	26	308.920634921	16.6812332414
21	26	307.238095238	19.1109660913
22	26	310.761904762	16.8067581699
23	26	307.587301587	16.0006298692
24	26	302.285714286	11.318517727
25	26	312.888888889	10.1153837127
26	26	-1	0
27	26	313.777777778	15.7161775356
28	26	306.317460317	20.2247886538
29	26	302.428571429	27.1443608606
30	26	295.603174603	8.95232466491
31	26	292.666666667	9.24447496942
32	26	299.777777778	12.6659704626
33	26	297.015873016	9.41712736082
34	26	296.492063492	12.0170157348
35	26	296.777777778	10.4554147048
36	26	350.285714286	14.4446712
37	26	355.619047619	19.5768153866
38	26	352.857142857	17.0096677859
39	26	346.206349206	16.2901847263
40	26	352.015873016	16.0727434304
41	26	354.682539683	19.4355470411
42	26	320.746031746	24.9284488811
43	26	313.936507937	22.0575531575
44	26	316.714285714	22.3666621045
45	26	306.873015873	20.0645720023
46	26	315.53968254	22.5168898842
47	26	321.698412698	21.3412447537
0	27	406.031746032	18.9275714354
1	27	405.920634921	19.9390353266
2	27	399.365079365	17.6242091682
3	27	403.476190476	14.7431524518
4	27	400.825396825	20.365345357
5	27	407.587301587	17.1238577843
6	27	390.968253968	25.4813771114
7	27	400.968253968	19.4805301694
8	27	385.317460317	20.4208307877
9	27	416.444444444	17.7618976694
10	27	401.222222222	27.9412333666
11	27	418.619047619	17.0902632369
12	27	350.920634921	12.8746109046
13	27	350.428571429	16.317985292
14	27	350.777777778	16.7639488893
15	27	349.206349206	15.2004163792
16	27	347.349206349	18.8504210135
17	27	342.0	17.6068168617
18	27	309.841269841	17.7962064347
19	27	304.80952381	18.2024393471
20	27	303.920634921	14.1132624639
21	27	306.746031746	17.3497799757
22	27	307.793650794	13.1633916725
23	27	309.222222222	15.3016696303
24	27	302.857142857	15.5020297113
25	27	305.428571429	18.3629321981
26	27	307.523809524	12.3992538727
27	27	-1	0
28	27	302.253968254	23.0719841476
29	27	299.666666667	28.5729364681
30	27	297.857142857	14.8632466094
31	27	300.650793651	18.6378678614
32	27	300.761904762	9.33794832453
33	27	298.682539683	10.3629765241
34	27	299.80952381	10.2954098924
35	27	297.587301587	9.56951993395
36	27	341.238095238	14.6511977794
37	27	354.444444444	16.1685347745
38	27	353.904761905	14.2435886838
39	27	351.857142857	14.9048379733
40	27	343.666666667	17.0181975432
41	27	350.73015873	19.7999569899
42	27	309.492063492	17.1490876391
43	27	314.380952381	20.2660311393
44	27	304.333333333	17.7638834593
45	27	322.825396825	24.5819263084
46	27	312.873015873	20.7590042147
47	27	314.142857143	21.9124210212
0	28	407.380952381	17.1283006982
1	28	400.063492063	17.3295536317
2	28	407.619047619	18.6993154712
3	28	399.444444444	15.3351735726
4	28	405.253968254	22.2503563403
5	28	396.634920635	18.9914781117
6	28	388.285714286	16.904426556
7	28	406.19047619	20.1248934871
8	28	390.111111111	19.1195994438
9	28	418.095238095	21.0326384956
10	28	395.46031746	24.3654878204
11	28	414.317460317	13.8206486844
12	28	349.904761905	17.2467749787
13	28	350.095238095	14.2647465171
14	28	346.698412698	17.2595820368
15	28	351.936507937	15.0278820397
16	28	343.317460317	17.8439669204
17	28	343.492063492	13.1570163741
18	28	309.714285714	14.3520681231
19	28	311.507936508	20.4255310326
20	28	307.126984127	19.3501503735
21	28	308.031746032	21.7868230556
22	28	309.650793651	17.8833599433
23	28	305.666666667	19.0187877036
24	28	307.682539683	17.39624608
25	28	307.619047619	21.2718075376
26	28	309.380952381	6.90853755555
27	28	307.365079365	19.2710833521
28	28	-1	0
29	28	299.047619048	26.7904440269
30	28	296.73015873	10.3574317298
31	28	310.888888889	25.6713731684
32	28	301.126984127	13.0584668921
33	28	305.111111111	21.8044054898
34	28	294.53968254	6.32662651607
35	28	295.380952381	6.42521958473
36	28	353.253968254	11.9269845495
37	28	351.555555556	18.2258997451
38	28	350.682539683	15.0594856431
39	28	346.142857143	15.1257765304
40	28	349.015873016	14.1381977966
41	28	348.53968254	16.9291946544
42	28	315.682539683	21.1208355691
43	28	308.746031746	21.6149332961
44	28	312.841269841	24.3852716082
45	28	311.650793651	20.1841983851
46	28	313.968253968	20.2123396649
47	28	307.142857143	16.4257416472
0	29	402.714285714	22.0601116515
1	29	398.80952381	19.8557153763
2	29	408.698412698	23.0745065954
3	29	398.873015873	19.434458077
4	29	402.888888889	20.4924384902
5	29	401.0	20.9617944222
6	29	394.555555556	22.5323596421
7	29	409.904761905	18.888742163
8	29	391.507936508	23.1618686473
9	29	411.920634921	22.0521039469
10	29	392.349206349	23.6523489422
11	29	420.206349206	14.145680512
12	29	353.015873016	15.0791478681
13	29	351.571428571	14.7902952799
14	29	348.206349206	14.8539543451
15	29	350.428571429	18.3257250756
16	29	350.777777778	16.9719137218
17	29	344.174603175	14.4853945955
18	29	323.095238095	16.5440386671
19	29	312.412698413	22.2900325939
20	29	310.53968254	19.5933462927
21	29	310.571428571	20.8705110453
22	29	324.587301587	18.2266462192
23	29	306.825396825	17.2797153145
24	29	300.53968254	22.8395545205
25	29	311.53968254	20.8660317847
26	29	314.079365079	11.793597385
27	29	311.920634921	15.5535956005
28	29	305.904761905	19.5283386152
29	29	-1	0
30	29	297.238095238	8.97565364063
31	29	292.825396825	9.58427893064
32	29	302.365079365	11.3603342049
33	29	300.873015873	18.8245804047
34	29	299.222222222	14.3620359839
35	29	298.603174603	9.52447087651
36	29	350.015873016	14.5312930672
37	29	351.174603175	14.1067806307
38	29	348.253968254	15.5205631689
39	29	352.73015873	11.7083694786
40	29	352.888888889	17.1890617777
41	29	359.079365079	15.0410038369
42	29	312.031746032	21.1292081402
43	29	319.476190476	21.833320351
44	29	306.253968254	20.8942676531
45	29	320.746031746	25.8352338803
46	29	311.380952381	21.6907767477
47	29	313.46031746	21.7736008767
0	30	569.365079365	23.7194592856
1	30	562.301587302	24.8210323773
2	30	560.841269841	25.0720905664
3	30	568.841269841	14.4959834056
4	30	566.222222222	26.5260844635
5	30	573.761904762	26.2102090165
6	30	461.301587302	17.5938615925
7	30	458.126984127	20.0035648121
8	30	469.285714286	27.082723698
9	30	483.968253968	24.92781213
10	30	468.698412698	27.9464538572
11	30	485.603174603	14.851155353
12	30	456.079365079	26.7553890654
13	30	452.222222222	21.6959102608
14	30	456.825396825	18.4429964189
15	30	460.73015873	27.999550081
16	30	460.666666667	27.1252240134
17	30	457.634920635	26.4444920825
18	30	429.904761905	19.1855718653
19	30	431.571428571	16.6120192533
20	30	431.492063492	22.3435463612
21	30	420.126984127	15.1159456052
22	30	433.587301587	18.3247901486
23	30	425.015873016	20.9151665662
24	30	461.53968254	28.5911660221
25	30	461.53968254	22.2873196184
26	30	471.126984127	17.6801314937
27	30	465.936507937	31.6703621983
28	30	455.476190476	25.1899810915
29	30	456.666666667	19.8102106108
30	30	-1	0
31	30	361.365079365	15.8487910383
32	30	362.158730159	12.6104093425
33	30	364.222222222	26.2439377396
34	30	360.095238095	19.3700097809
35	30	355.555555556	19.5949278972
36	30	515.904761905	15.2156084081
37	30	517.301587302	21.1582359818
38	30	520.507936508	19.9864025332
39	30	515.0	17.3580409984
40	30	524.111111111	18.3788276317
41	30	509.079365079	20.0089675033
42	30	469.777777778	18.4015565633
43	30	473.253968254	21.3504159686
44	30	466.857142857	16.8333164949
45	30	468.555555556	21.3792495286
46	30	468.222222222	14.9745227493
47	30	478.507936508	16.4576156115
0	31	567.365079365	25.939674575
1	31	563.507936508	27.1532236771
2	31	567.634920635	23.3892537984
3	31	570.746031746	20.5449319854
4	31	571.0	26.9160953795
5	31	575.984126984	20.1230280024
6	31	461.365079365	24.4626710032
7	31	468.396825397	20.785785499
8	31	452.555555556	14.8449957126
9	31	485.111111111	17.3114432391
10	31	465.841269841	28.0985828876
11	31	480.126984127	11.6380493422
12	31	454.888888889	25.3521929242
13	31	459.158730159	23.6684817206
14	31	460.095238095	22.38034447
15	31	458.46031746	27.369792987
16	31	449.888888889	21.6436589278
17	31	457.603174603	27.6155808808
18	31	433.428571429	18.3439054242
19	31	422.793650794	18.9637571876
20	31	428.19047619	17.3222099316
21	31	423.698412698	16.732854215
22	31	438.063492063	17.6319272244
23	31	426.142857143	16.5124841111
24	31	468.46031746	23.5620258088
25	31	471.238095238	28.4274148285
26	31	477.841269841	15.588158254
27	31	471.53968254	20.3406118096
28	31	466.682539683	24.2453238148
29	31	454.825396825	26.3279317441
30	31	360.841269841	16.2052375907
31	31	-1	0
32	31	363.396825397	16.9878945532
33	31	360.492063492	21.9493450138
34	31	362.984126984	13.9869463673
35	31	356.396825397	18.7621196238
36	31	517.317460317	13.8951006517
37	31	513.19047619	16.8756960048
38	31	514.587301587	15.7103089404
39	31	518.841269841	19.0531473459
40	31	523.698412698	18.9582958519
41	31	515.619047619	19.0183107853
42	31	473.555555556	30.1550373679
43	31	462.380952381	16.8168741518
44	31	471.746031746	16.6961341918
45	31	465.317460317	19.8604859328
46	31	473.253968254	19.1998414791
47	31	476.238095238	19.5997362192
0	32	570.603174603	25.1033038251
1	32	568.412698413	17.781419695
2	32	570.523809524	23.3427580577
3	32	572.46031746	18.8526663491
4	32	568.746031746	22.6862438243
5	32	566.873015873	19.7359490412
6	32	456.079365079	18.1031450283
7	32	473.428571429	25.0350321443
8	32	460.73015873	21.4055372967
9	32	483.365079365	25.0955643885
10	32	470.555555556	25.5360173759
11	32	478.746031746	10.6918872285
12	32	456.206349206	23.0597283332
13	32	457.0	22.1817886121
14	32	460.777777778	26.2765780457
15	32	454.222222222	22.5243744126
16	32	461.682539683	23.2439276227
17	32	455.333333333	27.50007215
18	32	427.285714286	22.1089858708
19	32	423.53968254	15.0373349091
20	32	427.047619048	21.7682079024
21	32	427.523809524	16.1332321355
22	32	434.53968254	19.357805035
23	32	427.523809524	17.2570272255
24	32	464.031746032	22.4810101549
25	32	472.0	25.1963716209
26	32	469.412698413	15.9081040749
27	32	465.349206349	28.2708884595
28	32	457.555555556	30.1981697005
29	32	448.825396825	17.2447734733
30	32	360.968253968	12.3724838763
31	32	361.603174603	19.0742406556
32	32	-1	0
33	32	360.111111111	20.6313916396
34	32	360.444444444	13.0746061615
35	32	363.079365079	17.6889361774
36	32	517.349206349	13.292985058
37	32	514.650793651	15.7944723404
38	32	522.555555556	16.0404031317
39	32	517.984126984	14.3266784811
40	32	523.952380952	22.3069699204
41	32	511.777777778	23.1444356811
42	32	463.428571429	15.2333325891
43	32	472.095238095	18.1166539937
44	32	466.031746032	16.0564166612
45	32	477.095238095	27.1233012258
46	32	473.920634921	21.9539934447
47	32	470.555555556	14.9324168275
0	33	572.920634921	24.684872038
1	33	561.555555556	23.9740453426
2	33	563.666666667	26.7587695164
3	33	558.936507937	19.0178471032
4	33	567.111111111	27.2100069775
5	33	572.634920635	19.8480750235
6	33	462.841269841	29.1614043412
7	33	485.873015873	17.9031717182
8	33	467.80952381	23.7759763659
9	33	481.761904762	15.8862167329
10	33	466.111111111	27.2251699084
11	33	483.761904762	12.475645208
12	33	454.571428571	19.9505056512
13	33	455.111111111	21.8458605364
14	33	456.396825397	23.0027877417
15	33	451.936507937	24.8045522037
16	33	456.952380952	17.9509283232
17	33	455.079365079	28.1342030938
18	33	433.984126984	21.2270358184
19	33	425.555555556	19.6612403957
20	33	421.142857143	15.3889850763
21	33	418.746031746	14.092628101
22	33	441.079365079	18.6541638292
23	33	426.650793651	18.713511569
24	33	470.857142857	20.1855339863
25	33	463.46031746	24.5452774993
26	33	469.111111111	13.9955901344
27	33	469.46031746	20.8728770591
28	33	463.222222222	21.9736093115
29	33	452.873015873	18.543378627
30	33	364.507936508	18.8981169935
31	33	357.888888889	13.8209768234
32	33	359.825396825	15.6423719252
33	33	-1	0
34	33	363.19047619	18.1299166449
35	33	359.333333333	16.7739404841
36	33	513.428571429	18.3871196167
37	33	507.349206349	20.7931297645
38	33	510.746031746	18.0940823914
39	33	510.857142857	11.9028569905
40	33	511.301587302	14.7826957189
41	33	508.984126984	19.1713179147
42	33	472.571428571	17.9706235467
43	33	471.587301587	22.5470477571
44	33	469.73015873	13.3466675577
45	33	473.73015873	17.1540234063
46	33	465.952380952	18.6772321897
47	33	475.142857143	20.8173135687
0	34	567.492063492	27.1485466979
1	34	568.555555556	26.2320401314
2	34	575.015873016	26.461407696
3	34	573.80952381	18.5522489484
4	34	561.968253968	23.5533627525
5	34	570.793650794	24.5719925287
6	34	466.46031746	21.7859903993
7	34	467.174603175	26.7109986754
8	34	463.380952381	24.1104788991
9	34	483.682539683	21.1245929025
10	34	467.047619048	28.4936242222
11	34	491.873015873	13.7592590049
12	34	459.984126984	27.7845978022
13	34	453.285714286	24.1617752498
14	34	457.53968254	21.5567360642
15	34	459.555555556	25.6674568696
16	34	456.857142857	23.3359570925
17	34	449.206349206	22.8703445121
18	34	430.73015873	21.8357551177
19	34	433.396825397	16.0994327836
20	34	427.793650794	17.2287676831
21	34	423.888888889	14.8121690759
22	34	438.825396825	17.0000370518
23	34	423.873015873	14.9756331859
24	34	476.587301587	26.0778047819
25	34	468.73015873	22.4210830128
26	34	478.047619048	18.1505420545
27	34	468.984126984	19.7688965766
28	34	460.53968254	26.3859182001
29	34	450.301587302	15.5671968102
30	34	359.46031746	25.3670361007
31	34	363.650793651	25.4951963917
32	34	365.968253968	17.809368191
33	34	358.174603175	13.3613273774
34	34	-1	0
35	34	368.444444444	27.4386922833
36	34	506.253968254	17.3753778116
37	34	511.238095238	16.5727968784
38	34	520.444444444	15.9838984237
39	34	514.253968254	15.6448361114
40	34	517.619047619	18.6840298255
41	34	510.174603175	18.8498997366
42	34	474.333333333	22.0741894816
43	34	475.206349206	21.7417444505
44	34	468.666666667	18.6428419388
45	34	470.015873016	20.7467664824
46	34	467.317460317	23.6869968996
47	34	475.984126984	18.6347448682
0	35	576.158730159	21.0842650645
1	35	567.873015873	22.4870276985
2	35	571.952380952	22.7996300244
3	35	569.698412698	20.0163702215
4	35	566.603174603	18.4318045371
5	35	571.507936508	21.5700210947
6	35	460.634920635	25.3936009858
7	35	469.301587302	26.5752211361
8	35	465.777777778	25.2224669592
9	35	477.349206349	17.7461453272
10	35	470.380952381	25.0798272009
11	35	477.523809524	15.5030536089
12	35	452.174603175	23.2047748798
13	35	449.952380952	21.4760320974
14	35	455.984126984	18.729903146
15	35	452.603174603	23.1046890606
16	35	452.142857143	22.7183284812
17	35	454.777777778	29.256091182
18	35	430.333333333	17.5643939977
19	35	422.634920635	20.1685765229
20	35	421.428571429	19.1723298348
21	35	420.761904762	14.5664479505
22	35	426.936507937	21.8638449224
23	35	418.793650794	16.5396673065
24	35	466.238095238	22.8561507721
25	35	463.349206349	23.7447796971
26	35	483.0	16.2167853468
27	35	464.015873016	19.6230283114
28	35	455.063492063	26.7942620106
29	35	453.793650794	22.2804339604
30	35	369.714285714	24.9007098588
31	35	358.873015873	19.1911785816
32	35	366.142857143	13.189530652
33	35	359.365079365	11.6364255507
34	35	359.015873016	11.0905251475
35	35	-1	0
36	35	505.555555556	17.9547736746
37	35	507.746031746	15.4107448127
38	35	522.19047619	17.0720760985
39	35	509.603174603	17.7223199622
40	35	512.142857143	15.18129294
41	35	517.349206349	22.7080565594
42	35	473.53968254	16.1312330361
43	35	469.857142857	15.4774358473
44	35	471.952380952	17.5421746416
45	35	469.111111111	19.9730859473
46	35	477.46031746	24.0553761914
47	35	474.634920635	17.1578124066
0	36	432.888888889	22.0526866312
1	36	441.492063492	18.2937867984
2	36	442.523809524	22.3676759001
3	36	436.19047619	12.5784612364
4	36	439.857142857	19.3848714886
5	36	448.619047619	20.1458401484
6	36	424.222222222	22.8323388344
7	36	439.142857143	25.2535442384
8	36	435.206349206	27.0878399065
9	36	438.698412698	17.7912364022
10	36	433.984126984	25.1847094348
11	36	437.936507937	10.1853817063
12	36	380.825396825	17.7706193071
13	36	395.46031746	17.9556998041
14	36	386.238095238	15.0783291206
15	36	390.936507937	18.6945990128
16	36	376.126984127	15.9139472257
17	36	378.206349206	15.9006426247
18	36	404.857142857	19.8589127908
19	36	403.380952381	15.9547261958
20	36	401.571428571	16.4738506459
21	36	388.73015873	17.5591574708
22	36	402.555555556	18.000685858
23	36	398.349206349	12.6027947646
24	36	357.444444444	9.39736163206
25	36	367.761904762	15.4865167015
26	36	366.333333333	3.90766442646
27	36	369.53968254	11.1195886027
28	36	385.968253968	20.2531347791
29	36	390.761904762	15.9659501636
30	36	403.206349206	14.1445583571
31	36	408.507936508	12.0434043279
32	36	407.634920635	15.9436523542
33	36	398.968253968	12.1498164516
34	36	411.063492063	18.4493067929
35	36	405.841269841	18.9913985118
36	36	-1	0
37	36	352.063492063	21.2138566694
38	36	338.015873016	27.41132431
39	36	340.650793651	33.4000089013
40	36	337.158730159	29.9232915329
41	36	338.142857143	22.3563187637
42	36	345.650793651	25.1346587564
43	36	333.698412698	25.2879511561
44	36	341.46031746	25.1053813221
45	36	341.873015873	27.0141009995
46	36	332.777777778	25.2287593794
47	36	347.031746032	28.8256765248
0	37	419.841269841	22.20839706
1	37	437.015873016	21.2964652134
2	37	444.793650794	17.4320984086
3	37	430.666666667	17.5598748956
4	37	444.984126984	21.2270358184
5	37	442.396825397	22.5223273224
6	37	431.412698413	24.9097640833
7	37	430.047619048	25.2218276413
8	37	429.793650794	26.1880614567
9	37	450.142857143	21.1876402597
10	37	433.777777778	26.4997421038
11	37	456.063492063	10.2830929444
12	37	384.0	16.7208642596
13	37	387.222222222	19.3697886546
14	37	388.777777778	18.5322065814
15	37	379.857142857	19.3455274704
16	37	380.634920635	16.3719675125
17	37	387.53968254	13.3818467381
18	37	402.634920635	19.8200648593
19	37	397.746031746	20.0118760406
20	37	405.476190476	13.7041960239
21	37	392.873015873	16.3808754766
22	37	405.761904762	17.8723110183
23	37	393.857142857	16.7775900637
24	37	365.095238095	10.9496891102
25	37	371.444444444	10.9192967065
26	37	367.19047619	5.46230122694
27	37	369.412698413	11.0935916302
28	37	379.73015873	19.7333062654
29	37	375.46031746	17.5452479858
30	37	403.095238095	14.0945945799
31	37	401.619047619	17.3071492443
32	37	409.158730159	18.0688334224
33	37	406.507936508	11.870829949
34	37	409.619047619	11.3772657906
35	37	411.238095238	14.9195879403
36	37	340.222222222	26.9964397679
37	37	-1	0
38	37	340.619047619	25.2570458951
39	37	347.555555556	29.046638894
40	37	336.746031746	31.5584457812
41	37	346.333333333	22.3890562836
42	37	339.825396825	26.7401010805
43	37	338.555555556	30.8039256299
44	37	334.80952381	24.6942298657
45	37	344.015873016	24.132894013
46	37	337.793650794	22.4380337042
47	37	349.428571429	24.3439078691
0	38	433.555555556	25.360748185
1	38	441.571428571	20.0805633622
2	38	453.111111111	21.765788731
3	38	417.714285714	15.684820861
4	38	442.857142857	21.3651972921
5	38	446.174603175	24.1972972927
6	38	430.19047619	25.4145672156
7	38	429.761904762	17.2771197314
8	38	436.619047619	25.0608330164
9	38	445.031746032	17.20646635
10	38	433.079365079	24.6887298929
11	38	451.079365079	10.9011453997
12	38	377.984126984	19.3747438803
13	38	373.952380952	14.4028530809
14	38	391.095238095	17.5460521365
15	38	373.793650794	16.9940780817
16	38	389.936507937	13.8161086289
17	38	387.53968254	14.6718880282
18	38	399.158730159	20.1496042335
19	38	399.380952381	16.7715069899
20	38	400.555555556	15.9411395281
21	38	390.857142857	17.744981086
22	38	405.444444444	15.6314475234
23	38	402.222222222	18.3937916065
24	38	362.571428571	11.1678596175
25	38	369.238095238	9.47295948747
26	38	368.0	4.50748935855
27	38	364.634920635	14.3552452526
28	38	391.984126984	18.4876553094
29	38	393.174603175	17.2364873991
30	38	410.492063492	20.0165590306
31	38	407.761904762	11.0406381885
32	38	409.507936508	20.7187308981
33	38	405.698412698	13.6610149994
34	38	402.047619048	19.1969149071
35	38	407.793650794	13.5355601384
36	38	339.53968254	24.0652719533
37	38	342.80952381	26.0468790702
38	38	-1	0
39	38	350.111111111	24.1129031592
40	38	358.253968254	17.7852875295
41	38	351.571428571	25.5428145307
42	38	343.206349206	27.682530581
43	38	336.619047619	22.5426780929
44	38	341.904761905	27.7721536257
45	38	342.952380952	25.7549061878
46	38	343.126984127	24.3222362586
47	38	358.936507937	23.1666653072
0	39	430.80952381	26.252653467
1	39	439.349206349	20.2124892478
2	39	444.095238095	19.8059749568
3	39	432.634920635	14.4335385307
4	39	443.253968254	24.8033332719
5	39	438.571428571	20.6679832804
6	39	438.365079365	24.2279528888
7	39	450.349206349	21.2028440217
8	39	427.396825397	24.9936751888
9	39	442.873015873	13.0694021232
10	39	439.047619048	23.499698459
11	39	452.158730159	11.6540153843
12	39	394.571428571	17.5975415723
13	39	387.19047619	24.6858722805
14	39	393.888888889	21.4032419374
15	39	391.380952381	24.3795572518
16	39	394.936507937	22.0330725551
17	39	381.714285714	11.4454240824
18	39	405.603174603	18.9624019664
19	39	402.920634921	16.9024292302
20	39	406.968253968	17.6527063027
21	39	396.333333333	15.7892871056
22	39	404.238095238	19.7738919467
23	39	400.904761905	16.0769126446
24	39	375.714285714	15.2777757163
25	39	374.428571429	18.4414253191
26	39	363.380952381	4.6545030984
27	39	363.936507937	14.7410161135
28	39	372.825396825	14.6217273452
29	39	384.936507937	18.7353100261
30	39	411.920634921	13.8796431811
31	39	410.047619048	14.5726734607
32	39	415.031746032	17.8298556947
33	39	400.523809524	14.98555616
34	39	409.968253968	14.0067650933
35	39	404.19047619	15.3466372335
36	39	346.80952381	21.8355012685
37	39	344.777777778	26.0423613664
38	39	351.603174603	19.6981504913
39	39	-1	0
40	39	340.952380952	24.1295633542
41	39	343.444444444	28.9486561235
42	39	344.968253968	27.4977449315
43	39	348.746031746	26.7148185821
44	39	346.793650794	24.8839584524
45	39	340.80952381	28.3184034294
46	39	339.746031746	24.3929265404
47	39	349.492063492	25.9449190768
0	40	428.142857143	23.0836004061
1	40	441.825396825	20.8155464509
2	40	445.73015873	18.9093126878
3	40	416.80952381	19.7619621342
4	40	432.650793651	16.510851391
5	40	448.095238095	24.6143036785
6	40	430.126984127	22.7480974704
7	40	441.634920635	23.310397971
8	40	427.111111111	29.6402295854
9	40	447.555555556	18.7487800897
10	40	435.492063492	26.1987961773
11	40	449.015873016	10.520564991
12	40	380.634920635	14.4214364114
13	40	382.761904762	16.8510885011
14	40	388.492063492	18.333656288
15	40	385.365079365	18.2863480931
16	40	373.174603175	15.7445275779
17	40	370.555555556	13.3342592271
18	40	400.349206349	19.936533212
19	40	403.047619048	15.6635544745
20	40	400.476190476	19.1749316696
21	40	395.206349206	14.5669322523
22	40	407.174603175	20.7345579814
23	40	397.047619048	18.9715146298
24	40	364.19047619	10.4863587017
25	40	370.365079365	13.3182075958
26	40	366.301587302	3.96266272766
27	40	364.063492063	8.52423811402
28	40	379.603174603	17.788474673
29	40	387.492063492	18.6996927365
30	40	404.365079365	12.9704200557
31	40	403.555555556	15.2583859616
32	40	411.555555556	18.9651123121
33	40	411.111111111	13.5214246351
34	40	411.253968254	12.0343005204
35	40	398.634920635	13.2141117296
36	40	342.047619048	26.2523943406
37	40	343.079365079	20.7833125881
38	40	342.396825397	22.5286693416
39	40	343.634920635	31.4159506486
40	40	-1	0
41	40	341.920634921	26.0062883649
42	40	336.079365079	27.40773937
43	40	335.396825397	28.1478746456
44	40	346.285714286	27.8553112951
45	40	330.222222222	26.4715747185
46	40	335.174603175	25.353713408
47	40	341.428571429	27.6753940829
0	41	417.111111111	23.8787353838
1	41	441.634920635	22.0045461301
2	41	447.507936508	21.6903701959
3	41	426.015873016	11.3172042982
4	41	433.73015873	20.5110936682
5	41	437.920634921	22.5721429575
6	41	428.0	22.6806679446
7	41	437.952380952	25.6684777168
8	41	430.952380952	28.6303360987
9	41	451.698412698	19.1490684598
10	41	433.650793651	26.7938388619
11	41	453.285714286	15.9795788047
12	41	374.777777778	14.3177594732
13	41	382.031746032	17.539043298
14	41	376.412698413	19.5753610282
15	41	388.46031746	20.576474004
16	41	391.857142857	16.0276122283
17	41	380.492063492	16.1174981475
18	41	403.920634921	17.2215273066
19	41	398.142857143	16.0908700751
20	41	398.698412698	18.9599702972
21	41	400.428571429	14.111477132
22	41	406.904761905	22.140757709
23	41	399.079365079	14.5299926122
24	41	364.46031746	10.3553151705
25	41	364.777777778	10.8048261475
26	41	361.079365079	11.7855192117
27	41	370.920634921	10.6089234487
28	41	380.26984127	23.5952687948
29	41	386.031746032	17.3333042619
30	41	412.698412698	13.1591418168
31	41	408.238095238	10.9496891102
32	41	414.126984127	18.5013873898
33	41	410.698412698	15.0445211465
34	41	410.365079365	14.9839083923
35	41	407.238095238	16.3626697532
36	41	338.682539683	26.9625403852
37	41	339.476190476	26.964325134
38	41	338.015873016	25.464255722
39	41	338.126984127	34.0874189255
40	41	342.365079365	24.6353092753
41	41	-1	0
42	41	343.492063492	23.5337468032
43	41	342.238095238	27.1115943602
44	41	342.555555556	25.5906591204
45	41	341.555555556	28.331247978
46	41	344.523809524	25.0287816183
47	41	337.904761905	24.883037051
0	42	563.46031746	25.8130183698
1	42	565.952380952	18.8943836212
2	42	570.206349206	25.7325429993
3	42	560.333333333	20.86996779
4	42	565.031746032	20.8623365764
5	42	557.952380952	19.927191737
6	42	464.507936508	26.6195256036
7	42	480.444444444	23.7043816041
8	42	467.428571429	26.4537417677
9	42	483.142857143	19.7780198207
10	42	466.53968254	30.078640524
11	42	479.333333333	9.17207632584
12	42	517.428571429	17.3623514296
13	42	507.682539683	18.6537586296
14	42	517.936507937	16.75204135
15	42	521.015873016	19.3968513756
16	42	515.984126984	17.0577842059
17	42	507.682539683	12.5480984417
18	42	443.047619048	20.643172953
19	42	430.698412698	16.2301257422
20	42	424.523809524	19.5016133992
21	42	421.952380952	14.7824741485
22	42	438.46031746	21.434155651
23	42	434.920634921	18.5389350795
24	42	457.682539683	30.7446345283
25	42	473.111111111	26.3246586743
26	42	481.523809524	19.001133753
27	42	472.079365079	27.597044693
28	42	468.047619048	18.491034783
29	42	458.19047619	24.0230426042
30	42	465.206349206	14.9413230435
31	42	467.714285714	10.7281391919
32	42	470.53968254	15.3755375664
33	42	464.841269841	11.9976272115
34	42	468.380952381	12.7881748098
35	42	476.365079365	14.5420043894
36	42	456.349206349	28.2208741442
37	42	465.126984127	22.6270606803
38	42	458.380952381	24.4692411851
39	42	461.841269841	25.0961366465
40	42	453.952380952	20.660850619
41	42	459.333333333	31.300895063
42	42	-1	0
43	42	372.761904762	22.8332216095
44	42	380.285714286	25.3936803608
45	42	380.650793651	25.3978868826
46	42	372.492063492	28.7180453285
47	42	374.571428571	27.4288194433
0	43	567.968253968	26.1181492903
1	43	564.0	26.1770528371
2	43	566.333333333	25.372776312
3	43	561.571428571	21.303337756
4	43	564.222222222	25.0266172238
5	43	563.412698413	23.8504832873
6	43	466.714285714	25.1758441617
7	43	466.380952381	21.3849291031
8	43	461.253968254	21.5965666392
9	43	466.349206349	21.6180103707
10	43	465.0	29.420865072
11	43	473.222222222	11.0947498587
12	43	516.761904762	14.6056243632
13	43	510.73015873	20.3494911205
14	43	517.079365079	15.0504986864
15	43	513.492063492	19.7394721917
16	43	507.412698413	19.8355420304
17	43	514.222222222	18.6865917845
18	43	438.301587302	17.3394082034
19	43	429.920634921	16.3185565687
20	43	428.476190476	17.6580006983
21	43	425.222222222	18.4661375586
22	43	434.682539683	21.8855793624
23	43	421.920634921	17.7704066351
24	43	461.968253968	30.5826843081
25	43	463.476190476	26.1520930862
26	43	481.111111111	11.4726882184
27	43	464.476190476	24.1607428818
28	43	458.53968254	27.5731784771
29	43	476.428571429	21.0756116375
30	43	464.873015873	14.1718389029
31	43	467.158730159	15.4972668857
32	43	464.412698413	10.5253057425
33	43	467.222222222	15.3068554456
34	43	463.682539683	15.8633303784
35	43	474.73015873	13.0496078506
36	43	461.666666667	26.9861810609
37	43	463.333333333	24.9666444148
38	43	476.0	21.4587089657
39	43	464.444444444	26.9118359385
40	43	468.936507937	19.4159752715
41	43	456.285714286	22.3595642484
42	43	370.126984127	26.8892449518
43	43	-1	0
44	43	377.031746032	27.5675034444
45	43	384.523809524	26.7824019116
46	43	386.079365079	22.1719840291
47	43	384.555555556	23.4133171831
0	44	561.333333333	25.0510589707
1	44	567.301587302	19.8131228924
2	44	563.158730159	18.6625899878
3	44	551.904761905	17.4444372229
4	44	557.333333333	24.5944889943
5	44	571.111111111	26.0926986753
6	44	467.126984127	20.5685011635
7	44	490.53968254	21.6529813167
8	44	475.412698413	21.6645676057
9	44	480.428571429	13.4750967081
10	44	467.936507937	22.3335984461
11	44	476.920634921	15.5546161038
12	44	519.222222222	20.2746572941
13	44	523.603174603	19.9853435841
14	44	516.936507937	22.2688286774
15	44	518.841269841	21.7578348225
16	44	518.936507937	19.5755540909
17	44	522.634920635	21.8939011493
18	44	442.301587302	17.127565196
19	44	432.634920635	20.1315527337
20	44	435.920634921	21.3454590445
21	44	436.19047619	19.4820692024
22	44	445.333333333	21.5281285174
23	44	435.238095238	18.3421747388
24	44	469.555555556	27.9397184302
25	44	464.476190476	25.9644794866
26	44	478.714285714	11.7154470969
27	44	468.126984127	29.4232885106
28	44	458.984126984	26.6693403799
29	44	472.857142857	19.2270123663
30	44	492.19047619	18.8796162381
31	44	463.571428571	13.129047265
32	44	495.412698413	17.4461847566
33	44	479.333333333	17.0396363327
34	44	485.079365079	17.0417802067
35	44	497.80952381	19.9871841024
36	44	462.285714286	22.772462186
37	44	471.222222222	25.106404953
38	44	471.523809524	25.7342074505
39	44	462.222222222	18.5613050688
40	44	466.158730159	21.4788240856
41	44	468.984126984	24.397171358
42	44	382.825396825	22.5025851654
43	44	384.380952381	22.5574600137
44	44	-1	0
45	44	390.19047619	21.5110581698
46	44	390.761904762	22.3164216607
47	44	390.682539683	26.1119843536
0	45	565.253968254	23.1742661424
1	45	556.158730159	24.0945270406
2	45	563.285714286	24.6237906456
3	45	562.968253968	11.0797516647
4	45	565.206349206	19.7959100555
5	45	570.777777778	23.0860670167
6	45	467.444444444	24.0011757502
7	45	485.650793651	23.8201986652
8	45	473.015873016	18.0295102571
9	45	478.777777778	17.2833018271
10	45	475.19047619	19.1980960885
11	45	484.714285714	15.1316220675
12	45	519.333333333	19.4495684858
13	45	521.396825397	23.5254267593
14	45	517.619047619	19.9319704674
15	45	521.825396825	18.2474522532
16	45	517.746031746	21.1892217689
17	45	514.333333333	21.9653406638
18	45	441.46031746	19.8980140964
19	45	437.412698413	20.512972992
20	45	437.412698413	21.6242331147
21	45	433.0	20.1360452289
22	45	430.952380952	19.1919531512
23	45	438.857142857	22.5049251349
24	45	470.873015873	28.9161305363
25	45	459.80952381	24.4571910695
26	45	485.095238095	19.1814347128
27	45	472.047619048	27.9355429126
28	45	450.380952381	23.5192785303
29	45	473.206349206	21.67081186
30	45	489.523809524	16.8879191749
31	45	484.571428571	17.7000711017
32	45	489.126984127	17.2152498504
33	45	486.555555556	18.5838108226
34	45	481.571428571	21.3197235499
35	45	483.428571429	19.2557674607
36	45	465.476190476	22.8923340207
37	45	470.714285714	21.7404812752
38	45	473.80952381	22.889560345
39	45	470.619047619	22.1928263624
40	45	472.793650794	20.6383513632
41	45	476.603174603	21.1281349191
42	45	386.317460317	21.1508755471
43	45	377.777777778	18.6048674673
44	45	383.888888889	17.3215263002
45	45	-1	0
46	45	387.761904762	20.5292778043
47	45	387.063492063	21.2512356435
0	46	562.80952381	18.1579115145
1	46	572.873015873	19.8186156385
2	46	564.619047619	27.3973863725
3	46	567.920634921	13.1575334053
4	46	558.761904762	23.6607734351
5	46	569.285714286	24.8936968955
6	46	482.285714286	19.2332620048
7	46	487.936507937	20.1674521814
8	46	474.619047619	18.3012087132
9	46	475.920634921	19.3762263
10	46	478.349206349	20.7946564642
11	46	487.111111111	9.34711756115
12	46	520.031746032	20.4527859351
13	46	514.53968254	18.5453758382
14	46	520.396825397	17.5847514053
15	46	518.571428571	18.4775404514
16	46	515.380952381	22.0759357395
17	46	514.634920635	18.6107168199
18	46	438.698412698	15.826073444
19	46	431.634920635	21.8140056854
20	46	441.380952381	21.5387642948
21	46	427.301587302	21.2226555499
22	46	433.825396825	18.35327027
23	46	436.587301587	17.7867749342
24	46	462.555555556	22.0948731953
25	46	462.111111111	17.9656737168
26	46	484.063492063	15.1320882809
27	46	471.650793651	19.7107324968
28	46	451.634920635	27.6642578339
29	46	467.047619048	23.5523251111
30	46	487.142857143	17.660697233
31	46	485.412698413	13.7525004025
32	46	489.619047619	19.2217044744
33	46	491.619047619	15.8459133697
34	46	489.333333333	19.1211675276
35	46	497.047619048	20.1308643799
36	46	469.53968254	19.7804018744
37	46	468.349206349	20.3837460381
38	46	476.26984127	20.5806245368
39	46	468.968253968	20.9610131328
40	46	471.904761905	19.3978515303
41	46	471.888888889	19.0414011015
42	46	388.650793651	22.1776082771
43	46	381.174603175	19.01339518
44	46	384.571428571	18.8197079121
45	46	379.523809524	20.5232018472
46	46	-1	0
47	46	370.904761905	23.1137382948
0	47	566.984126984	21.5660609788
1	47	563.841269841	25.2040601096
2	47	562.476190476	23.2821596274
3	47	565.095238095	13.7329568669
4	47	571.857142857	21.5957499808
5	47	565.571428571	27.8617415822
6	47	470.126984127	28.6724756371
7	47	473.523809524	24.1489144275
8	47	473.063492063	24.4169294742
9	47	473.253968254	16.0396020356
10	47	474.984126984	29.0808899579
11	47	483.222222222	6.11904247215
12	47	514.238095238	19.3478716156
13	47	511.079365079	18.3123703417
14	47	518.619047619	15.4605782058
15	47	506.857142857	22.8430512117
16	47	509.619047619	18.2038096235
17	47	502.698412698	22.7237620688
18	47	439.285714286	18.7899234828
19	47	430.587301587	16.5286042782
20	47	431.047619048	19.0224834152
21	47	419.412698413	18.0850152131
22	47	430.047619048	18.3989549146
23	47	426.571428571	17.722476345
24	47	464.428571429	23.5073202281
25	47	466.142857143	25.0325864722
26	47	472.476190476	10.5226243677
27	47	466.047619048	25.9691077595
28	47	455.873015873	26.2530373532
29	47	464.428571429	24.5484388575
30	47	471.968253968	11.9973122042
31	47	464.476190476	11.4529501888
32	47	472.603174603	13.1106883363
33	47	469.841269841	12.6028547399
34	47	462.619047619	17.3209008265
35	47	461.603174603	14.4458921305
36	47	458.317460317	24.7801926769
37	47	458.253968254	25.7311917774
38	47	458.301587302	24.3510274355
39	47	459.761904762	30.2532770287
40	47	452.126984127	25.2872337849
41	47	468.53968254	27.4514436529
42	47	374.746031746	23.4608544304
43	47	381.238095238	31.0093249087
44	47	372.428571429	26.925360846
45	47	370.666666667	25.0972710842
46	47	375.968253968	25.5479432614
47	47	-1	0
