# src_core	dest_core	cost	stderr
0	0	-1	0
1	0	274.920634921	22.0628982448
2	0	249.714285714	6.89243563149
3	0	262.761904762	11.6233403467
4	0	250.301587302	7.80239059954
5	0	251.857142857	9.57652079656
6	0	21.0	9.0
7	0	283.619047619	5.45814833253
8	0	286.698412698	5.98048392328
9	0	294.666666667	10.3371728658
10	0	283.380952381	6.66530598359
11	0	275.492063492	60.8022746588
12	0	286.492063492	7.40628865323
13	0	285.428571429	6.64929710025
14	0	290.396825397	9.58593493886
15	0	289.031746032	8.31706651194
16	0	287.507936508	8.28245998246
17	0	296.777777778	12.2958819335
18	0	306.476190476	16.6903233469
19	0	311.285714286	16.8893961017
20	0	300.793650794	9.46699987703
21	0	282.26984127	8.43501084239
22	0	301.523809524	17.9513072813
23	0	305.365079365	13.8853600959
24	0	250.571428571	9.39556512355
25	0	250.682539683	6.42619983689
26	0	259.603174603	10.3946562623
27	0	259.968253968	10.5363592007
28	0	247.793650794	32.0922077919
29	0	261.476190476	11.6317261038
30	0	329.984126984	6.87413385826
31	0	336.888888889	12.2954516188
32	0	337.238095238	9.90384611151
33	0	339.444444444	11.650707149
34	0	336.746031746	13.7736443218
35	0	330.80952381	7.59251331928
36	0	299.80952381	13.6763695439
37	0	305.158730159	11.5980380788
38	0	303.634920635	12.5613435578
39	0	294.079365079	9.41512054277
40	0	284.603174603	52.1832971156
41	0	299.396825397	14.1292668033
42	0	347.46031746	14.6783777885
43	0	344.603174603	14.7309626217
44	0	333.301587302	10.1553565827
45	0	343.873015873	14.3631937726
46	0	333.333333333	11.334733807
47	0	338.984126984	11.1902622967
0	1	256.301587302	8.49581581541
1	1	-1	0
2	1	250.253968254	7.96214905577
3	1	267.349206349	13.2103359367
4	1	248.936507937	7.32005944957
5	1	253.523809524	10.0646436675
6	1	-1	0
7	1	284.317460317	6.38904170181
8	1	285.888888889	7.92045996562
9	1	292.650793651	7.26845484804
10	1	282.793650794	4.40475475475
11	1	291.158730159	10.0256913615
12	1	285.650793651	8.02804356597
13	1	285.555555556	8.71192901894
14	1	288.80952381	8.59837035659
15	1	288.428571429	9.39218568425
16	1	288.984126984	8.78940932608
17	1	294.746031746	9.85122384463
18	1	300.349206349	11.1271992371
19	1	307.46031746	13.156958925
20	1	300.841269841	8.30415147507
21	1	279.507936508	5.90365239619
22	1	296.603174603	12.7148702876
23	1	300.936507937	9.98709169398
24	1	254.46031746	7.21731911012
25	1	248.206349206	4.8962529572
26	1	257.777777778	8.7911290866
27	1	255.206349206	8.3307781419
28	1	248.666666667	6.11010092661
29	1	259.761904762	12.3258848624
30	1	329.714285714	6.36565330112
31	1	336.380952381	8.71857817779
32	1	333.015873016	8.45809852077
33	1	335.777777778	11.0646648282
34	1	335.507936508	10.4591010204
35	1	329.920634921	7.67660140431
36	1	297.19047619	12.8962368608
37	1	304.984126984	13.5101279628
38	1	302.476190476	12.6689936996
39	1	291.714285714	7.6892598183
40	1	294.761904762	11.8518825585
41	1	298.952380952	12.1739098745
42	1	340.492063492	12.507614209
43	1	340.634920635	11.6446071547
44	1	333.523809524	9.49829916747
45	1	339.888888889	12.1526156452
46	1	332.825396825	9.46260758474
47	1	339.222222222	11.3703100493
0	2	262.0	12.014541454
1	2	273.222222222	17.8231563702
2	2	-1	0
3	2	279.841269841	21.5496520424
4	2	251.396825397	6.64888027938
5	2	250.857142857	7.55478854317
6	2	32.5	7.5
7	2	283.476190476	5.94647325881
8	2	286.920634921	8.35958073548
9	2	333.714285714	45.1035593469
10	2	280.793650794	6.50557448425
11	2	286.936507937	9.1058554611
12	2	287.031746032	10.1386706714
13	2	287.126984127	8.298961617
14	2	286.746031746	9.33157849824
15	2	287.365079365	8.56960592026
16	2	286.571428571	7.92166866684
17	2	295.253968254	10.2924972735
18	2	298.793650794	36.9972794925
19	2	308.26984127	13.0981718695
20	2	300.26984127	8.18284374291
21	2	277.952380952	5.09724037205
22	2	297.596774194	11.5290092424
23	2	305.0	10.2492740742
24	2	253.047619048	9.18492306943
25	2	246.587301587	5.4237423987
26	2	254.888888889	9.56865104873
27	2	259.301587302	8.84188251275
28	2	248.634920635	5.88326004892
29	2	258.873015873	32.3328385154
30	2	330.634920635	7.09415495443
31	2	336.682539683	9.94081756535
32	2	337.365079365	10.8602984368
33	2	340.523809524	12.657712553
34	2	332.333333333	41.0566778204
35	2	329.063492063	7.30051751997
36	2	301.365079365	12.5815455523
37	2	294.0	53.6585323619
38	2	307.571428571	13.9417316746
39	2	289.888888889	11.4255507472
40	2	298.603174603	11.2342159927
41	2	291.492063492	38.2962027277
42	2	340.079365079	12.8091009155
43	2	337.936507937	12.5126894523
44	2	336.26984127	11.6062467433
45	2	403.873015873	11.5778826689
46	2	333.682539683	9.52661334389
47	2	337.555555556	11.7010076595
0	3	249.698412698	45.8031103542
1	3	266.920634921	18.194104738
2	3	250.571428571	7.69603956222
3	3	-1	0
4	3	247.507936508	31.7049257682
5	3	249.603174603	7.6335510107
6	3	10.5	0.5
7	3	282.428571429	6.0493061014
8	3	287.920634921	8.3119756544
9	3	312.619047619	22.9412144345
10	3	283.841269841	6.71696820594
11	3	287.555555556	8.49608271598
12	3	284.380952381	10.2095948825
13	3	284.492063492	6.32172624574
14	3	285.920634921	8.80890888745
15	3	288.968253968	9.59822776957
16	3	288.507936508	9.76042058662
17	3	292.476190476	9.74574737189
18	3	300.761904762	12.4539969815
19	3	295.015873016	66.1716124009
20	3	297.698412698	8.68612270459
21	3	278.492063492	6.548653117
22	3	296.428571429	13.9633469014
23	3	304.317460317	12.009024909
24	3	252.19047619	9.49161224176
25	3	247.761904762	5.83833604724
26	3	252.746031746	32.7762826824
27	3	253.428571429	8.99685004085
28	3	247.587301587	6.46758687767
29	3	252.968253968	47.8741631794
30	3	330.063492063	7.44689775801
31	3	335.523809524	10.2226905148
32	3	333.349206349	7.22903916898
33	3	339.984126984	12.439685679
34	3	337.253968254	9.87054018877
35	3	328.619047619	6.56452363249
36	3	299.904761905	12.0774146893
37	3	283.936507937	74.0882941755
38	3	305.206349206	41.2153303002
39	3	288.619047619	8.26241936095
40	3	290.428571429	37.9396824069
41	3	295.619047619	9.76457570893
42	3	341.746031746	12.3788968583
43	3	340.936507937	11.3778858413
44	3	333.349206349	10.9125800859
45	3	405.095238095	13.0161246588
46	3	333.222222222	7.80403730362
47	3	336.825396825	10.1348678076
0	4	250.46031746	32.4178205924
1	4	269.396825397	38.6360879426
2	4	250.365079365	8.17526580763
3	4	271.365079365	14.5779803371
4	4	-1	0
5	4	251.158730159	8.65238080678
6	4	15.0	12.0
7	4	281.015873016	6.08013174328
8	4	345.825396825	5.37643205741
9	4	293.476190476	9.42784990024
10	4	280.984126984	5.13775957439
11	4	288.285714286	6.91313121675
12	4	285.777777778	7.8890006699
13	4	286.174603175	7.72039081694
14	4	293.111111111	10.7572214373
15	4	289.650793651	9.36585953167
16	4	286.698412698	8.25512812363
17	4	295.412698413	11.9385130028
18	4	303.285714286	10.8385387808
19	4	310.53968254	13.0770918043
20	4	298.936507937	9.18050559847
21	4	277.063492063	6.51950191854
22	4	297.063492063	13.2411971548
23	4	304.317460317	12.9453373316
24	4	251.031746032	9.13908101032
25	4	248.0	5.78723280092
26	4	254.301587302	7.79832078106
27	4	254.412698413	6.92278254139
28	4	248.793650794	5.13363861232
29	4	262.587301587	10.6139095929
30	4	329.523809524	7.5631880883
31	4	339.904761905	10.660287208
32	4	336.253968254	9.83832521231
33	4	340.206349206	11.0038358826
34	4	335.333333333	9.64940988409
35	4	330.444444444	7.31334457128
36	4	302.317460317	12.7625759912
37	4	306.904761905	13.7040305573
38	4	304.126984127	13.6352624825
39	4	290.53968254	8.37953932292
40	4	297.126984127	10.8327722397
41	4	298.015873016	10.2902204513
42	4	335.666666667	12.7491051662
43	4	337.301587302	11.2414128365
44	4	333.714285714	12.5336734648
45	4	341.079365079	12.3870152026
46	4	334.904761905	10.2209158191
47	4	338.777777778	11.712758536
0	5	261.984126984	12.6497281023
1	5	270.317460317	18.3197572217
2	5	252.571428571	8.02518710797
3	5	259.380952381	59.5124179576
4	5	253.047619048	8.75672724874
5	5	-1	0
6	5	5.25	6.86931583202
7	5	282.158730159	6.82945615722
8	5	287.492063492	7.51057036253
9	5	295.793650794	10.033529076
10	5	282.238095238	5.51394850519
11	5	287.126984127	7.1569525826
12	5	287.063492063	9.01299417485
13	5	284.634920635	6.74784289413
14	5	288.333333333	10.1152093561
15	5	290.047619048	10.7355344851
16	5	285.063492063	7.24376692295
17	5	293.26984127	10.8616207233
18	5	301.46031746	13.0904368303
19	5	311.714285714	15.1274255003
20	5	297.365079365	6.85287933298
21	5	276.380952381	5.31971049286
22	5	298.841269841	11.3139980011
23	5	305.0	11.9496297346
24	5	252.444444444	7.13982298873
25	5	246.507936508	5.5287790089
26	5	252.53968254	8.86373993377
27	5	255.587301587	8.0111725964
28	5	247.841269841	6.40982962705
29	5	263.253968254	12.6088508268
30	5	329.984126984	8.16008882517
31	5	335.73015873	9.27397168253
32	5	335.523809524	10.8098384683
33	5	339.253968254	11.5125442335
34	5	337.80952381	10.9295828975
35	5	331.206349206	8.78880733039
36	5	300.920634921	13.4651833074
37	5	302.285714286	12.3435331972
38	5	305.714285714	13.6596132454
39	5	290.587301587	9.9692143911
40	5	296.238095238	9.32433969017
41	5	298.047619048	12.0822952873
42	5	338.333333333	11.1312515875
43	5	342.650793651	11.610283797
44	5	331.349206349	8.3307781419
45	5	338.174603175	12.2843812082
46	5	332.365079365	11.1002668169
47	5	334.238095238	11.8331177522
0	6	282.603174603	5.33791375494
1	6	285.222222222	6.7104383138
2	6	278.317460317	35.1363897635
3	6	287.365079365	6.20113043279
4	6	282.825396825	5.74190854433
5	6	283.444444444	5.77838824614
6	6	-1	0
7	6	236.666666667	2.63673679998
8	6	237.555555556	3.14606217851
9	6	280.761904762	27.0588507867
10	6	237.238095238	1.752225666
11	6	239.063492063	3.85808989615
12	6	244.936507937	3.27022651452
13	6	248.603174603	5.30510291192
14	6	247.285714286	5.25667699799
15	6	246.825396825	7.68948918265
16	6	245.682539683	4.44659811765
17	6	250.746031746	7.0462604153
18	6	321.555555556	4.81326796479
19	6	325.206349206	6.62644708403
20	6	322.301587302	5.4935313205
21	6	307.634920635	3.90888928852
22	6	314.095238095	6.96411273696
23	6	324.682539683	7.14659514184
24	6	281.571428571	5.88976590398
25	6	281.158730159	4.62294604484
26	6	280.904761905	5.26960221298
27	6	280.079365079	6.75959420991
28	6	279.698412698	4.3411465117
29	6	285.015873016	8.22402995388
30	6	282.19047619	5.70395892274
31	6	283.698412698	5.7476977327
32	6	287.349206349	8.32315326799
33	6	287.206349206	6.83863610777
34	6	281.428571429	8.57777542796
35	6	282.047619048	5.77193145695
36	6	327.936507937	7.8777827351
37	6	327.412698413	8.89022098862
38	6	329.619047619	9.17454825051
39	6	322.079365079	7.84027369805
40	6	327.380952381	8.37499788473
41	6	323.079365079	7.51992398497
42	6	253.857142857	5.25495123399
43	6	253.238095238	6.94356910583
44	6	255.047619048	8.47672550478
45	6	255.587301587	7.14172830586
46	6	254.063492063	7.84952332164
47	6	256.777777778	6.64148683976
0	7	285.031746032	6.1643322582
1	7	286.253968254	6.03421002304
2	7	282.571428571	4.75666378254
3	7	287.142857143	7.06850187953
4	7	282.968253968	6.00256097189
5	7	285.238095238	6.76525738483
6	7	-1	0
7	7	-1	0
8	7	237.904761905	3.81190401832
9	7	299.174603175	13.2671448616
10	7	236.349206349	2.81243683617
11	7	238.142857143	3.31354671564
12	7	244.349206349	4.96066665438
13	7	247.698412698	5.99903410383
14	7	248.53968254	6.69001956679
15	7	249.063492063	6.56559821105
16	7	246.365079365	5.31933158261
17	7	251.079365079	8.01843429142
18	7	323.238095238	6.05455170693
19	7	325.936507937	6.25863978293
20	7	322.746031746	5.85531437885
21	7	305.619047619	4.0724727149
22	7	314.0	6.91903287122
23	7	327.063492063	7.737505065
24	7	281.73015873	6.35261813095
25	7	278.650793651	4.94143071037
26	7	280.761904762	5.51970290699
27	7	281.238095238	6.70634451019
28	7	279.888888889	5.3247285082
29	7	286.841269841	8.83572537101
30	7	281.825396825	6.37838533217
31	7	284.873015873	8.01088953999
32	7	283.904761905	7.39951582653
33	7	283.857142857	6.59931969283
34	7	284.476190476	9.64917488512
35	7	281.698412698	5.34116960212
36	7	327.285714286	8.42036188837
37	7	329.015873016	10.3210250252
38	7	328.047619048	9.43386095013
39	7	322.873015873	8.48994188006
40	7	328.111111111	7.08477265177
41	7	324.285714286	5.9453291562
42	7	253.714285714	4.738992497
43	7	253.333333333	7.4087035903
44	7	253.666666667	8.15913160645
45	7	254.015873016	5.3496537894
46	7	252.984126984	7.54981774928
47	7	255.523809524	6.64247310718
0	8	283.507936508	5.56597662068
1	8	285.19047619	6.02602067455
2	8	281.365079365	5.65770043393
3	8	289.333333333	6.19779786801
4	8	284.206349206	6.51045247534
5	8	283.238095238	6.60859057498
6	8	-1	0
7	8	237.158730159	2.85193528949
8	8	-1	0
9	8	295.095238095	38.8577847753
10	8	236.904761905	2.55550626
11	8	231.111111111	40.2398014729
12	8	243.253968254	6.07092538635
13	8	248.952380952	6.34817451933
14	8	240.73015873	43.3334089191
15	8	244.523809524	31.3702200016
16	8	239.666666667	43.0842659013
17	8	245.412698413	31.2880295182
18	8	322.857142857	7.14666565134
19	8	299.73015873	84.8842734793
20	8	292.650793651	93.2695630324
21	8	306.333333333	4.04733892588
22	8	314.080645161	6.26896705773
23	8	310.920634921	68.7360494561
24	8	268.365079365	58.4083331702
25	8	280.349206349	3.73383810431
26	8	278.857142857	35.4682317695
27	8	276.555555556	35.5303482074
28	8	274.015873016	34.9841197822
29	8	285.015873016	5.75833988282
30	8	283.46031746	5.13569950669
31	8	271.857142857	60.3294808407
32	8	260.952380952	75.7094338068
33	8	284.253968254	10.0332277387
34	8	284.904761905	10.4421524961
35	8	283.222222222	5.76922443811
36	8	327.682539683	9.25447192944
37	8	328.174603175	7.58766685712
38	8	327.253968254	11.3388897499
39	8	315.984126984	40.8712620983
40	8	312.285714286	69.3103049145
41	8	324.698412698	5.76974847636
42	8	253.968253968	5.30039906844
43	8	244.476190476	43.7782497068
44	8	253.650793651	6.9262755519
45	8	247.666666667	44.5143101657
46	8	249.80952381	31.8183620456
47	8	239.142857143	60.5186202863
0	9	280.857142857	35.63075947
1	9	273.555555556	60.1067246001
2	9	274.523809524	49.2647068181
3	9	265.126984127	76.3408172799
4	9	284.698412698	5.55387729753
5	9	281.380952381	5.8321184352
6	9	-1	0
7	9	236.365079365	3.040998099
8	9	227.158730159	49.4054191325
9	9	-1	0
10	9	236.920634921	2.54047606651
11	9	238.349206349	4.41555234877
12	9	244.746031746	4.88589890015
13	9	249.317460317	6.10444905884
14	9	248.428571429	5.56552393664
15	9	248.714285714	5.10657394989
16	9	245.984126984	3.70967017527
17	9	249.365079365	5.1216985876
18	9	322.142857143	5.36258982344
19	9	324.666666667	4.91838146045
20	9	325.095238095	7.24122739248
21	9	306.079365079	4.46254816274
22	9	314.047619048	7.93110927494
23	9	326.111111111	5.4920176161
24	9	281.063492063	5.89288787336
25	9	280.492063492	6.23831737558
26	9	281.904761905	6.52154983458
27	9	283.047619048	5.77742890975
28	9	280.253968254	3.74999790039
29	9	282.888888889	7.16940393155
30	9	283.111111111	5.90160352466
31	9	283.857142857	5.23376444344
32	9	282.920634921	8.13243864576
33	9	282.158730159	8.68533949809
34	9	282.777777778	10.9362429991
35	9	281.714285714	6.01434415385
36	9	326.253968254	7.69450072427
37	9	329.714285714	8.23740707283
38	9	328.111111111	8.03585439815
39	9	323.444444444	6.9391408319
40	9	326.095238095	9.06364495465
41	9	321.555555556	5.15714261287
42	9	255.412698413	6.14283663505
43	9	253.253968254	4.96964836662
44	9	253.253968254	5.02996814016
45	9	255.936507937	6.83332872444
46	9	252.0	6.2741596541
47	9	255.253968254	5.94410005996
0	10	284.523809524	5.75107206806
1	10	285.73015873	5.29212157537
2	10	283.984126984	6.09577543928
3	10	287.301587302	5.63896568427
4	10	283.746031746	5.54625071119
5	10	283.19047619	5.72617810116
6	10	-1	0
7	10	237.285714286	3.52959627813
8	10	238.349206349	3.17309487979
9	10	299.841269841	11.5911930843
10	10	-1	0
11	10	239.73015873	3.4969662553
12	10	245.952380952	5.93464022907
13	10	249.174603175	5.85415246069
14	10	248.825396825	5.78048079106
15	10	248.698412698	5.97782919837
16	10	248.047619048	3.78144413259
17	10	250.142857143	7.10657451664
18	10	322.857142857	6.93474606225
19	10	310.53968254	67.9885203655
20	10	324.031746032	5.72648609386
21	10	307.888888889	4.1484788228
22	10	313.080645161	7.47964633263
23	10	319.666666667	40.7625723132
24	10	282.111111111	5.8121687101
25	10	277.222222222	35.4438722151
26	10	272.111111111	49.5388611641
27	10	283.111111111	6.12077158512
28	10	271.587301587	48.9092567343
29	10	275.507936508	48.9952615188
30	10	281.793650794	5.42820011726
31	10	274.19047619	49.2936961561
32	10	285.174603175	6.68696833232
33	10	287.174603175	8.26263281485
34	10	281.587301587	9.00905174552
35	10	281.476190476	5.08298482133
36	10	328.476190476	6.76793828741
37	10	317.619047619	57.616804364
38	10	307.158730159	77.6099744754
39	10	321.841269841	6.55188413276
40	10	322.222222222	41.3227499678
41	10	322.80952381	5.71507930997
42	10	254.222222222	4.73234209757
43	10	253.53968254	4.97557652981
44	10	253.666666667	6.69517713174
45	10	255.317460317	7.72714324679
46	10	254.555555556	7.43175891458
47	10	254.063492063	6.78437283687
0	11	278.53968254	35.040486967
1	11	286.825396825	6.85574647746
2	11	277.73015873	35.0229885271
3	11	281.0	50.2444816523
4	11	272.571428571	48.7444630265
5	11	283.492063492	6.68301095499
6	11	-1	0
7	11	238.031746032	3.41782560585
8	11	238.619047619	3.87269059264
9	11	279.174603175	42.3164719636
10	11	236.587301587	3.10470672201
11	11	-1	0
12	11	245.603174603	6.22728171363
13	11	248.476190476	4.4359896906
14	11	248.920634921	4.8804813297
15	11	248.952380952	4.64426108199
16	11	247.142857143	5.827839979
17	11	249.682539683	6.46068795006
18	11	322.841269841	4.31757702923
19	11	310.73015873	68.4611363161
20	11	324.936507937	5.04542230326
21	11	307.126984127	4.49511927024
22	11	312.80952381	6.40648764146
23	11	326.174603175	6.12447518332
24	11	281.841269841	6.17780551063
25	11	280.53968254	5.68156416208
26	11	282.698412698	5.84083849339
27	11	279.015873016	33.828461795
28	11	280.0	4.472135955
29	11	282.180327869	9.57200185774
30	11	282.793650794	5.29797424646
31	11	284.841269841	6.89652857052
32	11	283.825396825	6.95230847248
33	11	284.571428571	7.63183450811
34	11	281.793650794	10.8352140934
35	11	281.317460317	5.90352436255
36	11	329.507936508	8.11205846671
37	11	311.650793651	69.4717388538
38	11	315.111111111	57.6238792849
39	11	323.476190476	8.01953397462
40	11	325.126984127	7.11914936842
41	11	323.634920635	8.02437079035
42	11	255.841269841	4.85735034311
43	11	253.53968254	3.9714273026
44	11	252.936507937	6.74448161462
45	11	253.158730159	6.50325034534
46	11	254.507936508	5.56882768397
47	11	255.095238095	6.71344135184
0	12	257.015873016	47.3884628862
1	12	279.015873016	23.4348079625
2	12	252.428571429	7.28275694726
3	12	273.174603175	19.9996346653
4	12	253.984126984	9.69452809741
5	12	253.015873016	8.02474756265
6	12	8.66666666667	4.64279609239
7	12	284.746031746	6.52703353696
8	12	287.603174603	8.59593791579
9	12	352.476190476	15.5112423569
10	12	284.047619048	6.42521958473
11	12	292.26984127	10.0288573297
12	12	-1	0
13	12	284.142857143	6.02865417832
14	12	285.507936508	8.16082982062
15	12	286.428571429	7.02312345318
16	12	286.571428571	7.679521905
17	12	294.904761905	11.2823985485
18	12	302.396825397	10.6763939018
19	12	308.777777778	13.2801850777
20	12	297.428571429	8.10979084089
21	12	277.523809524	5.9624676442
22	12	295.888888889	11.3446877452
23	12	301.111111111	10.3940017976
24	12	253.968253968	9.60318772136
25	12	248.031746032	8.92467287021
26	12	255.841269841	11.084389637
27	12	253.888888889	10.7395000196
28	12	247.412698413	6.45284463083
29	12	262.793650794	11.614384527
30	12	330.301587302	5.689407927
31	12	336.095238095	9.84597941586
32	12	335.825396825	10.1348678076
33	12	338.746031746	12.1040046554
34	12	339.857142857	12.2860834201
35	12	328.936507937	7.07078275426
36	12	300.111111111	11.6279781795
37	12	302.714285714	12.7409209149
38	12	305.222222222	12.5108771018
39	12	291.253968254	8.65561246303
40	12	298.793650794	10.9807316525
41	12	298.873015873	11.1590123923
42	12	339.952380952	10.962314336
43	12	337.952380952	9.78730725072
44	12	334.476190476	7.28524741735
45	12	337.26984127	13.3490459194
46	12	335.079365079	8.80890888745
47	12	338.603174603	8.88826528425
0	13	264.206349206	11.2661295028
1	13	266.26984127	36.3366998655
2	13	253.428571429	7.6650397564
3	13	270.571428571	13.6425039429
4	13	251.73015873	8.05182883535
5	13	251.53968254	9.76522075568
6	13	11.3333333333	7.4087035903
7	13	283.031746032	5.72648609386
8	13	286.73015873	7.5133877321
9	13	353.253968254	13.9420208209
10	13	284.174603175	6.47471193829
11	13	291.063492063	8.72666596797
12	13	283.587301587	5.6192269723
13	13	-1	0
14	13	276.46031746	61.6829644864
15	13	284.920634921	36.8636705866
16	13	264.920634921	77.1505025932
17	13	284.53968254	52.0832134541
18	13	296.349206349	38.715141507
19	13	299.873015873	54.043924541
20	13	299.80952381	9.05863990432
21	13	279.317460317	6.3840709429
22	13	297.306451613	14.0098913326
23	13	306.126984127	13.2742644713
24	13	248.873015873	32.9744932996
25	13	248.888888889	5.63185698071
26	13	242.80952381	54.5340601718
27	13	243.206349206	54.644350477
28	13	250.079365079	5.95832507439
29	13	263.444444444	15.9799256785
30	13	330.492063492	6.70435304189
31	13	329.444444444	42.4001264515
32	13	319.634920635	57.6456888866
33	13	336.80952381	12.1418300219
34	13	328.158730159	41.0103379724
35	13	329.285714286	6.05904432568
36	13	300.904761905	13.6982379654
37	13	303.936507937	12.608730933
38	13	304.222222222	12.6471584668
39	13	291.841269841	8.43312883096
40	13	299.952380952	9.90178526701
41	13	285.142857143	52.5513678081
42	13	340.619047619	9.32044785937
43	13	340.365079365	9.96071902055
44	13	334.126984127	9.84562115785
45	13	335.317460317	44.0965122606
46	13	334.444444444	9.82833251012
47	13	328.253968254	41.8928975508
0	14	262.174603175	12.1597040515
1	14	251.968253968	65.1350168555
2	14	243.873015873	43.9998167613
3	14	281.936507937	57.7569821288
4	14	253.476190476	9.94725317889
5	14	246.761904762	32.0717025477
6	14	18.0	14.8593404968
7	14	283.587301587	6.00167944917
8	14	283.126984127	36.2638006849
9	14	347.777777778	44.088455259
10	14	285.365079365	6.317779365
11	14	287.936507937	37.4648504118
12	14	283.888888889	6.88940090263
13	14	283.238095238	6.22007575546
14	14	-1	0
15	14	291.761904762	9.72105273173
16	14	287.968253968	7.91616440305
17	14	294.285714286	10.8663286121
18	14	302.492063492	12.1966336962
19	14	304.936507937	14.2560185184
20	14	296.603174603	8.29522655343
21	14	277.285714286	6.53544322449
22	14	297.80952381	15.2449389394
23	14	305.396825397	12.8391015887
24	14	252.53968254	9.11622554313
25	14	246.920634921	5.62393294938
26	14	253.952380952	9.74504932746
27	14	259.0	11.9748413516
28	14	248.587301587	7.26949468918
29	14	262.111111111	13.959250345
30	14	329.063492063	6.57284702121
31	14	334.53968254	11.0350457552
32	14	336.317460317	9.92003807728
33	14	336.73015873	9.48048346032
34	14	336.936507937	10.5542784763
35	14	329.349206349	7.70520073832
36	14	301.063492063	11.2219640302
37	14	306.761904762	14.2168179925
38	14	304.317460317	12.1574660539
39	14	291.0	8.91939210684
40	14	297.841269841	11.5238969781
41	14	297.571428571	9.70307476339
42	14	334.73015873	7.69292882738
43	14	339.380952381	12.4536328243
44	14	331.634920635	7.78541898701
45	14	339.095238095	11.3874259334
46	14	333.222222222	12.0375661259
47	14	338.126984127	9.26247260946
0	15	262.777777778	9.75158830277
1	15	265.26984127	14.1659174583
2	15	252.095238095	9.08463605462
3	15	267.317460317	13.6670445904
4	15	254.746031746	11.5166797656
5	15	255.825396825	10.1191938987
6	15	-1	0
7	15	283.793650794	7.02412787369
8	15	286.015873016	8.57181069107
9	15	336.396825397	22.6516334479
10	15	283.317460317	5.90889938675
11	15	291.444444444	9.62928367307
12	15	282.603174603	7.37335331638
13	15	283.619047619	6.05904432568
14	15	288.333333333	7.05308668216
15	15	-1	0
16	15	284.761904762	6.98232299934
17	15	291.80952381	9.00062985954
18	15	301.571428571	11.22456813
19	15	309.206349206	12.4060388907
20	15	299.26984127	8.52485879268
21	15	279.80952381	7.26342685063
22	15	295.634920635	11.4618782739
23	15	306.365079365	10.0936906072
24	15	249.571428571	6.99368033483
25	15	247.047619048	5.21727463802
26	15	255.158730159	10.764737184
27	15	258.258064516	11.9054548136
28	15	247.507936508	7.18214942376
29	15	265.031746032	13.3416262948
30	15	329.111111111	6.19295839531
31	15	335.555555556	9.2543902542
32	15	333.253968254	9.03602710489
33	15	341.238095238	11.1008569463
34	15	333.904761905	11.6260712573
35	15	328.015873016	7.01809919432
36	15	301.952380952	13.1890148752
37	15	310.158730159	12.9776442077
38	15	304.968253968	10.8276076502
39	15	293.317460317	10.0503895476
40	15	295.888888889	9.92689326409
41	15	297.634920635	11.3952114522
42	15	338.571428571	10.3781123245
43	15	338.888888889	10.0192055432
44	15	332.158730159	7.353233495
45	15	337.26984127	12.3239428204
46	15	332.253968254	7.99596774168
47	15	334.476190476	8.29774714665
0	16	261.015873016	10.7193521237
1	16	273.666666667	18.748121599
2	16	253.333333333	8.37608083526
3	16	268.095238095	16.5574653816
4	16	252.603174603	8.89362118928
5	16	251.222222222	8.44862052128
6	16	8.0	6.0
7	16	283.174603175	5.95362949868
8	16	287.682539683	7.20411125309
9	16	354.174603175	17.5223573127
10	16	284.301587302	6.21987322036
11	16	288.46031746	7.96784290346
12	16	283.80952381	6.99854212224
13	16	283.873015873	6.51370243993
14	16	287.761904762	7.69191347324
15	16	286.26984127	7.22255362924
16	16	-1	0
17	16	295.619047619	10.446277641
18	16	302.031746032	10.4440584673
19	16	308.19047619	13.4599430915
20	16	299.380952381	9.35783954755
21	16	279.0	7.22210012107
22	16	296.111111111	14.2395727499
23	16	304.111111111	11.9258437672
24	16	250.825396825	7.39270271375
25	16	249.349206349	5.95527971744
26	16	253.746031746	10.6427831632
27	16	254.111111111	9.57859901462
28	16	249.19047619	5.97044876901
29	16	261.253968254	10.8246753006
30	16	328.301587302	6.91590052127
31	16	334.142857143	8.80089667664
32	16	335.238095238	9.18714472064
33	16	340.73015873	12.34324743
34	16	337.031746032	12.855692648
35	16	328.126984127	7.86491518737
36	16	299.238095238	10.312135378
37	16	308.666666667	15.4334207547
38	16	307.285714286	13.2406643619
39	16	289.444444444	8.07853864236
40	16	297.682539683	12.1391736295
41	16	297.587301587	11.0563275292
42	16	339.349206349	10.7040397806
43	16	338.80952381	13.783884244
44	16	333.603174603	7.68535957693
45	16	341.952380952	10.6881161888
46	16	333.857142857	10.5165887747
47	16	338.555555556	11.998383195
0	17	257.761904762	10.8900920248
1	17	268.301587302	17.6299122801
2	17	250.888888889	7.97239505371
3	17	275.619047619	18.8354853987
4	17	252.682539683	9.71796797106
5	17	250.777777778	9.16765266462
6	17	8.5	6.5
7	17	282.571428571	4.7029686191
8	17	288.095238095	7.39093027569
9	17	353.444444444	17.2569542253
10	17	282.365079365	6.3802810987
11	17	289.158730159	8.9694478767
12	17	284.666666667	6.80802514311
13	17	283.825396825	6.31837753571
14	17	288.587301587	8.79869203959
15	17	288.317460317	8.86732077219
16	17	287.920634921	8.45774105325
17	17	-1	0
18	17	302.698412698	10.7047458999
19	17	306.920634921	12.253022416
20	17	297.396825397	8.59593791579
21	17	279.857142857	6.85648144958
22	17	298.873015873	12.5666376954
23	17	303.523809524	12.7936704872
24	17	251.285714286	9.05613634185
25	17	247.349206349	5.3605221558
26	17	253.047619048	8.2931001564
27	17	254.523809524	8.63153528409
28	17	248.825396825	6.32088923456
29	17	265.587301587	13.7293971713
30	17	327.650793651	6.47132559262
31	17	335.111111111	9.15321283018
32	17	331.682539683	11.0465471109
33	17	337.523809524	12.1979143974
34	17	334.206349206	8.54336971205
35	17	328.650793651	6.90332041147
36	17	301.396825397	12.7472868978
37	17	305.841269841	13.8279752666
38	17	308.301587302	13.1120142661
39	17	293.936507937	9.32290746916
40	17	298.222222222	10.0624154449
41	17	295.746031746	12.1928527776
42	17	338.587301587	8.86518949499
43	17	337.063492063	13.4198065133
44	17	333.301587302	7.64621479263
45	17	335.555555556	13.6495569761
46	17	333.26984127	10.1515599696
47	17	339.126984127	9.06500696205
0	18	287.936507937	6.14603502558
1	18	288.698412698	6.05434363458
2	18	285.952380952	5.24155729745
3	18	292.904761905	6.46532702303
4	18	285.587301587	5.88415931241
5	18	285.952380952	6.175806795
6	18	-1	0
7	18	250.777777778	3.74778006014
8	18	255.428571429	5.63355673187
9	18	312.746031746	13.5599413001
10	18	250.793650794	3.26189510677
11	18	252.952380952	3.80654645556
12	18	227.507936508	2.85564334548
13	18	229.079365079	3.8474959381
14	18	230.253968254	3.71170714998
15	18	231.095238095	4.05796995817
16	18	229.111111111	3.21756642295
17	18	232.682539683	5.32685736838
18	18	-1	0
19	18	241.317460317	53.0141716294
20	18	250.714285714	3.12911860113
21	18	233.53968254	2.89950951969
22	18	241.952380952	4.82858082088
23	18	253.507936508	6.52193616172
24	18	240.984126984	5.02846520651
25	18	239.984126984	3.68390779184
26	18	243.222222222	7.31696104071
27	18	240.222222222	5.64124393702
28	18	240.603174603	5.54788586229
29	18	232.838709677	53.0027977193
30	18	281.253968254	4.97922112214
31	18	281.603174603	7.64186398466
32	18	282.904761905	6.73939916712
33	18	283.285714286	7.30172532651
34	18	283.666666667	7.74596669241
35	18	279.412698413	4.74971986019
36	18	256.587301587	7.88535898798
37	18	244.158730159	54.6934331537
38	18	245.555555556	54.974677512
39	18	249.666666667	6.01849002842
40	18	256.206349206	7.7503890945
41	18	252.746031746	5.19452781046
42	18	289.365079365	6.32029130156
43	18	288.888888889	7.55111914571
44	18	289.126984127	7.54981774928
45	18	293.365079365	7.40292003156
46	18	289.968253968	7.95217501238
47	18	290.253968254	6.72821175791
0	19	289.19047619	6.88189975353
1	19	290.015873016	6.09577543928
2	19	286.0	5.42481072744
3	19	286.365079365	51.545726837
4	19	286.841269841	6.46898914899
5	19	286.253968254	5.89852888296
6	19	-1	0
7	19	250.714285714	4.03330803388
8	19	255.063492063	5.94651562875
9	19	312.031746032	14.8804423193
10	19	251.142857143	3.21631329348
11	19	252.523809524	5.34776957766
12	19	228.111111111	3.84671003983
13	19	231.793650794	4.91566569362
14	19	232.095238095	5.98334801886
15	19	232.841269841	6.78047230927
16	19	230.53968254	3.61577406947
17	19	232.714285714	4.93265301432
18	19	246.365079365	31.3274065252
19	19	-1	0
20	19	251.095238095	4.95604260238
21	19	233.317460317	3.57604639731
22	19	240.444444444	7.80878174304
23	19	254.587301587	5.29040737362
24	19	241.73015873	7.01066387094
25	19	240.142857143	6.28643574503
26	19	238.095238095	30.780696015
27	19	242.365079365	7.87864622023
28	19	240.095238095	6.20730313783
29	19	243.920634921	8.41069158454
30	19	279.841269841	4.53979353844
31	19	280.444444444	7.16202014992
32	19	280.904761905	7.80255205648
33	19	282.952380952	9.27264036887
34	19	281.174603175	7.80423101067
35	19	279.920634921	4.05635534002
36	19	257.698412698	8.32215425528
37	19	255.222222222	7.39249822336
38	19	256.698412698	8.09984307243
39	19	250.317460317	6.54853769409
40	19	256.222222222	7.4053700902
41	19	253.0	5.58910504805
42	19	290.46031746	5.67876969916
43	19	288.761904762	5.35920595195
44	19	287.412698413	5.97517329399
45	19	291.555555556	9.1056894438
46	19	289.174603175	7.44192261073
47	19	291.317460317	6.24582501019
0	20	287.666666667	5.77075275
1	20	262.857142857	83.7916647639
2	20	285.793650794	6.06357516772
3	20	248.111111111	105.050571512
4	20	286.761904762	4.83936991082
5	20	284.53968254	5.58008191561
6	20	-1	0
7	20	250.476190476	4.97567780453
8	20	253.936507937	5.72344944241
9	20	312.920634921	12.956951419
10	20	250.380952381	4.17638322843
11	20	252.714285714	4.35863882724
12	20	226.634920635	4.52962589051
13	20	231.365079365	3.7514085706
14	20	230.825396825	4.36632016997
15	20	230.555555556	5.25773135269
16	20	229.174603175	3.59691085512
17	20	232.206349206	8.41419573378
18	20	250.301587302	4.87831261692
19	20	251.380952381	5.26874151845
20	20	-1	0
21	20	234.46031746	2.00654007531
22	20	241.174603175	5.32302480705
23	20	253.031746032	5.96542486138
24	20	240.984126984	5.51618704142
25	20	241.0	5.22205335762
26	20	240.698412698	6.50185546322
27	20	238.492063492	6.74212772188
28	20	241.444444444	4.26420233065
29	20	243.841269841	9.39132722031
30	20	282.111111111	5.66277488519
31	20	281.952380952	6.54757575743
32	20	284.253968254	7.63859925239
33	20	282.333333333	8.74506663646
34	20	283.158730159	8.78528052728
35	20	280.492063492	5.0170281973
36	20	255.507936508	6.93478239407
37	20	256.682539683	8.73203443053
38	20	256.063492063	7.91998279594
39	20	252.031746032	6.38193943246
40	20	255.396825397	9.28480527365
41	20	253.26984127	5.864085875
42	20	289.571428571	7.36726842126
43	20	290.46031746	7.44892747542
44	20	289.015873016	7.43541944567
45	20	291.714285714	6.28282761999
46	20	288.952380952	6.92689392227
47	20	291.301587302	7.51218041738
0	21	288.253968254	6.8497902968
1	21	290.26984127	6.29236460766
2	21	287.174603175	6.62975419722
3	21	292.142857143	7.67361412514
4	21	285.396825397	5.4961449189
5	21	286.492063492	6.6735036748
6	21	-1	0
7	21	250.174603175	4.61721995151
8	21	254.063492063	6.13051958199
9	21	313.984126984	13.800726992
10	21	250.634920635	4.1796999486
11	21	250.984126984	3.98605531024
12	21	225.825396825	3.72694897363
13	21	230.380952381	4.738992497
14	21	231.0	6.08928280501
15	21	230.857142857	5.43024201529
16	21	229.365079365	4.73521621605
17	21	232.53968254	6.13039628649
18	21	249.888888889	4.67384180072
19	21	252.920634921	5.06560636556
20	21	250.888888889	6.01350625639
21	21	-1	0
22	21	240.761904762	5.37104017508
23	21	252.73015873	5.81515903291
24	21	240.301587302	5.80813583906
25	21	239.920634921	5.41983888738
26	21	244.634920635	8.044127479
27	21	241.047619048	3.78563941226
28	21	240.031746032	4.69369132147
29	21	245.650793651	9.19136711969
30	21	280.095238095	4.91099927023
31	21	280.968253968	6.47331090666
32	21	281.904761905	7.71046348578
33	21	282.206349206	7.54911690443
34	21	275.015873016	49.589262811
35	21	279.761904762	5.94342182909
36	21	255.698412698	8.39242841038
37	21	255.0	8.61891607371
38	21	256.825396825	9.46428488237
39	21	252.793650794	4.38307976873
40	21	255.26984127	7.169614785
41	21	240.396825397	54.0389452985
42	21	288.365079365	8.02239244548
43	21	289.80952381	5.66206295586
44	21	288.063492063	6.62096961171
45	21	289.317460317	9.72939482747
46	21	288.682539683	7.24147094771
47	21	291.142857143	7.17326859339
0	22	287.523809524	6.08108475823
1	22	290.46031746	6.52911767982
2	22	285.984126984	5.63574775955
3	22	292.650793651	6.76160667053
4	22	286.650793651	5.80683431544
5	22	286.841269841	5.92869360916
6	22	-1	0
7	22	249.365079365	4.06807776963
8	22	252.936507937	5.61424779304
9	22	313.761904762	13.53152027
10	22	251.571428571	3.39333747644
11	22	252.174603175	5.39999906684
12	22	227.047619048	4.27777041552
13	22	231.380952381	6.41533027872
14	22	232.698412698	5.19656455697
15	22	231.793650794	5.05888729267
16	22	230.095238095	4.23408049542
17	22	232.73015873	4.25088729937
18	22	249.031746032	4.01571616483
19	22	252.095238095	5.37399465892
20	22	249.952380952	5.6186440533
21	22	234.73015873	2.55234936409
22	22	-1	0
23	22	253.952380952	6.50867204516
24	22	242.523809524	5.76760835377
25	22	239.777777778	5.45819449317
26	22	241.968253968	7.07099654854
27	22	240.380952381	5.78566529472
28	22	240.555555556	5.97820851696
29	22	245.0	8.70139561877
30	22	280.349206349	4.98301473789
31	22	282.19047619	7.24811336779
32	22	281.19047619	7.98978940235
33	22	283.825396825	8.25878980054
34	22	283.174603175	9.34784532093
35	22	280.142857143	4.72701504142
36	22	257.73015873	8.47256328075
37	22	256.698412698	7.26949468918
38	22	258.111111111	7.87423185694
39	22	250.952380952	6.59828879074
40	22	257.888888889	7.7931820245
41	22	252.047619048	5.58179743318
42	22	289.888888889	6.26431341609
43	22	290.015873016	5.91068997528
44	22	288.349206349	6.37743723758
45	22	290.285714286	8.29692727867
46	22	288.936507937	6.10197213989
47	22	290.666666667	9.53356643072
0	23	289.428571429	6.73232968879
1	23	288.682539683	6.56548308605
2	23	285.111111111	5.62339532275
3	23	292.968253968	7.06425892038
4	23	286.174603175	6.15807556659
5	23	286.555555556	7.05483685878
6	23	-1	0
7	23	250.619047619	3.79819744812
8	23	255.095238095	6.28102278021
9	23	313.777777778	16.3604676889
10	23	252.142857143	4.47162888136
11	23	251.571428571	5.37399465892
12	23	226.666666667	4.0
13	23	231.428571429	5.14462050898
14	23	231.825396825	4.58617550852
15	23	231.873015873	6.55015342966
16	23	229.587301587	4.614108525
17	23	234.238095238	6.93899559475
18	23	250.555555556	5.2122498502
19	23	252.349206349	6.00041990636
20	23	251.063492063	3.91120902784
21	23	234.047619048	2.82521847127
22	23	242.396825397	5.97492028914
23	23	-1	0
24	23	241.301587302	6.1117501212
25	23	240.587301587	5.17820499829
26	23	242.238095238	6.84456518432
27	23	241.619047619	5.12519011317
28	23	228.26984127	51.125493392
29	23	234.206349206	50.3139851586
30	23	280.174603175	6.0409703902
31	23	268.936507937	59.4508929047
32	23	280.317460317	6.41878541847
33	23	283.476190476	8.5687826604
34	23	283.666666667	8.68313453753
35	23	279.968253968	6.01576831169
36	23	258.158730159	7.41556995467
37	23	248.920634921	44.1801153244
38	23	254.825396825	32.7881800627
39	23	250.904761905	5.25149800462
40	23	253.936507937	32.0202678949
41	23	252.206349206	5.62070641823
42	23	290.682539683	7.24366257623
43	23	283.857142857	35.8448407405
44	23	291.571428571	9.66701852515
45	23	292.634920635	7.53468506057
46	23	283.365079365	36.4575428594
47	23	290.571428571	8.88679113569
0	24	286.19047619	62.3382623829
1	24	290.714285714	64.4087711101
2	24	299.952380952	6.78099250924
3	24	302.015873016	37.5070330182
4	24	291.444444444	51.0209349431
5	24	300.73015873	7.54290657886
6	24	12.75	7.6171407584
7	24	320.047619048	4.08026054035
8	24	325.777777778	6.6534260048
9	24	373.603174603	66.3630083617
10	24	323.793650794	4.88326825947
11	24	325.793650794	6.75221005597
12	24	243.015873016	4.83207557852
13	24	247.53968254	7.10203502431
14	24	246.761904762	6.75821495572
15	24	246.888888889	6.76853389933
16	24	243.444444444	5.99941208172
17	24	248.619047619	9.53927316027
18	24	243.111111111	4.56387161983
19	24	241.015873016	30.7170869483
20	24	243.396825397	4.19197904749
21	24	226.936507937	2.93242960036
22	24	234.0	5.81459575633
23	24	244.936507937	5.60575955482
24	24	-1	0
25	24	279.380952381	4.60995668963
26	24	275.301587302	35.4246954129
27	24	280.761904762	5.11367381282
28	24	280.380952381	2.81959454154
29	24	278.158730159	35.8246196932
30	24	287.126984127	5.10055105486
31	24	289.587301587	6.4920828967
32	24	289.619047619	5.21118629345
33	24	291.984126984	8.2567760792
34	24	291.650793651	7.06019184541
35	24	287.26984127	4.91581945633
36	24	326.349206349	10.6758275099
37	24	306.46031746	79.5700401058
38	24	292.952380952	93.093983672
39	24	322.158730159	5.88300309125
40	24	326.873015873	6.00394596037
41	24	324.222222222	5.31079895476
42	24	283.714285714	6.39550579165
43	24	284.507936508	7.60090432354
44	24	284.142857143	7.60713354199
45	24	285.26984127	8.23119569167
46	24	284.666666667	8.51702310316
47	24	286.666666667	7.87199174087
0	25	286.365079365	63.251651986
1	25	302.650793651	6.56870582349
2	25	299.317460317	6.52668611512
3	25	307.73015873	8.5712815978
4	25	300.46031746	7.31778741134
5	25	301.301587302	8.89557571615
6	25	15.2142857143	6.69945169855
7	25	324.555555556	6.09912243955
8	25	326.952380952	6.52572095738
9	25	386.857142857	13.6240417084
10	25	321.476190476	3.62905883491
11	25	325.428571429	5.92201779671
12	25	243.746031746	4.60837145069
13	25	248.333333333	6.57315367281
14	25	246.428571429	7.22147213966
15	25	247.206349206	4.86698867219
16	25	244.682539683	4.37099166702
17	25	248.19047619	7.47876813313
18	25	242.841269841	5.09031557698
19	25	245.174603175	4.08846492922
20	25	244.079365079	4.83801608068
21	25	227.603174603	2.47232094888
22	25	233.079365079	7.36422408827
23	25	246.666666667	4.6119238144
24	25	282.285714286	5.07226686566
25	25	-1	0
26	25	282.365079365	6.20880477546
27	25	279.761904762	4.75666378254
28	25	280.206349206	4.00855723623
29	25	284.047619048	5.36428095872
30	25	287.46031746	4.40355338777
31	25	287.682539683	6.96892284457
32	25	289.857142857	7.95394908976
33	25	292.507936508	7.48940630845
34	25	289.80952381	8.44375817715
35	25	287.301587302	4.81279683277
36	25	327.873015873	6.92245498129
37	25	326.904761905	10.3520786743
38	25	326.222222222	9.06667444755
39	25	323.142857143	5.93578639194
40	25	326.253968254	7.3527195141
41	25	322.714285714	5.90783330258
42	25	283.952380952	7.71810604991
43	25	286.380952381	5.88360264169
44	25	283.380952381	7.20764270609
45	25	287.603174603	8.03867572317
46	25	284.285714286	6.47443953921
47	25	287.507936508	11.4335527063
0	26	302.238095238	6.93670770843
1	26	298.301587302	37.9300253477
2	26	301.222222222	5.85931477776
3	26	276.523809524	88.5292270173
4	26	300.126984127	7.61054419657
5	26	300.492063492	6.45588943837
6	26	18.7857142857	3.21110954186
7	26	324.857142857	6.3091194839
8	26	325.285714286	5.87280136888
9	26	387.904761905	12.3297475942
10	26	322.73015873	5.61801622675
11	26	324.952380952	6.46216969664
12	26	242.571428571	5.48508594285
13	26	246.936507937	5.87129962053
14	26	247.571428571	6.86309265684
15	26	245.476190476	6.66632652193
16	26	243.555555556	3.87412162201
17	26	248.777777778	8.98578143945
18	26	241.936507937	2.49363008085
19	26	245.841269841	4.4941102522
20	26	243.777777778	3.67507453523
21	26	227.285714286	2.39992441302
22	26	232.53968254	4.21947637173
23	26	245.936507937	4.86931765981
24	26	280.079365079	4.82816336733
25	26	279.80952381	3.96755549408
26	26	-1	0
27	26	275.904761905	35.4439930593
28	26	280.603174603	3.58364752793
29	26	283.746031746	6.24618805395
30	26	288.777777778	4.33679145695
31	26	275.333333333	60.9105511229
32	26	291.238095238	7.15078924651
33	26	290.26984127	7.30776136483
34	26	292.253968254	8.33232042219
35	26	288.174603175	4.95548335874
36	26	328.476190476	7.26342685063
37	26	327.587301587	7.70412159457
38	26	327.238095238	7.75152680447
39	26	323.444444444	6.24316204422
40	26	315.079365079	56.9587156499
41	26	323.841269841	7.96461688953
42	26	279.126984127	35.3434361403
43	26	271.285714286	59.6924468305
44	26	283.968253968	6.48311176992
45	26	288.873015873	10.2453893052
46	26	284.952380952	7.50963100446
47	26	282.015873016	35.909273712
0	27	287.317460317	63.602891368
1	27	275.063492063	87.4963714469
2	27	292.492063492	52.5398935401
3	27	287.619047619	73.957823367
4	27	300.253968254	6.79161073063
5	27	301.46031746	7.81903537432
6	27	18.6666666667	8.23542483556
7	27	324.031746032	6.07876411303
8	27	308.603174603	68.4043857506
9	27	380.158730159	49.011241454
10	27	322.095238095	4.91099927023
11	27	320.603174603	40.9054425232
12	27	235.793650794	42.8123104719
13	27	245.873015873	7.02036055577
14	27	246.412698413	6.95252590992
15	27	242.571428571	31.1660755155
16	27	238.126984127	42.9416333531
17	27	240.396825397	43.2506682883
18	27	238.492063492	30.0512118531
19	27	245.285714286	4.2066786334
20	27	244.46031746	4.14355646959
21	27	226.984126984	2.94118032398
22	27	233.428571429	5.6250976308
23	27	245.873015873	6.23480263684
24	27	273.285714286	49.2503899175
25	27	280.761904762	3.43055498178
26	27	276.111111111	35.4172906886
27	27	-1	0
28	27	281.825396825	5.49325613255
29	27	283.698412698	6.50185546322
30	27	288.142857143	3.14646257842
31	27	287.968253968	5.65676517008
32	27	290.206349206	7.56801693461
33	27	290.984126984	7.25169288061
34	27	290.349206349	7.70931971585
35	27	288.301587302	4.44234644359
36	27	327.079365079	6.9082457914
37	27	327.888888889	8.65587443633
38	27	325.047619048	5.91320441001
39	27	322.952380952	6.60790428903
40	27	324.793650794	8.90899087539
41	27	326.80952381	5.98903003212
42	27	284.444444444	6.88863286775
43	27	286.619047619	7.3234317817
44	27	283.238095238	10.2147019562
45	27	287.396825397	8.61990992208
46	27	285.444444444	6.60153367889
47	27	286.158730159	8.34229299148
0	28	301.412698413	5.87335906333
1	28	305.412698413	7.84904183948
2	28	299.507936508	6.26877628086
3	28	305.031746032	6.79394747906
4	28	301.142857143	7.29830844254
5	28	301.158730159	6.94469387307
6	28	16.8571428571	2.44532039552
7	28	321.571428571	6.56521445319
8	28	324.301587302	4.90103623845
9	28	387.111111111	15.809491936
10	28	322.285714286	5.8075718813
11	28	326.492063492	6.93935868194
12	28	243.317460317	5.02636034442
13	28	246.26984127	6.64091777269
14	28	248.333333333	6.20547633207
15	28	247.222222222	7.54551153124
16	28	245.174603175	4.188190815
17	28	250.587301587	7.79424883749
18	28	243.0	3.33333333333
19	28	245.80952381	3.41266149851
20	28	244.079365079	4.45542860355
21	28	228.317460317	3.15637624664
22	28	233.444444444	3.79965653326
23	28	244.476190476	4.47162888136
24	28	282.19047619	5.41853709203
25	28	279.952380952	2.94623015205
26	28	282.349206349	6.08448124893
27	28	282.587301587	5.05096225512
28	28	-1	0
29	28	279.177419355	35.8529812471
30	28	287.047619048	3.82733929474
31	28	289.698412698	5.37671322459
32	28	290.444444444	5.93824777153
33	28	291.952380952	8.48234126752
34	28	288.936507937	6.02079205851
35	28	287.80952381	4.78707632833
36	28	327.142857143	7.97388026245
37	28	318.19047619	57.6108612839
38	28	316.984126984	57.623433302
39	28	320.841269841	7.24887807237
40	28	325.0	8.27886964142
41	28	323.857142857	6.10713125405
42	28	286.888888889	7.80539315201
43	28	285.53968254	9.46979391141
44	28	284.428571429	7.26966798158
45	28	286.222222222	8.41662082862
46	28	283.761904762	7.27185111193
47	28	285.634920635	8.56960592026
0	29	303.555555556	7.975712692
1	29	305.031746032	7.07997007878
2	29	299.80952381	6.23063894621
3	29	306.555555556	7.22161169581
4	29	301.079365079	5.46068658774
5	29	298.523809524	6.8100232917
6	29	20.8666666667	8.60129189263
7	29	323.111111111	6.99231122203
8	29	326.984126984	7.17246069991
9	29	381.301587302	15.1150455062
10	29	321.396825397	4.76941207165
11	29	325.476190476	6.44847008521
12	29	243.015873016	5.10987858549
13	29	246.968253968	6.09180624286
14	29	245.714285714	5.32567477334
15	29	246.26984127	5.36362335836
16	29	244.079365079	5.17718311379
17	29	248.142857143	5.84958862441
18	29	242.428571429	4.44977005189
19	29	246.126984127	5.40573494259
20	29	244.555555556	4.51726064546
21	29	227.904761905	2.16548895255
22	29	232.619047619	4.0411713351
23	29	243.825396825	3.42974700599
24	29	280.587301587	5.75873365884
25	29	280.174603175	3.69701588174
26	29	279.555555556	5.75361246847
27	29	279.952380952	5.06913652654
28	29	279.80952381	3.94750129068
29	29	-1	0
30	29	286.571428571	3.86565785573
31	29	284.126984127	36.2611743318
32	29	289.396825397	6.36842329927
33	29	289.555555556	6.14837125878
34	29	280.73015873	50.3720148902
35	29	287.920634921	4.76861960427
36	29	328.015873016	7.47799324471
37	29	306.222222222	78.7603244821
38	29	310.603174603	68.3426334397
39	29	326.015873016	7.02714027385
40	29	304.444444444	78.8965120395
41	29	314.238095238	57.2512464093
42	29	287.333333333	8.42143900534
43	29	287.444444444	6.71359146848
44	29	282.571428571	9.00037792101
45	29	287.206349206	7.8075232952
46	29	284.0	6.84522774326
47	29	287.380952381	8.97868476144
0	30	255.603174603	56.9624046673
1	30	277.619047619	19.4711252
2	30	252.46031746	32.5653557258
3	30	274.619047619	16.0489613682
4	30	259.46031746	9.41431769578
5	30	240.428571429	62.0442019305
6	30	24.3333333333	30.1698893306
7	30	284.222222222	5.49875727503
8	30	285.047619048	6.45479659579
9	30	330.222222222	82.8821010881
10	30	285.095238095	5.70634368722
11	30	290.396825397	6.96143499743
12	30	279.555555556	36.0783001121
13	30	284.888888889	6.59271149052
14	30	289.142857143	9.39749568609
15	30	287.714285714	9.73527144994
16	30	288.492063492	8.79912155766
17	30	293.047619048	10.8634067144
18	30	309.285714286	10.1581597062
19	30	291.603174603	83.3130527098
20	30	301.698412698	36.1700722209
21	30	283.523809524	6.45339124053
22	30	303.0	11.3557201864
23	30	311.634920635	12.4049421632
24	30	258.428571429	8.44724860948
25	30	252.476190476	4.27564955747
26	30	257.936507937	34.2024193964
27	30	259.079365079	10.8324931356
28	30	254.333333333	6.77296211956
29	30	254.327868852	59.1934093893
30	30	-1	0
31	30	334.031746032	8.44772582146
32	30	330.412698413	8.19142974639
33	30	335.603174603	10.1348678076
34	30	334.26984127	9.88859588345
35	30	329.920634921	6.88061825226
36	30	307.873015873	10.782837721
37	30	312.317460317	12.3774313268
38	30	316.26984127	13.6558683812
39	30	297.26984127	9.88699056915
40	30	304.682539683	11.179382095
41	30	304.444444444	12.191302882
42	30	349.507936508	11.4612847501
43	30	354.0	11.9083804025
44	30	345.19047619	11.069559494
45	30	351.777777778	9.61388619447
46	30	347.238095238	9.00037792101
47	30	349.476190476	12.1012358583
0	31	267.26984127	11.9671592274
1	31	277.952380952	18.0602418478
2	31	259.873015873	10.15982137
3	31	282.984126984	19.3230613627
4	31	261.238095238	9.28510376503
5	31	258.603174603	10.0515175867
6	31	25.3333333333	18.7853370715
7	31	282.492063492	6.1045728784
8	31	287.19047619	7.42338035963
9	31	355.777777778	14.752394957
10	31	283.761904762	5.60814115064
11	31	288.650793651	6.08708946051
12	31	283.222222222	6.53305258008
13	31	284.571428571	7.52290531034
14	31	290.031746032	8.2653767311
15	31	290.968253968	9.44653838332
16	31	287.587301587	9.14544716401
17	31	292.746031746	8.62069907298
18	31	302.984126984	9.9912534185
19	31	315.126984127	14.0300042013
20	31	306.349206349	9.06442326965
21	31	284.301587302	6.82812791428
22	31	302.777777778	12.9154078581
23	31	313.46031746	11.5605039117
24	31	255.174603175	8.53664311285
25	31	251.682539683	4.83317043018
26	31	257.555555556	7.89972428247
27	31	260.888888889	9.32501518976
28	31	251.174603175	5.64432481527
29	31	268.333333333	12.4428853899
30	31	329.253968254	6.81727091039
31	31	-1	0
32	31	332.714285714	6.99983802858
33	31	339.46031746	11.0033550393
34	31	332.53968254	10.5677337554
35	31	327.079365079	6.18061893264
36	31	308.984126984	13.7049314071
37	31	310.825396825	40.3884077674
38	31	300.650793651	54.6687452364
39	31	298.079365079	8.6543898161
40	31	306.555555556	11.6806416678
41	31	308.063492063	10.868438383
42	31	351.507936508	9.78802802241
43	31	352.428571429	10.2627609852
44	31	347.285714286	9.80513077777
45	31	350.444444444	11.0263433156
46	31	348.079365079	9.98618345087
47	31	346.444444444	11.5673017223
0	32	264.031746032	35.4651486669
1	32	272.26984127	14.205081082
2	32	255.333333333	7.81329757834
3	32	281.698412698	22.8269090167
4	32	260.285714286	9.76945120622
5	32	258.53968254	8.82425480792
6	32	19.6666666667	18.9795211273
7	32	283.111111111	5.90966684827
8	32	287.015873016	6.15021502655
9	32	348.206349206	44.9617681437
10	32	282.507936508	5.20034496985
11	32	287.047619048	7.49482058497
12	32	284.53968254	6.59202355141
13	32	282.825396825	6.40074321711
14	32	288.936507937	8.09246762427
15	32	290.253968254	6.78927317794
16	32	287.253968254	8.33422519793
17	32	290.079365079	37.2236064318
18	32	294.873015873	53.3370510798
19	32	299.079365079	67.1440766897
20	32	306.142857143	8.54095110658
21	32	284.555555556	5.97023776554
22	32	304.0	12.5672385141
23	32	309.301587302	11.325816724
24	32	257.920634921	7.99662942349
25	32	249.19047619	6.0365477963
26	32	258.873015873	10.2143566308
27	32	261.333333333	11.4198379329
28	32	251.968253968	4.6529330363
29	32	265.126984127	34.6545272076
30	32	327.46031746	5.13569950669
31	32	330.111111111	7.96243384485
32	32	-1	0
33	32	338.571428571	11.3006732286
34	32	333.936507937	8.44190796134
35	32	329.793650794	6.05047218454
36	32	305.793650794	11.4200585579
37	32	301.301587302	68.314314408
38	32	288.587301587	75.2115819603
39	32	297.841269841	10.0557278145
40	32	303.873015873	10.6465465949
41	32	305.46031746	12.7961122529
42	32	352.984126984	15.2508048848
43	32	350.142857143	11.9666960377
44	32	344.920634921	9.56564883801
45	32	352.507936508	10.7686685679
46	32	344.46031746	11.3917617084
47	32	348.571428571	10.8169682777
0	33	267.285714286	36.0561416609
1	33	271.952380952	16.3400652516
2	33	259.507936508	9.96640868574
3	33	280.047619048	19.7776758641
4	33	259.015873016	9.57425791976
5	33	256.936507937	8.13550520548
6	33	17.6666666667	8.57645355351
7	33	282.412698413	5.37376023542
8	33	285.73015873	6.8271315625
9	33	352.761904762	12.9745957954
10	33	282.079365079	5.51563891247
11	33	289.301587302	7.86923872528
12	33	283.888888889	7.97438580231
13	33	284.920634921	7.42433063051
14	33	289.777777778	9.03510691506
15	33	289.396825397	7.68535957693
16	33	286.222222222	7.30610626206
17	33	294.603174603	10.4540410392
18	33	305.317460317	11.4126432213
19	33	310.222222222	41.7153789328
20	33	300.825396825	8.07217380399
21	33	282.634920635	5.9182300746
22	33	297.349206349	38.9774695727
23	33	311.111111111	10.1185216172
24	33	255.53968254	10.189981692
25	33	251.46031746	6.37411779598
26	33	257.73015873	9.24997872019
27	33	257.666666667	8.17662172643
28	33	253.476190476	6.27632776785
29	33	258.333333333	46.9795632704
30	33	331.571428571	7.61309291113
31	33	334.888888889	7.11829993773
32	33	334.476190476	8.65907569182
33	33	-1	0
34	33	331.301587302	10.6631466225
35	33	326.714285714	4.82529239653
36	33	307.095238095	12.283314642
37	33	313.317460317	12.5354423211
38	33	313.952380952	12.4841850068
39	33	297.047619048	9.09810475891
40	33	308.079365079	12.5865909846
41	33	307.301587302	12.8293251881
42	33	350.793650794	13.2487300741
43	33	349.015873016	9.12260764637
44	33	346.73015873	8.13615553925
45	33	354.396825397	11.8917600958
46	33	345.857142857	10.3538308881
47	33	348.603174603	12.1935966575
0	34	268.047619048	12.6169809628
1	34	273.031746032	15.7580599221
2	34	254.80952381	8.07476402497
3	34	289.412698413	44.5216676054
4	34	261.111111111	9.91409308119
5	34	259.714285714	8.64177482401
6	34	11.5	6.5
7	34	283.412698413	4.59342152322
8	34	285.063492063	6.32423661463
9	34	355.46031746	13.7192084052
10	34	283.428571429	5.49087059253
11	34	288.412698413	6.22752446583
12	34	285.142857143	7.8474687919
13	34	285.111111111	8.65587443633
14	34	287.587301587	9.14197526611
15	34	288.365079365	9.51073176178
16	34	285.682539683	7.0729204063
17	34	290.126984127	7.97514405202
18	34	309.777777778	11.6079398722
19	34	312.19047619	40.4282068524
20	34	304.063492063	7.66329742918
21	34	284.650793651	6.62405124721
22	34	304.746031746	14.4353713001
23	34	313.317460317	13.6983667163
24	34	257.19047619	6.39160447069
25	34	250.80952381	6.65679541296
26	34	259.015873016	8.64372800137
27	34	257.920634921	9.04539098158
28	34	253.920634921	7.24251466305
29	34	265.46031746	11.3610660645
30	34	327.682539683	6.06793654115
31	34	332.873015873	10.9188813653
32	34	335.0	9.03256893621
33	34	338.301587302	10.4207286109
34	34	-1	0
35	34	329.253968254	6.7588114245
36	34	310.380952381	11.2368845191
37	34	314.984126984	12.5007835481
38	34	310.619047619	13.5088784108
39	34	296.301587302	37.5975492787
40	34	308.619047619	12.857495586
41	34	286.380952381	62.8721122146
42	34	324.523809524	82.2680205845
43	34	331.365079365	85.9091993129
44	34	348.063492063	9.65577878765
45	34	343.396825397	61.7415349079
46	34	346.746031746	10.1668122612
47	34	344.746031746	44.6463949216
0	35	265.0	10.1199159291
1	35	274.158730159	40.0215046754
2	35	245.968253968	52.5782767183
3	35	276.857142857	16.0206782478
4	35	263.920634921	10.8690642802
5	35	255.174603175	33.487519439
6	35	31.0	2.44948974278
7	35	282.095238095	4.64523748505
8	35	281.301587302	35.9027057921
9	35	337.285714286	23.5934000533
10	35	282.841269841	4.80808297345
11	35	285.158730159	35.9078212947
12	35	286.777777778	6.87402390056
13	35	284.73015873	8.03801750257
14	35	284.26984127	36.6251740769
15	35	285.396825397	37.4947783381
16	35	285.920634921	6.41996288201
17	35	294.761904762	12.833134551
18	35	293.079365079	65.658157918
19	35	316.825396825	11.6571930005
20	35	304.777777778	6.83000951554
21	35	283.349206349	5.91784691155
22	35	303.063492063	12.9269903639
23	35	297.857142857	66.6721086214
24	35	252.650793651	32.8020318429
25	35	252.015873016	5.76385029903
26	35	258.873015873	9.40025677375
27	35	257.825396825	34.1135078597
28	35	252.142857143	6.20766843447
29	35	269.920634921	13.1261299889
30	35	327.603174603	5.82425056843
31	35	330.777777778	42.7118229959
32	35	330.222222222	42.3625487656
33	35	329.380952381	42.4591039732
34	35	321.301587302	69.9116528472
35	35	-1	0
36	35	309.793650794	12.5901936268
37	35	315.285714286	14.5115482983
38	35	314.952380952	16.5753963504
39	35	298.492063492	10.1353898538
40	35	307.523809524	13.6473232946
41	35	303.603174603	8.87933159672
42	35	351.174603175	12.7497770694
43	35	353.619047619	12.1843362514
44	35	344.587301587	9.17490525125
45	35	356.063492063	12.6652543271
46	35	344.603174603	10.4312407494
47	35	350.079365079	10.8412814613
0	36	257.682539683	34.5459553128
1	36	270.682539683	15.157192642
2	36	250.301587302	8.96489612655
3	36	261.80952381	59.9112722634
4	36	252.920634921	8.47086807512
5	36	251.222222222	8.91840338128
6	36	12.6666666667	6.01849002842
7	36	282.015873016	5.56489011712
8	36	285.634920635	5.96365070704
9	36	354.015873016	14.3863825201
10	36	281.412698413	5.18126944252
11	36	287.015873016	6.96816357464
12	36	285.396825397	7.21229039758
13	36	286.968253968	8.15906984655
14	36	289.0	8.83176086633
15	36	288.666666667	9.82546093268
16	36	287.206349206	9.09065232465
17	36	292.444444444	10.6559138924
18	36	304.492063492	9.40765142136
19	36	311.619047619	9.1450890133
20	36	304.047619048	9.13466895244
21	36	280.317460317	5.65355737658
22	36	304.523809524	14.4835507604
23	36	310.222222222	10.4675529568
24	36	252.920634921	8.38044130236
25	36	248.158730159	7.11405126293
26	36	253.158730159	10.9300900375
27	36	254.587301587	10.0753272752
28	36	247.095238095	6.49227693987
29	36	263.095238095	10.3551448538
30	36	330.206349206	7.87835840237
31	36	336.317460317	10.3338331628
32	36	336.634920635	8.83948857836
33	36	341.873015873	14.7384520988
34	36	339.507936508	15.477452126
35	36	333.746031746	8.42703181466
36	36	-1	0
37	36	302.682539683	11.0120070065
38	36	303.650793651	12.0279551761
39	36	289.904761905	8.04888691055
40	36	295.492063492	10.7347130374
41	36	293.063492063	8.97947044055
42	36	337.142857143	8.61865297702
43	36	335.015873016	10.747450142
44	36	332.650793651	8.75623810317
45	36	342.80952381	11.5687827663
46	36	334.142857143	8.21507932674
47	36	339.571428571	9.46793131344
0	37	259.492063492	11.1438972065
1	37	266.952380952	15.3410214385
2	37	252.873015873	9.9482662819
3	37	276.206349206	21.0125878601
4	37	253.714285714	9.98161575404
5	37	252.634920635	9.46556262392
6	37	10.2	5.52810998443
7	37	280.698412698	4.6688257612
8	37	287.047619048	6.97484953795
9	37	353.301587302	12.3682067076
10	37	282.73015873	5.83695492804
11	37	289.222222222	7.80810414248
12	37	287.333333333	9.6871703733
13	37	286.317460317	7.8756715951
14	37	290.111111111	9.10103972974
15	37	289.952380952	9.58243858586
16	37	286.095238095	7.54607915792
17	37	293.238095238	12.6963490387
18	37	304.793650794	9.22239980159
19	37	317.523809524	12.6451661419
20	37	302.920634921	6.66976496409
21	37	281.26984127	5.97669109815
22	37	304.031746032	13.7077990244
23	37	312.015873016	10.8912256274
24	37	254.492063492	7.86568399002
25	37	246.333333333	5.29749866102
26	37	255.142857143	7.61964283389
27	37	255.714285714	9.33406216785
28	37	246.80952381	6.77965477151
29	37	259.253968254	11.2897878479
30	37	330.507936508	7.99776360779
31	37	336.031746032	9.88339677803
32	37	333.777777778	8.73134191116
33	37	344.063492063	14.3746613662
34	37	337.73015873	12.4762712546
35	37	332.174603175	8.70238004763
36	37	298.444444444	10.5991580645
37	37	-1	0
38	37	297.936507937	39.2993691196
39	37	289.0	6.98524522072
40	37	280.111111111	62.9686520928
41	37	293.412698413	9.19391607089
42	37	340.031746032	10.6740573413
43	37	335.031746032	10.5979456739
44	37	335.079365079	10.4612688345
45	37	340.365079365	9.44709846663
46	37	335.26984127	9.89661854903
47	37	341.555555556	11.0866397185
0	38	280.46031746	35.5410897444
1	38	276.80952381	48.9119251025
2	38	282.365079365	5.52713820523
3	38	284.507936508	36.3120833515
4	38	279.317460317	35.2306799005
5	38	282.793650794	5.55823064847
6	38	81.0	0.0
7	38	241.603174603	4.90072778055
8	38	243.80952381	5.40680682942
9	38	306.650793651	15.0345197823
10	38	243.238095238	3.90650367657
11	38	247.206349206	6.19308044529
12	38	251.079365079	5.71631357316
13	38	254.53968254	7.05044273478
14	38	255.19047619	7.09316045004
15	38	255.587301587	6.73449994758
16	38	252.73015873	5.33097075411
17	38	257.714285714	6.8090242907
18	38	335.333333333	5.59761854125
19	38	336.825396825	6.54542050631
20	38	334.682539683	5.56013416769
21	38	317.158730159	3.6783638064
22	38	326.317460317	7.16655680276
23	38	338.714285714	8.075887236
24	38	290.380952381	5.62146840509
25	38	288.253968254	5.04886677201
26	38	292.952380952	7.39461101809
27	38	290.682539683	7.30693386031
28	38	288.206349206	4.17155420071
29	38	290.428571429	36.8324021799
30	38	294.238095238	5.69520624294
31	38	286.365079365	51.5423393804
32	38	294.936507937	7.47880182211
33	38	291.888888889	37.6209630481
34	38	296.698412698	8.63480392078
35	38	294.73015873	6.01111760785
36	38	327.587301587	8.02503013026
37	38	326.126984127	42.0024534671
38	38	-1	0
39	38	323.984126984	4.86155002878
40	38	326.238095238	8.23795760964
41	38	322.507936508	5.91171292522
42	38	255.031746032	6.1566024798
43	38	257.873015873	4.67852935614
44	38	254.873015873	6.36830460978
45	38	257.984126984	5.51618704142
46	38	256.301587302	6.74392123849
47	38	256.650793651	6.67418321537
0	39	285.206349206	5.92588813291
1	39	286.920634921	5.40223818196
2	39	282.333333333	5.91742114572
3	39	290.523809524	7.98780249268
4	39	283.095238095	5.41225618451
5	39	282.698412698	6.01224919124
6	39	-1	0
7	39	243.031746032	5.78440227247
8	39	245.587301587	5.26634996225
9	39	306.444444444	14.7549053213
10	39	242.19047619	3.85802459058
11	39	243.523809524	4.40006184248
12	39	251.349206349	4.97982829486
13	39	255.079365079	6.51811051427
14	39	256.412698413	5.60508533454
15	39	255.920634921	5.55006531436
16	39	250.936507937	7.03477307736
17	39	256.444444444	8.18007214191
18	39	332.857142857	4.94046184737
19	39	335.095238095	5.40345064857
20	39	333.857142857	5.63959117863
21	39	317.317460317	4.89517221457
22	39	325.142857143	8.92269647986
23	39	336.53968254	5.98098945158
24	39	288.238095238	6.25062355166
25	39	287.746031746	4.59457324466
26	39	290.619047619	7.29737628742
27	39	290.968253968	6.1411137348
28	39	279.73015873	50.863092413
29	39	278.126984127	62.6325875075
30	39	294.825396825	6.28563411846
31	39	294.761904762	6.47513997082
32	39	294.238095238	7.26966798158
33	39	296.968253968	9.49681359088
34	39	297.968253968	9.82056193066
35	39	294.26984127	6.37257603891
36	39	326.492063492	9.8220241923
37	39	313.063492063	69.6931763224
38	39	312.317460317	69.8701347278
39	39	-1	0
40	39	326.952380952	8.76940672629
41	39	324.380952381	6.22954703296
42	39	255.142857143	5.67326546559
43	39	256.19047619	5.44483778486
44	39	255.746031746	6.48800664956
45	39	258.634920635	6.88983974127
46	39	256.873015873	7.03165645434
47	39	257.841269841	7.28382933738
0	40	283.603174603	5.75847114449
1	40	286.380952381	6.21934659822
2	40	282.603174603	4.98741171713
3	40	288.857142857	6.61853372448
4	40	283.507936508	5.19117999209
5	40	283.111111111	6.75444853085
6	40	-1	0
7	40	243.26984127	5.0840751971
8	40	244.666666667	5.65123950444
9	40	303.53968254	14.7388110877
10	40	241.650793651	3.55527209754
11	40	245.317460317	5.10158828933
12	40	251.968253968	4.12105801629
13	40	253.698412698	8.17397131169
14	40	255.825396825	6.93859617689
15	40	254.650793651	6.51045247534
16	40	252.523809524	4.29047354791
17	40	255.396825397	6.48940450845
18	40	333.015873016	5.37038340239
19	40	336.619047619	6.7996932037
20	40	333.444444444	5.76188289821
21	40	316.412698413	3.84061387551
22	40	325.841269841	6.43454552904
23	40	337.555555556	7.00969346471
24	40	289.857142857	4.78707632833
25	40	288.650793651	6.00570821104
26	40	285.174603175	36.7525140842
27	40	290.523809524	7.57367441984
28	40	288.841269841	4.90612299397
29	40	294.634920635	7.79560638834
30	40	293.380952381	6.13454587245
31	40	294.761904762	7.77401917605
32	40	296.507936508	7.44902894678
33	40	294.777777778	6.60073214901
34	40	298.555555556	10.1774381312
35	40	293.523809524	5.27906059121
36	40	328.603174603	6.85343080008
37	40	328.841269841	9.89822230184
38	40	326.46031746	6.90025395628
39	40	323.349206349	7.58477742432
40	40	-1	0
41	40	307.333333333	68.0634624496
42	40	256.650793651	4.66039963597
43	40	257.285714286	5.99054432545
44	40	256.079365079	7.71990128093
45	40	258.444444444	7.67551823963
46	40	255.682539683	5.74822373344
47	40	258.46031746	6.4508530181
0	41	284.793650794	5.86124947446
1	41	285.19047619	5.69839059111
2	41	282.761904762	6.14045726469
3	41	287.111111111	6.90321091867
4	41	283.380952381	6.37561966221
5	41	279.396825397	35.6025412338
6	41	-1	0
7	41	242.46031746	3.68964831131
8	41	243.952380952	5.20509082741
9	41	306.634920635	12.3959819236
10	41	242.396825397	3.85260036916
11	41	244.555555556	5.36235490136
12	41	249.619047619	4.99023990717
13	41	255.047619048	6.21168527966
14	41	254.825396825	5.3200420172
15	41	255.698412698	6.82580286721
16	41	251.761904762	4.97203061489
17	41	256.015873016	8.29513543331
18	41	332.841269841	6.21622646011
19	41	335.476190476	5.80600986624
20	41	334.888888889	5.46013288725
21	41	317.222222222	3.94584146957
22	41	325.53968254	7.17762262632
23	41	338.603174603	7.70598547521
24	41	290.0	6.73771663079
25	41	287.984126984	4.6067309743
26	41	290.841269841	7.75048661904
27	41	290.888888889	6.11038956779
28	41	288.857142857	5.40387028517
29	41	295.0	8.09859874221
30	41	294.349206349	5.39005177158
31	41	294.968253968	6.54160859293
32	41	295.174603175	5.92958598233
33	41	297.26984127	8.60455093542
34	41	295.841269841	8.58608388514
35	41	293.841269841	5.6405739582
36	41	325.746031746	9.47170934435
37	41	328.412698413	9.0389543584
38	41	329.682539683	6.77723874292
39	41	321.158730159	6.23152851184
40	41	325.920634921	6.94948116666
41	41	-1	0
42	41	255.031746032	5.34513056537
43	41	257.142857143	5.89015089374
44	41	256.888888889	6.54438111377
45	41	257.777777778	5.92129448643
46	41	256.682539683	6.27371790943
47	41	257.825396825	5.74743471428
0	42	284.031746032	5.45389988316
1	42	284.412698413	5.49930708661
2	42	280.158730159	4.96721425299
3	42	286.793650794	6.63602178149
4	42	283.142857143	5.1573868825
5	42	282.952380952	5.85113900573
6	42	-1	0
7	42	238.968253968	3.91970299315
8	42	240.253968254	4.85330276668
9	42	301.571428571	11.6547071841
10	42	237.222222222	3.42467444609
11	42	239.761904762	4.52406014343
12	42	249.507936508	5.13893638515
13	42	253.793650794	6.50313411659
14	42	253.777777778	6.2295874776
15	42	252.841269841	5.82606717306
16	42	251.80952381	4.10905752472
17	42	255.174603175	7.66674882469
18	42	322.0	4.72749472228
19	42	326.0	6.02112682593
20	42	324.396825397	5.25097022793
21	42	305.333333333	4.54955082381
22	42	314.095238095	6.87002757721
23	42	324.238095238	5.54552382261
24	42	282.53968254	4.94998924746
25	42	279.698412698	4.72290911371
26	42	284.015873016	5.79132373357
27	42	283.841269841	5.18301974004
28	42	281.619047619	5.56470901257
29	42	283.158730159	5.91529185692
30	42	282.682539683	6.033834225
31	42	283.19047619	8.0668971688
32	42	282.873015873	7.01357428405
33	42	285.873015873	9.57259989148
34	42	285.698412698	9.61420067522
35	42	282.349206349	5.98452695392
36	42	326.285714286	7.3903166404
37	42	328.825396825	8.87396706717
38	42	326.285714286	7.04279113913
39	42	323.73015873	6.65524342561
40	42	325.904761905	7.679521905
41	42	321.555555556	6.5702015571
42	42	-1	0
43	42	242.095238095	52.7963185001
44	42	254.333333333	7.30731314485
45	42	230.634920635	73.5503933902
46	42	254.206349206	7.2793657716
47	42	247.19047619	44.4385993889
0	43	262.253968254	75.6671844442
1	43	283.174603175	35.1777976889
2	43	273.619047619	48.9218452102
3	43	255.682539683	88.9882862626
4	43	283.396825397	5.52207599144
5	43	283.301587302	5.73940686232
6	43	48.0	0.0
7	43	237.80952381	4.80362674778
8	43	231.777777778	41.2716299979
9	43	292.031746032	51.9459328973
10	43	238.507936508	3.30882905425
11	43	240.444444444	5.71208070332
12	43	236.920634921	53.2228920754
13	43	254.396825397	7.12816831821
14	43	254.682539683	6.01802951674
15	43	254.523809524	6.77731309511
16	43	235.746031746	60.8555323499
17	43	247.841269841	44.6468350961
18	43	318.031746032	40.4074361591
19	43	314.047619048	56.4099024774
20	43	300.761904762	85.7420854389
21	43	307.936507937	4.07030678565
22	43	314.774193548	6.75712134461
23	43	318.920634921	40.3879211816
24	43	283.841269841	6.66239470081
25	43	280.888888889	5.01778143321
26	43	282.650793651	8.54708477203
27	43	269.222222222	60.4106172852
28	43	276.222222222	35.3806710949
29	43	285.095238095	7.03441491506
30	43	281.952380952	5.75540759228
31	43	279.634920635	36.148416105
32	43	275.349206349	49.760428828
33	43	285.841269841	7.85424028478
34	43	287.714285714	10.5896453939
35	43	283.158730159	6.10803880718
36	43	328.26984127	8.69812304002
37	43	325.238095238	41.193201121
38	43	328.079365079	7.90880880662
39	43	312.603174603	54.6159868689
40	43	318.587301587	57.4380646203
41	43	324.682539683	6.70897384538
42	43	245.555555556	43.8825191279
43	43	-1	0
44	43	254.428571429	6.94813960647
45	43	254.0	7.25936723816
46	43	253.682539683	6.0259370524
47	43	255.619047619	6.99303184113
0	44	268.555555556	15.1540007581
1	44	268.73015873	15.2015103147
2	44	255.714285714	9.20046336209
3	44	283.984126984	22.8156810901
4	44	258.587301587	9.05474517471
5	44	257.174603175	10.8489479887
6	44	33.0	0.0
7	44	283.904761905	5.87897595476
8	44	285.253968254	6.2105088971
9	44	353.80952381	14.1912751453
10	44	283.619047619	5.46105569022
11	44	292.761904762	7.42093624717
12	44	296.80952381	8.77199212294
13	44	300.206349206	8.2925836634
14	44	303.428571429	11.2584561316
15	44	301.476190476	9.22360178737
16	44	300.952380952	9.28974271591
17	44	306.555555556	13.7987551518
18	44	306.047619048	9.17454825051
19	44	314.492063492	11.4612847501
20	44	307.523809524	8.22473455519
21	44	284.476190476	5.64521750915
22	44	300.079365079	10.1704545439
23	44	308.380952381	10.1768934846
24	44	259.746031746	8.31133907796
25	44	254.603174603	6.58651745189
26	44	259.888888889	9.47529973746
27	44	264.015873016	8.72597302255
28	44	254.095238095	7.23245394197
29	44	264.777777778	12.9190943272
30	44	339.761904762	6.6373505082
31	44	344.936507937	8.03933388987
32	44	348.634920635	9.46053051853
33	44	349.587301587	9.64551860848
34	44	346.761904762	11.4499799483
35	44	342.904761905	7.84717983052
36	44	303.73015873	14.0093011611
37	44	305.222222222	12.1151151092
38	44	303.714285714	12.1242621395
39	44	291.793650794	9.33870377831
40	44	297.428571429	11.7442512593
41	44	296.428571429	11.9159947006
42	44	337.126984127	7.88708420481
43	44	339.619047619	11.8782562071
44	44	-1	0
45	44	338.444444444	11.8130648386
46	44	333.73015873	9.00300893124
47	44	336.285714286	8.54387104457
0	45	266.142857143	12.6990277629
1	45	272.746031746	16.1559544814
2	45	255.46031746	7.457446256
3	45	271.80952381	15.2875684975
4	45	257.793650794	7.43043661295
5	45	258.968253968	8.14154202072
6	45	12.0	9.0
7	45	283.841269841	5.40489592636
8	45	287.761904762	5.8924603041
9	45	356.222222222	16.0697334007
10	45	282.888888889	5.75177298024
11	45	289.936507937	7.60090432354
12	45	296.587301587	9.39543104198
13	45	297.761904762	7.67124973928
14	45	300.698412698	8.43581729019
15	45	299.777777778	8.17360141805
16	45	299.53968254	8.89234626639
17	45	308.174603175	11.1718746669
18	45	306.73015873	7.62869759257
19	45	315.53968254	14.0710503177
20	45	305.476190476	7.26779620504
21	45	284.19047619	6.09932898432
22	45	301.714285714	11.7357526881
23	45	312.095238095	12.1507910589
24	45	259.174603175	8.82194176973
25	45	252.841269841	7.26637471936
26	45	261.952380952	9.3764794751
27	45	258.555555556	10.8111902312
28	45	253.888888889	7.35302790695
29	45	265.396825397	12.7957578319
30	45	341.53968254	7.25461078742
31	45	347.301587302	9.27641645477
32	45	344.412698413	8.15647550837
33	45	347.111111111	12.6918435389
34	45	347.650793651	10.2216060151
35	45	340.53968254	6.17939586307
36	45	302.650793651	13.8439818226
37	45	301.111111111	11.4629992905
38	45	304.126984127	15.5578715477
39	45	293.015873016	7.76948051111
40	45	297.333333333	10.757057484
41	45	295.301587302	8.98611790156
42	45	340.492063492	11.2262066073
43	45	338.0	10.1434160365
44	45	333.666666667	8.27886964142
45	45	-1	0
46	45	332.063492063	7.47030739444
47	45	331.142857143	41.3010077677
0	46	270.444444444	15.98290533
1	46	253.523809524	65.7090405084
2	46	251.555555556	31.8751422171
3	46	250.349206349	80.9026769291
4	46	257.444444444	9.73094846481
5	46	255.285714286	7.52441227242
6	46	33.3333333333	26.2339898266
7	46	285.031746032	7.22203034805
8	46	287.825396825	8.22990999303
9	46	353.079365079	13.6792063114
10	46	283.126984127	5.79680279555
11	46	280.285714286	49.7177521141
12	46	298.857142857	11.112494245
13	46	297.349206349	7.63899505183
14	46	299.301587302	8.28583591713
15	46	296.634920635	38.6618640643
16	46	301.031746032	8.39494983104
17	46	307.587301587	11.9942246957
18	46	299.0	54.613795571
19	46	305.619047619	56.1337486048
20	46	295.80952381	52.6419041072
21	46	284.777777778	6.2193871092
22	46	293.661290323	39.1197267078
23	46	289.412698413	73.521540936
24	46	252.650793651	46.4194672935
25	46	254.682539683	6.95752509552
26	46	257.984126984	9.47761282564
27	46	252.650793651	45.4994012625
28	46	256.920634921	8.21980107762
29	46	271.253968254	14.5689038861
30	46	340.222222222	5.78570884229
31	46	331.047619048	73.9462328417
32	46	342.015873016	43.3693960063
33	46	348.73015873	10.3036537659
34	46	348.714285714	11.9009517712
35	46	341.349206349	6.17768315887
36	46	302.126984127	13.1625877509
37	46	306.650793651	15.2795731784
38	46	306.317460317	13.0783055512
39	46	290.650793651	38.1588820217
40	46	293.253968254	37.8409236162
41	46	294.857142857	7.73747250241
42	46	305.80952381	97.3243402797
43	46	331.507936508	60.1328880291
44	46	327.746031746	41.1103695465
45	46	338.349206349	9.50047405694
46	46	-1	0
47	46	334.793650794	9.02405731815
0	47	264.73015873	12.2839504907
1	47	272.555555556	15.5162769403
2	47	259.555555556	8.84393394076
3	47	288.412698413	26.0978834638
4	47	254.587301587	8.4113206419
5	47	258.158730159	8.76538348242
6	47	12.3333333333	2.49443825785
7	47	282.714285714	5.30177739418
8	47	286.936507937	7.59254650356
9	47	340.984126984	19.1928327094
10	47	283.0	5.13932859552
11	47	289.73015873	8.44629410462
12	47	299.920634921	10.2016207665
13	47	295.666666667	7.65734422858
14	47	301.015873016	9.09995999205
15	47	301.936507937	8.92450348247
16	47	299.920634921	10.0226752239
17	47	304.793650794	12.0990078698
18	47	306.761904762	9.26628002913
19	47	314.634920635	10.5594335877
20	47	304.396825397	9.9035662689
21	47	284.079365079	5.89134847878
22	47	302.095238095	11.4472070285
23	47	308.634920635	9.62190224288
24	47	259.53968254	9.31942057744
25	47	253.888888889	5.85570163367
26	47	259.079365079	10.3376359511
27	47	259.936507937	9.22018664528
28	47	253.396825397	6.87193436999
29	47	272.841269841	12.666925247
30	47	342.507936508	7.88986292732
31	47	349.476190476	12.061821104
32	47	345.793650794	8.604463091
33	47	349.238095238	13.2828978069
34	47	348.968253968	10.2616070618
35	47	338.222222222	5.99588336144
36	47	298.53968254	12.7027373588
37	47	304.603174603	11.754822965
38	47	307.825396825	14.4359996245
39	47	288.301587302	8.09003879096
40	47	298.285714286	10.5656354783
41	47	296.222222222	10.4857339888
42	47	339.650793651	10.9937337565
43	47	338.26984127	10.7529344082
44	47	332.650793651	8.93389964473
45	47	338.317460317	8.74111866152
46	47	334.666666667	8.73053390247
47	47	-1	0
