# src_core	dest_core	cost	stderr
0	0	-1	0
1	0	297.0	26.1624958763
2	0	298.603174603	25.8865287529
3	0	301.507936508	25.7551801021
4	0	305.80952381	24.4162690641
5	0	296.031746032	22.4017914915
6	0	315.285714286	21.2165169047
7	0	313.444444444	21.0341957244
8	0	313.476190476	23.4621323696
9	0	317.111111111	13.9467366737
10	0	314.650793651	22.7087555523
11	0	316.619047619	11.1061667003
12	0	311.603174603	25.4499444491
13	0	313.285714286	17.352945472
14	0	316.206349206	16.4356935716
15	0	314.825396825	8.60885421379
16	0	308.571428571	25.8596420786
17	0	315.857142857	18.8989435691
18	0	314.714285714	20.4228541228
19	0	305.523809524	15.9621150117
20	0	316.015873016	20.9379218989
21	0	318.634920635	20.3752897241
22	0	298.380952381	20.899174869
23	0	314.825396825	18.7418042893
24	0	307.603174603	21.5174640644
25	0	298.603174603	25.2105669975
26	0	303.26984127	22.9811560827
27	0	313.095238095	20.4921311152
28	0	304.920634921	23.480016216
29	0	306.555555556	22.5478523088
30	0	304.444444444	15.73972608
31	0	314.095238095	20.9426384276
32	0	310.555555556	21.2608723094
33	0	312.761904762	23.7096954823
34	0	312.126984127	20.4485355268
35	0	308.619047619	19.7045064312
36	0	309.936507937	25.5900979212
37	0	316.031746032	17.6589994629
38	0	314.412698413	20.0789196262
39	0	299.952380952	22.1792327944
40	0	310.063492063	23.0381829474
41	0	302.238095238	21.2272019896
42	0	310.063492063	21.1419037871
43	0	313.968253968	21.9754323532
44	0	311.555555556	19.3109704636
45	0	315.301587302	22.425633661
46	0	319.079365079	24.4782388536
47	0	318.333333333	14.7959668464
0	1	297.142857143	29.0860011836
1	1	-1	0
2	1	297.0	8.22693987352
3	1	285.063492063	12.0999449243
4	1	300.523809524	10.5527505522
5	1	296.523809524	11.2854128953
6	1	307.904761905	20.1097893604
7	1	313.365079365	21.6826326429
8	1	310.126984127	25.5706255478
9	1	316.619047619	18.6653303701
10	1	310.349206349	13.4059436358
11	1	311.857142857	16.6150220257
12	1	317.412698413	21.4266077877
13	1	305.793650794	23.4805956565
14	1	307.063492063	20.6481276417
15	1	296.587301587	13.7478828623
16	1	312.126984127	22.6130262105
17	1	310.126984127	23.8264172872
18	1	314.952380952	21.0241196116
19	1	312.126984127	18.1532209425
20	1	313.841269841	16.0556634415
21	1	312.047619048	22.3354146659
22	1	297.888888889	20.5990530766
23	1	315.571428571	19.9441396777
24	1	304.904761905	22.1550913463
25	1	300.714285714	25.3836771521
26	1	310.73015873	24.13402153
27	1	314.857142857	23.8446407694
28	1	296.603174603	23.2983000147
29	1	306.0	26.8582404369
30	1	312.46031746	19.6822580625
31	1	309.984126984	18.855753249
32	1	303.396825397	17.0987233187
33	1	306.793650794	20.3923100431
34	1	316.825396825	20.4726218128
35	1	309.650793651	19.7742487106
36	1	308.888888889	24.1050025178
37	1	309.761904762	22.9400282903
38	1	310.619047619	23.0116799684
39	1	305.888888889	21.4513929034
40	1	305.666666667	24.3082062047
41	1	311.380952381	19.8305748954
42	1	314.984126984	18.576732386
43	1	317.603174603	21.2300623051
44	1	316.380952381	21.4242323649
45	1	315.571428571	21.4274073758
46	1	316.238095238	21.9911340618
47	1	316.349206349	15.9464965851
0	2	290.476190476	23.6091569153
1	2	298.73015873	7.03552515883
2	2	-1	0
3	2	301.53968254	24.7942808285
4	2	308.238095238	19.7867313933
5	2	298.698412698	9.21633284616
6	2	315.46031746	23.149497164
7	2	315.619047619	19.6100302902
8	2	306.698412698	18.4284415456
9	2	302.523809524	18.5119928033
10	2	314.19047619	20.837890658
11	2	301.936507937	11.0178398134
12	2	304.904761905	14.6641927413
13	2	301.714285714	18.8084990679
14	2	302.126984127	24.732532437
15	2	297.079365079	16.20631034
16	2	305.746031746	19.5204152424
17	2	314.222222222	17.0298006256
18	2	313.412698413	21.3717176413
19	2	309.047619048	13.4641541402
20	2	309.825396825	21.1566640652
21	2	316.301587302	17.3238389021
22	2	301.746031746	21.0675167505
23	2	307.412698413	13.527907569
24	2	304.349206349	24.7586180155
25	2	294.793650794	19.0155815225
26	2	297.015873016	23.7650484078
27	2	301.333333333	18.3588566923
28	2	307.079365079	28.3981340698
29	2	305.920634921	21.0903585791
30	2	304.142857143	13.8482216414
31	2	310.587301587	23.9083135708
32	2	309.079365079	19.172816063
33	2	310.761904762	19.1001656153
34	2	306.285714286	16.2719239859
35	2	309.73015873	20.7503729928
36	2	303.206349206	23.4711296691
37	2	308.333333333	22.3677772771
38	2	304.444444444	22.7343372057
39	2	303.888888889	24.2428920109
40	2	301.555555556	20.6964284763
41	2	304.603174603	22.06091112
42	2	312.650793651	17.3865106717
43	2	307.285714286	19.0516662367
44	2	312.523809524	18.8939035627
45	2	310.285714286	18.5715506711
46	2	317.619047619	17.6818699825
47	2	311.333333333	20.0340979174
0	3	300.047619048	24.8860441361
1	3	299.412698413	10.9336163155
2	3	298.317460317	9.28358407257
3	3	-1	0
4	3	282.841269841	24.50928321
5	3	303.825396825	15.1149454919
6	3	310.46031746	22.8916186207
7	3	316.444444444	18.9559035306
8	3	309.619047619	19.5110294989
9	3	304.412698413	16.9186990763
10	3	315.206349206	17.4120545091
11	3	304.222222222	21.8061040271
12	3	306.888888889	17.3681985533
13	3	309.047619048	19.3927073279
14	3	311.793650794	23.9617146551
15	3	308.380952381	19.4049810096
16	3	299.333333333	18.6658163072
17	3	310.380952381	19.075812468
18	3	315.507936508	14.7883190883
19	3	319.19047619	16.8314304845
20	3	326.206349206	17.1391677394
21	3	319.984126984	16.4215229109
22	3	305.142857143	15.4784613719
23	3	317.936507937	15.2657652217
24	3	303.206349206	20.4855029888
25	3	301.746031746	16.7426536877
26	3	312.333333333	19.9308327783
27	3	309.587301587	22.9226684232
28	3	302.079365079	19.0307200168
29	3	305.26984127	20.1606298318
30	3	318.365079365	15.5831630623
31	3	322.841269841	18.5294329137
32	3	317.761904762	17.003934452
33	3	313.857142857	15.1331205595
34	3	314.793650794	16.0911675764
35	3	308.253968254	14.4573464095
36	3	299.015873016	22.1613792931
37	3	306.079365079	18.3599820065
38	3	307.174603175	21.2338003107
39	3	309.984126984	20.3754381108
40	3	300.920634921	18.2863480931
41	3	308.523809524	22.5535392238
42	3	322.365079365	18.4943591463
43	3	311.095238095	20.7285665059
44	3	312.492063492	15.4044654584
45	3	314.047619048	16.4649011695
46	3	319.396825397	17.1756007104
47	3	319.047619048	19.0358296849
0	4	282.793650794	22.3962572909
1	4	306.380952381	13.8706365327
2	4	300.26984127	20.2564560347
3	4	294.333333333	12.1720470817
4	4	-1	0
5	4	295.53968254	19.3889392433
6	4	309.555555556	17.1026571571
7	4	313.761904762	17.9609048856
8	4	310.333333333	22.4230606919
9	4	299.492063492	16.3628237326
10	4	305.317460317	17.1758647543
11	4	308.523809524	19.3930581123
12	4	306.222222222	20.0217694574
13	4	309.444444444	19.0511240161
14	4	304.746031746	19.5082141869
15	4	304.365079365	16.0991980351
16	4	302.333333333	17.2709500111
17	4	311.095238095	19.1043203671
18	4	313.761904762	17.0607823614
19	4	319.825396825	16.5668819403
20	4	319.428571429	17.0728730212
21	4	315.920634921	16.4917503064
22	4	303.968253968	20.7463657203
23	4	316.825396825	17.3017474872
24	4	308.142857143	20.0300228172
25	4	307.571428571	18.2301984645
26	4	301.571428571	20.584101035
27	4	311.634920635	22.6647769431
28	4	304.873015873	19.7061686124
29	4	306.53968254	16.7301888497
30	4	319.333333333	15.7701747834
31	4	318.746031746	17.2975530465
32	4	319.031746032	15.7237745922
33	4	304.80952381	15.216800597
34	4	319.301587302	12.6486525045
35	4	318.825396825	14.0752396383
36	4	305.031746032	24.4332380002
37	4	301.746031746	24.880009349
38	4	301.873015873	23.7663841989
39	4	309.555555556	18.7411589974
40	4	301.063492063	18.926652926
41	4	305.063492063	21.715968096
42	4	320.73015873	15.7995442462
43	4	309.19047619	20.3679308647
44	4	315.412698413	14.4646640271
45	4	313.841269841	11.5486635648
46	4	314.825396825	17.4151363488
47	4	317.857142857	14.8845900316
0	5	296.507936508	26.7254548514
1	5	303.063492063	18.5471283157
2	5	297.031746032	19.0845805406
3	5	304.476190476	14.3436918748
4	5	296.587301587	23.9527543703
5	5	-1	0
6	5	304.365079365	20.7458556483
7	5	314.079365079	25.623836613
8	5	305.80952381	25.2943667377
9	5	315.301587302	17.277965526
10	5	313.777777778	17.8178120657
11	5	296.793650794	21.4935639907
12	5	300.650793651	22.7366976495
13	5	306.603174603	16.5668819403
14	5	313.714285714	23.2135897332
15	5	300.095238095	14.6609450806
16	5	299.26984127	22.440189534
17	5	310.063492063	22.9166003572
18	5	314.46031746	21.125344289
19	5	306.650793651	18.977981168
20	5	315.111111111	22.3600487769
21	5	318.238095238	21.3375846104
22	5	296.984126984	19.4017607313
23	5	317.476190476	18.3604623026
24	5	299.253968254	21.6714047962
25	5	294.619047619	19.0007757331
26	5	310.682539683	22.9207228596
27	5	296.73015873	20.7748369995
28	5	310.428571429	26.0985399371
29	5	296.857142857	18.7395322254
30	5	305.142857143	17.1194284347
31	5	316.412698413	23.3915158413
32	5	312.095238095	20.6218517834
33	5	310.238095238	17.7018645648
34	5	312.714285714	22.1871037699
35	5	313.746031746	19.6282661858
36	5	306.142857143	23.1693949355
37	5	301.492063492	23.5499287337
38	5	299.206349206	19.3777476128
39	5	308.825396825	24.0545277938
40	5	301.285714286	18.2142701525
41	5	310.873015873	15.2965314706
42	5	314.031746032	19.9634334404
43	5	312.333333333	17.8450117524
44	5	310.174603175	16.1673192628
45	5	314.46031746	19.0594936531
46	5	310.174603175	21.4805483677
47	5	319.015873016	18.8439641833
0	6	284.0	12.6816953451
1	6	286.952380952	3.88087934492
2	6	292.317460317	6.14849419383
3	6	287.587301587	5.27237460623
4	6	286.285714286	4.48428852076
5	6	290.80952381	5.51435973303
6	6	-1	0
7	6	266.825396825	9.90837337497
8	6	280.095238095	30.8816040611
9	6	252.349206349	7.62027106579
10	6	256.46031746	9.2166608918
11	6	255.857142857	8.2900918923
12	6	298.301587302	12.0417724275
13	6	298.650793651	9.67595404452
14	6	291.444444444	11.9413617284
15	6	290.126984127	11.0302499842
16	6	294.857142857	8.07869458034
17	6	294.111111111	8.6815094714
18	6	301.26984127	14.7090365802
19	6	311.53968254	18.6426932764
20	6	307.793650794	14.4234803388
21	6	307.841269841	14.7187455785
22	6	299.158730159	14.5211464295
23	6	306.555555556	15.8252137354
24	6	306.142857143	13.8802785101
25	6	304.603174603	12.8502234957
26	6	301.714285714	16.3001884997
27	6	307.682539683	17.3852933624
28	6	301.873015873	17.5874161935
29	6	303.111111111	14.5144822162
30	6	294.317460317	10.7154026461
31	6	295.380952381	12.3615232167
32	6	292.111111111	11.1428119205
33	6	294.206349206	10.8863664995
34	6	292.952380952	10.3255401818
35	6	292.53968254	11.3400895784
36	6	305.158730159	12.2929923891
37	6	303.825396825	15.2102092725
38	6	305.53968254	18.8147404192
39	6	300.380952381	12.5854899715
40	6	302.095238095	12.1507910589
41	6	306.126984127	11.7453024227
42	6	285.079365079	10.134494901
43	6	282.888888889	11.8175429336
44	6	285.142857143	12.4796432881
45	6	289.031746032	17.4901044621
46	6	289.015873016	8.06027307327
47	6	286.984126984	8.04647623456
0	7	289.968253968	13.235316217
1	7	290.46031746	4.53846137422
2	7	290.19047619	4.84311700384
3	7	291.444444444	4.92089093036
4	7	289.492063492	5.14511022565
5	7	295.984126984	6.10618230428
6	7	265.380952381	10.3730857043
7	7	-1	0
8	7	273.634920635	9.71874573412
9	7	256.888888889	10.5245157655
10	7	265.047619048	9.85518729164
11	7	254.301587302	9.50126962382
12	7	294.555555556	13.0137628952
13	7	292.142857143	14.0778528563
14	7	299.46031746	13.2985563088
15	7	295.238095238	8.77173361757
16	7	298.73015873	11.5032174232
17	7	294.714285714	9.78406312104
18	7	312.666666667	13.8093596049
19	7	306.333333333	15.9642457654
20	7	305.761904762	14.9206518068
21	7	298.492063492	18.4999982976
22	7	296.888888889	17.2499009531
23	7	299.492063492	14.8172711494
24	7	298.888888889	14.8068100067
25	7	308.841269841	13.5695812351
26	7	307.920634921	14.8423478091
27	7	312.428571429	15.1287745239
28	7	310.412698413	14.8992754917
29	7	313.841269841	13.5707509345
30	7	299.666666667	10.8056422651
31	7	298.507936508	12.1104349808
32	7	293.936507937	14.9982782249
33	7	290.634920635	18.5808414621
34	7	298.936507937	10.8479725498
35	7	296.285714286	13.0291840569
36	7	307.079365079	19.9978582879
37	7	302.523809524	15.1635079315
38	7	301.111111111	16.0288540532
39	7	302.714285714	15.8569283555
40	7	304.412698413	13.3114521892
41	7	304.047619048	12.045454351
42	7	289.063492063	13.4988218367
43	7	289.253968254	9.55181068843
44	7	288.698412698	11.2315243995
45	7	287.523809524	17.7548179402
46	7	294.095238095	17.630884055
47	7	292.952380952	11.7140921393
0	8	291.444444444	13.0831016392
1	8	285.53968254	3.75362426693
2	8	285.142857143	6.19230742146
3	8	292.746031746	5.7624076041
4	8	288.031746032	4.75751120066
5	8	285.761904762	5.24544938294
6	8	262.492063492	10.6724285269
7	8	255.428571429	7.8086526808
8	8	-1	0
9	8	253.777777778	8.34274600685
10	8	256.333333333	8.33618998656
11	8	254.031746032	8.30178457382
12	8	292.984126984	13.7569515628
13	8	291.984126984	10.9768762196
14	8	290.603174603	13.5090089664
15	8	291.047619048	10.535546138
16	8	293.444444444	9.40580330447
17	8	293.507936508	8.63707956204
18	8	305.365079365	12.9176900821
19	8	307.174603175	18.690919349
20	8	308.174603175	15.3504456091
21	8	303.714285714	15.2964655856
22	8	294.079365079	13.5626723818
23	8	303.111111111	14.6905769508
24	8	307.079365079	12.6029746896
25	8	301.571428571	12.4003511032
26	8	310.873015873	18.1846717795
27	8	309.746031746	16.4074782156
28	8	301.571428571	16.0086427904
29	8	302.936507937	12.6338836617
30	8	296.936507937	7.02800072245
31	8	290.873015873	17.0838195643
32	8	292.396825397	14.3665613548
33	8	291.380952381	15.0906557563
34	8	295.015873016	10.8795600744
35	8	294.428571429	14.3258167287
36	8	305.920634921	12.6595237846
37	8	301.317460317	13.7642571359
38	8	307.142857143	13.1811037701
39	8	300.825396825	13.7593139393
40	8	303.46031746	13.9805141001
41	8	303.666666667	14.6893763577
42	8	286.174603175	14.1898014825
43	8	285.587301587	9.04422102718
44	8	284.793650794	10.55019556
45	8	287.396825397	10.5537771506
46	8	287.73015873	8.01032339717
47	8	286.650793651	8.95873915831
0	9	289.333333333	12.7814349494
1	9	291.428571429	4.86227553271
2	9	294.619047619	6.65100200454
3	9	294.142857143	8.49436254297
4	9	291.698412698	5.02891613377
5	9	290.365079365	4.37634908833
6	9	272.174603175	10.4661808843
7	9	258.19047619	10.7198927128
8	9	271.793650794	10.6981065379
9	9	-1	0
10	9	256.873015873	10.076677557
11	9	258.571428571	9.72431788233
12	9	301.73015873	10.3497662717
13	9	296.365079365	10.6089234487
14	9	292.984126984	15.7857601729
15	9	297.571428571	13.00514463
16	9	298.841269841	13.0471749046
17	9	300.904761905	9.9788892815
18	9	313.380952381	16.8083771361
19	9	306.238095238	18.3707101985
20	9	309.365079365	14.1458408126
21	9	303.873015873	13.4110734434
22	9	297.619047619	15.5659667136
23	9	310.428571429	14.1911153579
24	9	310.873015873	14.6563730799
25	9	305.80952381	13.8562428115
26	9	307.0	15.373652993
27	9	309.777777778	15.236177128
28	9	312.222222222	14.2622205404
29	9	310.53968254	14.6383117649
30	9	298.079365079	10.713145148
31	9	298.936507937	11.4737423018
32	9	298.285714286	13.3433635742
33	9	295.333333333	13.5611489891
34	9	290.603174603	16.1987062804
35	9	297.841269841	9.71205493631
36	9	307.349206349	15.7017426292
37	9	307.095238095	14.5031078068
38	9	308.444444444	15.2208897575
39	9	305.158730159	13.2751185679
40	9	304.888888889	13.2222889154
41	9	304.285714286	11.7735627592
42	9	288.873015873	13.2467331265
43	9	292.619047619	10.3577722852
44	9	289.444444444	11.1337863862
45	9	292.253968254	10.5649439094
46	9	292.222222222	6.43019771708
47	9	287.73015873	11.5953005659
0	10	296.0	14.044148078
1	10	290.492063492	5.30909078359
2	10	290.412698413	6.03596343787
3	10	288.158730159	5.28011047626
4	10	290.015873016	4.62392694885
5	10	288.920634921	4.5991772463
6	10	269.031746032	10.6918872285
7	10	254.80952381	16.5710180573
8	10	262.603174603	11.5587384418
9	10	255.444444444	9.39567238743
10	10	-1	0
11	10	268.571428571	11.060747536
12	10	297.349206349	13.3703756048
13	10	294.333333333	13.7217241732
14	10	295.079365079	10.9461910275
15	10	292.253968254	11.600449162
16	10	290.365079365	10.7943277099
17	10	290.984126984	10.2143566308
18	10	298.238095238	15.4300410823
19	10	306.873015873	16.9101191303
20	10	300.80952381	15.6518239141
21	10	309.603174603	13.2791036255
22	10	302.507936508	15.9482028802
23	10	303.650793651	14.5712902438
24	10	304.507936508	12.9527505394
25	10	306.714285714	15.6453031356
26	10	306.761904762	13.3353739935
27	10	312.428571429	15.1056746256
28	10	311.380952381	13.8052538555
29	10	301.53968254	13.287809662
30	10	299.793650794	11.1968798519
31	10	299.619047619	10.1127431341
32	10	289.253968254	16.0564166612
33	10	295.793650794	12.5054384743
34	10	299.873015873	13.6759458203
35	10	294.142857143	10.9658302516
36	10	304.761904762	13.8159262662
37	10	302.142857143	17.2238825913
38	10	308.222222222	16.4803340662
39	10	304.333333333	14.5252926643
40	10	305.746031746	12.9430599826
41	10	304.666666667	13.4506741437
42	10	286.587301587	21.6748225826
43	10	285.666666667	12.237076111
44	10	293.047619048	12.8216441154
45	10	286.507936508	10.1432173223
46	10	294.777777778	11.5035459605
47	10	290.603174603	10.6481083834
0	11	291.365079365	12.5714486131
1	11	291.26984127	4.497640825
2	11	294.825396825	5.10069924413
3	11	288.349206349	5.08080336779
4	11	295.857142857	7.09763462243
5	11	291.349206349	4.70446842689
6	11	264.777777778	10.3807582138
7	11	269.126984127	11.04463105
8	11	272.825396825	9.95631678334
9	11	254.73015873	8.77624200808
10	11	256.682539683	8.8440194066
11	11	-1	0
12	11	297.603174603	9.40708898944
13	11	292.73015873	13.5520236282
14	11	295.301587302	10.3473559549
15	11	298.222222222	10.2855183207
16	11	296.206349206	12.4277706568
17	11	295.396825397	11.0403871604
18	11	308.015873016	16.4147553284
19	11	308.904761905	17.1452379299
20	11	305.873015873	15.2664088806
21	11	306.698412698	15.4505200207
22	11	295.365079365	14.8091580281
23	11	309.523809524	13.9794147331
24	11	307.698412698	15.6495701251
25	11	303.825396825	14.19315695
26	11	307.682539683	15.7559012848
27	11	310.666666667	12.9663789906
28	11	314.206349206	15.7743600782
29	11	305.26984127	12.8670939347
30	11	305.26984127	9.73653950652
31	11	295.333333333	12.6666666667
32	11	298.015873016	11.9037036567
33	11	295.873015873	15.1652192543
34	11	300.047619048	14.4468688006
35	11	300.666666667	14.4880903471
36	11	302.476190476	14.1610433017
37	11	306.412698413	14.7837694365
38	11	306.285714286	14.9554137052
39	11	302.936507937	16.5009600643
40	11	311.53968254	15.0889693725
41	11	304.523809524	12.7738039764
42	11	290.841269841	13.0033040358
43	11	287.507936508	12.1209159587
44	11	290.571428571	12.7934932441
45	11	289.587301587	10.2021393969
46	11	290.19047619	8.7502510492
47	11	288.746031746	10.4501359511
0	12	436.746031746	21.3920087839
1	12	423.206349206	17.8433738803
2	12	436.777777778	16.7165391387
3	12	436.952380952	19.9120515246
4	12	437.222222222	22.3027113765
5	12	424.841269841	20.9111547275
6	12	387.857142857	14.5513400276
7	12	378.428571429	15.3836795459
8	12	388.412698413	14.3312677588
9	12	381.333333333	10.5785047102
10	12	377.063492063	13.2830874876
11	12	375.396825397	11.1505422781
12	12	-1	0
13	12	341.142857143	25.0611044632
14	12	339.142857143	25.5422818727
15	12	335.746031746	23.3869915368
16	12	341.063492063	24.8729297716
17	12	332.031746032	26.6946093208
18	12	332.857142857	26.071243748
19	12	330.126984127	24.6154500866
20	12	339.777777778	27.6247211834
21	12	333.095238095	25.8743694261
22	12	326.634920635	26.7785163756
23	12	334.619047619	24.8930592554
24	12	370.476190476	17.441837262
25	12	371.365079365	13.7278555734
26	12	374.873015873	17.3594053584
27	12	369.19047619	15.6173053616
28	12	369.920634921	16.7477092367
29	12	374.412698413	11.94914478
30	12	334.523809524	25.120570931
31	12	328.031746032	19.4756406696
32	12	326.682539683	17.9663047908
33	12	341.412698413	25.6450960197
34	12	322.444444444	19.6612403957
35	12	325.333333333	21.4031595353
36	12	366.714285714	14.602053097
37	12	368.984126984	15.5945575198
38	12	368.650793651	16.1767604524
39	12	371.222222222	17.6800887418
40	12	378.777777778	13.6642790533
41	12	366.603174603	14.8372543587
42	12	402.666666667	18.7048928324
43	12	385.825396825	15.637297378
44	12	403.587301587	13.9757555614
45	12	405.888888889	17.873551544
46	12	405.920634921	13.8704912163
47	12	405.015873016	14.5999478837
0	13	443.285714286	26.7916289766
1	13	424.317460317	23.216596005
2	13	437.571428571	19.4428052435
3	13	430.015873016	15.2757636273
4	13	442.0	21.4350254831
5	13	438.746031746	15.046982774
6	13	383.873015873	12.365456318
7	13	379.619047619	14.8649247019
8	13	385.126984127	12.0679189872
9	13	375.365079365	18.0776996599
10	13	382.888888889	13.2414825707
11	13	373.666666667	14.6839724741
12	13	343.206349206	25.6497524541
13	13	-1	0
14	13	339.158730159	19.0781237216
15	13	331.793650794	19.5944264266
16	13	342.222222222	21.624827328
17	13	336.793650794	19.8942910613
18	13	340.126984127	22.093231071
19	13	348.936507937	21.1636653409
20	13	349.873015873	18.9690575642
21	13	341.682539683	20.161904512
22	13	331.285714286	18.6602272664
23	13	351.253968254	19.8230011134
24	13	387.46031746	19.7988498919
25	13	380.142857143	16.4344364962
26	13	386.968253968	18.7785492737
27	13	390.380952381	17.3263984034
28	13	382.666666667	19.8909726673
29	13	389.46031746	20.558723786
30	13	345.444444444	17.0878010676
31	13	341.492063492	20.1083359607
32	13	337.793650794	18.5071060828
33	13	340.746031746	20.156505314
34	13	341.047619048	17.5521251564
35	13	341.53968254	18.2398703323
36	13	383.428571429	16.5603411184
37	13	388.666666667	20.6597530679
38	13	375.873015873	17.6504796135
39	13	393.063492063	19.9943428633
40	13	394.650793651	20.0120271219
41	13	384.428571429	18.6562167057
42	13	411.888888889	17.7425245704
43	13	394.920634921	16.8195856991
44	13	403.428571429	16.3820597632
45	13	404.698412698	16.487258111
46	13	412.492063492	20.3570299202
47	13	408.206349206	18.1538038606
0	14	435.317460317	24.4630108835
1	14	432.80952381	17.7994623986
2	14	436.222222222	19.0600091977
3	14	441.015873016	19.0400514067
4	14	439.53968254	17.1869509349
5	14	428.603174603	18.1077372593
6	14	390.857142857	17.4454770987
7	14	394.888888889	17.3031890914
8	14	395.73015873	18.5978376873
9	14	394.19047619	14.7517630293
10	14	397.301587302	17.656901992
11	14	396.26984127	16.9079734635
12	14	352.079365079	19.2323318938
13	14	339.412698413	24.005710247
14	14	-1	0
15	14	339.412698413	20.617171854
16	14	342.587301587	25.8042908457
17	14	336.587301587	23.3181140302
18	14	335.063492063	26.1642389022
19	14	325.206349206	23.0356237095
20	14	329.0	28.5195560864
21	14	342.285714286	26.5745005905
22	14	320.873015873	26.1688607291
23	14	346.873015873	28.0082142506
24	14	370.746031746	13.9465740846
25	14	358.317460317	14.2068901201
26	14	372.714285714	17.2262521801
27	14	368.53968254	18.3785808707
28	14	374.793650794	11.9498405783
29	14	369.920634921	16.1778818117
30	14	323.047619048	21.3224887402
31	14	331.873015873	21.328490569
32	14	332.888888889	22.8202855394
33	14	327.587301587	24.9505128749
34	14	324.873015873	20.2457066297
35	14	324.777777778	18.9732011879
36	14	369.841269841	13.4485573065
37	14	370.46031746	15.4722746369
38	14	377.873015873	14.159513111
39	14	376.523809524	16.669387533
40	14	371.936507937	16.5153829359
41	14	373.206349206	14.9678584001
42	14	397.142857143	15.4558841139
43	14	401.079365079	10.4961090104
44	14	403.603174603	11.2934026008
45	14	403.793650794	15.1564944749
46	14	408.793650794	13.036163047
47	14	410.047619048	15.4841737651
0	15	434.428571429	24.4532039552
1	15	430.507936508	21.4541763544
2	15	429.73015873	19.1437389568
3	15	442.476190476	15.827299244
4	15	435.793650794	17.9648322503
5	15	437.333333333	19.647690603
6	15	382.603174603	12.5401446569
7	15	378.095238095	12.9831567146
8	15	383.158730159	17.7112701535
9	15	376.492063492	15.916321877
10	15	383.015873016	14.328894178
11	15	371.349206349	9.45861282181
12	15	340.73015873	26.6876145991
13	15	334.365079365	22.6395507186
14	15	337.666666667	27.3182304384
15	15	-1	0
16	15	329.619047619	30.1216731398
17	15	338.73015873	22.7646386528
18	15	337.793650794	29.1880377379
19	15	331.968253968	25.6700481718
20	15	335.873015873	23.6331030034
21	15	330.714285714	25.5457439511
22	15	319.396825397	25.2677972373
23	15	330.80952381	24.3322616482
24	15	372.111111111	14.3273643287
25	15	371.222222222	14.4655523429
26	15	369.507936508	13.7377628269
27	15	375.825396825	12.1649244448
28	15	368.793650794	14.9911706609
29	15	369.047619048	13.3896768711
30	15	319.682539683	15.5296188046
31	15	332.19047619	25.7416080595
32	15	336.301587302	27.5419650488
33	15	333.80952381	25.882430851
34	15	327.634920635	25.6510784991
35	15	326.650793651	20.4311920964
36	15	374.920634921	16.7012038225
37	15	378.746031746	14.3050310319
38	15	366.349206349	15.57384736
39	15	374.396825397	19.692508996
40	15	378.682539683	13.6414696839
41	15	369.238095238	16.5248387219
42	15	407.26984127	14.1120306091
43	15	395.73015873	14.7553663622
44	15	393.428571429	9.60442075084
45	15	409.126984127	16.1190925574
46	15	408.253968254	16.3221227358
47	15	402.349206349	15.9922190705
0	16	434.857142857	21.4926027458
1	16	422.80952381	16.4662783286
2	16	437.19047619	24.2112771461
3	16	432.333333333	19.7411824801
4	16	436.619047619	18.7196769164
5	16	427.666666667	16.3318755423
6	16	382.142857143	14.4462409488
7	16	374.142857143	18.093984919
8	16	387.19047619	13.3628924049
9	16	377.507936508	10.0772776241
10	16	398.507936508	17.3396261616
11	16	375.952380952	9.78568532031
12	16	335.063492063	22.4491474833
13	16	338.825396825	23.3255358961
14	16	338.111111111	25.2411298964
15	16	347.555555556	17.2799340256
16	16	-1	0
17	16	344.80952381	22.6777683897
18	16	335.19047619	25.2422278737
19	16	329.825396825	24.5340965736
20	16	339.047619048	27.1225487936
21	16	343.047619048	23.6900813559
22	16	323.301587302	24.6516266379
23	16	337.238095238	26.4279279201
24	16	372.365079365	13.9458153106
25	16	366.761904762	12.283314642
26	16	368.444444444	22.9144563629
27	16	375.888888889	16.3708132766
28	16	363.0	16.0979146831
29	16	368.73015873	13.6593550119
30	16	316.920634921	14.979670443
31	16	331.587301587	27.528706472
32	16	324.857142857	22.1437275815
33	16	340.587301587	27.2476210819
34	16	330.873015873	28.8875719218
35	16	329.158730159	21.76731666
36	16	369.968253968	17.296635377
37	16	368.666666667	15.2617376114
38	16	368.888888889	15.3065097793
39	16	374.777777778	15.4626477172
40	16	373.126984127	13.2623013439
41	16	366.825396825	15.7576282183
42	16	401.73015873	15.667382303
43	16	388.952380952	12.4561817017
44	16	401.53968254	14.3591411036
45	16	406.857142857	15.4137200714
46	16	400.507936508	15.24703772
47	16	397.396825397	14.1236486164
0	17	433.761904762	25.0521451641
1	17	430.888888889	24.143822445
2	17	434.206349206	19.4251994169
3	17	422.412698413	21.2749460825
4	17	436.063492063	19.9983118461
5	17	438.650793651	20.2069913488
6	17	385.444444444	17.6426411457
7	17	372.396825397	12.6923795192
8	17	386.206349206	15.6176118839
9	17	383.412698413	11.1392840108
10	17	386.444444444	12.2290024484
11	17	372.142857143	10.605265453
12	17	343.206349206	27.1528061224
13	17	337.888888889	29.292239132
14	17	341.571428571	25.9986045326
15	17	342.031746032	19.7041356178
16	17	336.380952381	28.2294614602
17	17	-1	0
18	17	329.079365079	24.0319242618
19	17	327.571428571	23.1501066443
20	17	336.888888889	24.7630748604
21	17	333.920634921	27.2491744959
22	17	328.174603175	28.0422242186
23	17	326.126984127	28.4836305334
24	17	374.063492063	16.8794728495
25	17	363.714285714	13.2861409728
26	17	367.142857143	15.1110777644
27	17	370.587301587	12.9561346879
28	17	364.206349206	15.6003243049
29	17	366.746031746	14.5580046753
30	17	331.682539683	28.1407039526
31	17	335.841269841	24.2442638277
32	17	329.619047619	25.0266071564
33	17	326.619047619	23.7108431236
34	17	326.793650794	23.4535398419
35	17	326.968253968	25.9584333509
36	17	370.015873016	13.3944931393
37	17	367.428571429	13.833148921
38	17	373.46031746	12.6601805409
39	17	372.46031746	16.695998377
40	17	370.301587302	11.4193304791
41	17	366.53968254	14.0642803176
42	17	403.761904762	16.2331370729
43	17	400.126984127	11.7925077957
44	17	399.888888889	17.9700907693
45	17	401.380952381	17.7338601528
46	17	409.142857143	15.5143120231
47	17	397.492063492	14.3171259596
0	18	405.396825397	22.3091835902
1	18	402.984126984	22.7585616637
2	18	400.015873016	23.7617086016
3	18	400.968253968	24.8768192309
4	18	402.015873016	22.195732511
5	18	403.666666667	22.3720346975
6	18	403.841269841	20.7595503738
7	18	402.507936508	20.0427107566
8	18	401.476190476	20.256965992
9	18	401.523809524	17.2671420626
10	18	400.666666667	16.9658854718
11	18	399.698412698	17.0709396814
12	18	369.650793651	9.32679827362
13	18	371.19047619	9.63106274585
14	18	367.746031746	10.3830879799
15	18	365.634920635	6.20624771565
16	18	372.333333333	9.33333333333
17	18	370.095238095	9.43602399069
18	18	-1	0
19	18	309.80952381	21.724725978
20	18	299.666666667	12.7615493909
21	18	308.396825397	18.1156248288
22	18	285.285714286	14.7760301082
23	18	300.841269841	20.1803034171
24	18	322.063492063	14.8888719667
25	18	316.968253968	12.7664842135
26	18	319.079365079	12.4483715864
27	18	319.396825397	10.0167156841
28	18	318.873015873	9.07025850333
29	18	319.126984127	11.8850206689
30	18	321.26984127	9.79505276683
31	18	322.682539683	13.3901472861
32	18	327.126984127	10.5326281613
33	18	321.746031746	14.0881220418
34	18	320.80952381	9.73270895397
35	18	322.0	12.0039675981
36	18	392.349206349	18.0635199598
37	18	394.650793651	18.55250698
38	18	399.285714286	17.537649814
39	18	391.111111111	22.2197617686
40	18	401.396825397	16.8415017263
41	18	396.285714286	14.3310392089
42	18	313.73015873	20.8754479843
43	18	312.888888889	20.4474635452
44	18	316.936507937	20.6381316183
45	18	317.412698413	17.8322295347
46	18	317.936507937	20.8523707425
47	18	317.841269841	19.9771348258
0	19	402.714285714	22.1319481576
1	19	403.73015873	20.9490738131
2	19	400.253968254	23.8280668533
3	19	405.46031746	19.1210225841
4	19	406.46031746	21.0628879951
5	19	403.507936508	22.7769536934
6	19	401.666666667	23.60858063
7	19	403.301587302	20.5268967344
8	19	403.349206349	21.7855046684
9	19	400.253968254	17.67157906
10	19	399.380952381	16.1917366456
11	19	397.476190476	19.0028044237
12	19	371.301587302	9.01081346967
13	19	372.26984127	10.1562496972
14	19	369.888888889	9.23607679908
15	19	365.174603175	7.20127784635
16	19	372.19047619	12.9833313685
17	19	370.26984127	10.7912462308
18	19	296.285714286	11.4634388749
19	19	-1	0
20	19	296.476190476	15.1184289337
21	19	301.825396825	18.4162968569
22	19	289.476190476	15.998866173
23	19	302.206349206	18.0459367367
24	19	349.047619048	19.2604773148
25	19	341.523809524	17.365224456
26	19	313.841269841	9.40821381966
27	19	321.19047619	13.2111750951
28	19	319.253968254	12.5216869064
29	19	346.031746032	19.3743147377
30	19	353.111111111	17.9886305461
31	19	352.238095238	16.4516745765
32	19	350.904761905	17.4971329041
33	19	348.46031746	20.4588828046
34	19	350.666666667	21.010957081
35	19	344.746031746	17.4054983595
36	19	389.111111111	20.8373223694
37	19	391.666666667	15.9950389134
38	19	390.238095238	19.3601737216
39	19	400.285714286	19.4833494818
40	19	386.523809524	18.5710622674
41	19	392.619047619	17.995086253
42	19	306.444444444	17.9883364132
43	19	317.015873016	21.6446716662
44	19	311.412698413	14.7708796749
45	19	314.158730159	15.9465439846
46	19	314.047619048	18.4858835644
47	19	308.031746032	16.9330786014
0	20	402.507936508	23.6420885226
1	20	396.761904762	16.6692515002
2	20	394.047619048	18.3557685855
3	20	405.349206349	21.6055245214
4	20	401.682539683	24.6890666611
5	20	398.777777778	18.1645428592
6	20	397.682539683	18.2824622329
7	20	401.253968254	18.5831193701
8	20	402.365079365	21.2552899763
9	20	397.492063492	17.3304695582
10	20	398.396825397	17.7750848301
11	20	399.317460317	16.5891773831
12	20	393.968253968	16.9826879675
13	20	389.031746032	21.2692252931
14	20	389.571428571	16.6825774394
15	20	368.634920635	8.70559314337
16	20	383.857142857	20.1595675367
17	20	383.301587302	14.9588163956
18	20	306.682539683	16.1705448435
19	20	305.095238095	20.6095326116
20	20	-1	0
21	20	306.111111111	18.354629286
22	20	289.174603175	10.0641429863
23	20	304.920634921	17.5058281336
24	20	335.349206349	15.6257405972
25	20	318.904761905	12.6311711753
26	20	318.523809524	11.930828605
27	20	319.476190476	11.3233249125
28	20	320.238095238	9.92785768817
29	20	319.0	10.3294923737
30	20	318.714285714	8.73494818118
31	20	324.53968254	13.0661630088
32	20	322.968253968	11.7621511017
33	20	342.888888889	19.1627210109
34	20	322.634920635	11.4798672457
35	20	320.857142857	10.3185103251
36	20	391.46031746	19.4812285692
37	20	396.857142857	23.6293180435
38	20	391.047619048	22.0219432929
39	20	394.888888889	19.6105827529
40	20	396.158730159	17.4057154901
41	20	396.666666667	16.236349578
42	20	311.396825397	18.9347582315
43	20	316.80952381	18.9902708113
44	20	316.428571429	19.9926290272
45	20	315.888888889	21.579025024
46	20	313.158730159	19.3343237425
47	20	318.555555556	18.5179259164
0	21	402.793650794	23.0432021654
1	21	399.888888889	26.3644247503
2	21	402.841269841	21.776794369
3	21	392.301587302	17.5296890298
4	21	393.507936508	23.1652949343
5	21	405.285714286	22.3361253205
6	21	408.714285714	18.8556998005
7	21	401.650793651	20.1030351733
8	21	400.682539683	22.4505279019
9	21	403.285714286	15.7766439502
10	21	395.571428571	22.6559598562
11	21	398.206349206	16.9978137998
12	21	374.904761905	9.79101351129
13	21	372.603174603	10.1957658229
14	21	372.047619048	8.69487820671
15	21	368.968253968	8.54115759964
16	21	369.476190476	9.8687532267
17	21	370.603174603	10.5206368365
18	21	301.222222222	18.7451110616
19	21	304.714285714	19.2035285873
20	21	300.507936508	18.0808352594
21	21	-1	0
22	21	284.634920635	12.9691962122
23	21	298.920634921	15.3688012021
24	21	321.428571429	14.2201670851
25	21	317.349206349	11.5883887292
26	21	341.380952381	19.558969502
27	21	339.666666667	15.5808184882
28	21	341.174603175	16.4418549165
29	21	320.349206349	12.0292747808
30	21	322.317460317	9.83648116981
31	21	341.825396825	20.4826986089
32	21	344.555555556	21.5500729405
33	21	325.825396825	14.6759058373
34	21	322.698412698	11.6300581017
35	21	320.825396825	10.7090522198
36	21	389.984126984	20.0811781602
37	21	397.841269841	20.0493093332
38	21	396.746031746	19.5658986253
39	21	395.634920635	18.1714074961
40	21	397.682539683	16.4932168807
41	21	393.857142857	19.4869570893
42	21	312.761904762	22.0969826897
43	21	318.031746032	17.7620678887
44	21	313.936507937	21.0221901022
45	21	316.095238095	18.8331978804
46	21	313.126984127	24.562516328
47	21	318.0	19.647690603
0	22	394.523809524	24.490268325
1	22	407.365079365	17.9843861621
2	22	404.968253968	20.8105347665
3	22	404.936507937	20.3273785315
4	22	403.825396825	21.3619894461
5	22	401.492063492	22.3655581415
6	22	401.0	22.6028513442
7	22	396.349206349	20.7013217354
8	22	397.158730159	18.4177333018
9	22	400.587301587	18.0498735172
10	22	400.888888889	17.2554211506
11	22	399.698412698	18.7334137607
12	22	371.936507937	8.69933954047
13	22	370.380952381	9.62376122134
14	22	367.984126984	10.9667492593
15	22	369.619047619	9.46912873991
16	22	364.841269841	9.45869273361
17	22	372.571428571	9.82499935089
18	22	298.238095238	12.1246361892
19	22	303.952380952	11.9209413864
20	22	299.714285714	11.2071810474
21	22	296.857142857	13.3355440344
22	22	-1	0
23	22	308.793650794	15.7562370922
24	22	347.031746032	15.1876811547
25	22	339.761904762	18.4715261663
26	22	344.920634921	17.2721462047
27	22	346.523809524	17.8475529805
28	22	346.888888889	15.8034666793
29	22	344.46031746	17.8368491388
30	22	347.714285714	17.465093142
31	22	348.158730159	17.7765730884
32	22	345.476190476	20.3593566048
33	22	349.936507937	18.5736398087
34	22	346.761904762	18.0789400287
35	22	348.904761905	18.9541755551
36	22	388.238095238	18.7673426976
37	22	391.19047619	17.3295390928
38	22	398.380952381	16.8743522593
39	22	390.476190476	18.3578685546
40	22	387.365079365	16.9268281349
41	22	395.285714286	19.0141372396
42	22	314.26984127	17.5745183042
43	22	314.634920635	18.8665333895
44	22	311.142857143	18.9434053884
45	22	314.634920635	18.0170127603
46	22	308.936507937	12.9735665519
47	22	309.174603175	13.956326076
0	23	394.920634921	21.0225136969
1	23	398.063492063	18.6869558239
2	23	393.857142857	19.958573877
3	23	403.047619048	22.5384529063
4	23	400.523809524	23.3100953284
5	23	403.126984127	17.4687858252
6	23	397.174603175	17.224511588
7	23	395.174603175	16.7251731977
8	23	392.492063492	19.2179421919
9	23	396.222222222	17.0995632029
10	23	398.888888889	18.5943421256
11	23	398.936507937	16.749198527
12	23	386.920634921	18.8395915327
13	23	391.238095238	15.9430676438
14	23	385.26984127	17.4203004632
15	23	365.492063492	5.97049096881
16	23	389.555555556	17.5533452496
17	23	381.53968254	16.0542981406
18	23	304.111111111	14.274086979
19	23	304.555555556	15.3227476687
20	23	298.365079365	13.7278555734
21	23	304.603174603	14.9151459002
22	23	289.952380952	16.8432818989
23	23	-1	0
24	23	348.523809524	20.4084149644
25	23	342.825396825	18.6943159875
26	23	339.126984127	19.9168844885
27	23	343.174603175	21.4967990844
28	23	337.206349206	17.502071288
29	23	341.444444444	17.9397384364
30	23	343.523809524	15.2480622166
31	23	347.428571429	20.2803480494
32	23	347.873015873	16.6079843712
33	23	342.666666667	15.3746854401
34	23	342.317460317	16.6312245985
35	23	349.396825397	20.0906988529
36	23	393.333333333	19.0529754373
37	23	387.015873016	18.8271098554
38	23	397.666666667	20.6051311224
39	23	399.380952381	20.6031501455
40	23	391.492063492	17.2506020285
41	23	393.650793651	22.1954941303
42	23	310.841269841	14.9753303477
43	23	311.984126984	17.6657610401
44	23	315.825396825	17.8161151258
45	23	318.349206349	18.8630475497
46	23	311.095238095	18.3853929993
47	23	308.111111111	15.9842294412
0	24	337.53968254	20.9858799066
1	24	335.111111111	17.325191413
2	24	343.095238095	18.6528131294
3	24	337.80952381	15.8423354287
4	24	339.746031746	17.714641289
5	24	343.936507937	17.6427268308
6	24	392.253968254	17.5426629659
7	24	390.698412698	17.9943861798
8	24	391.142857143	17.3139609169
9	24	390.222222222	16.133809954
10	24	393.222222222	17.8489646176
11	24	391.571428571	19.8027689949
12	24	376.968253968	15.7439514755
13	24	382.238095238	19.6765223777
14	24	378.777777778	18.0857257092
15	24	377.984126984	17.6639639114
16	24	384.301587302	19.5818468904
17	24	379.746031746	15.8474556107
18	24	422.714285714	19.3131492105
19	24	424.079365079	24.6062978048
20	24	425.984126984	15.9955272156
21	24	420.936507937	18.919942461
22	24	409.825396825	17.2134495981
23	24	424.904761905	18.0499433106
24	24	-1	0
25	24	332.761904762	20.5871853236
26	24	329.492063492	16.960152193
27	24	338.063492063	14.0880147371
28	24	326.507936508	19.367681324
29	24	325.952380952	15.4101889314
30	24	378.571428571	14.0268611766
31	24	354.222222222	11.4828297553
32	24	352.444444444	9.1578360544
33	24	350.412698413	8.89557571615
34	24	380.476190476	16.9329744458
35	24	378.047619048	15.7111107904
36	24	335.492063492	18.5668017571
37	24	334.031746032	21.497853901
38	24	343.206349206	23.3368424097
39	24	338.968253968	18.1265115442
40	24	336.507936508	16.8342743875
41	24	335.206349206	18.297505017
42	24	381.968253968	18.8013578148
43	24	357.0	11.5167235199
44	24	379.746031746	17.4655836214
45	24	391.238095238	20.2435286824
46	24	380.206349206	17.900216129
47	24	380.873015873	19.2209311037
0	25	335.80952381	15.9202946679
1	25	344.444444444	18.5093522288
2	25	341.920634921	17.2362681367
3	25	339.603174603	16.5707139662
4	25	337.936507937	17.5489094455
5	25	338.53968254	16.7841813252
6	25	392.142857143	15.5245398601
7	25	395.650793651	19.2454148158
8	25	391.158730159	17.0547264307
9	25	391.555555556	19.1549883907
10	25	393.444444444	18.5940575742
11	25	389.634920635	16.8290202747
12	25	385.365079365	18.6618204486
13	25	383.777777778	16.8912905561
14	25	378.73015873	17.5727118443
15	25	377.80952381	14.2726924778
16	25	383.222222222	17.2943191374
17	25	378.412698413	15.1024384877
18	25	410.063492063	10.700649759
19	25	430.142857143	27.6324269728
20	25	424.888888889	17.4284124086
21	25	426.492063492	19.9935489722
22	25	411.873015873	15.7172355737
23	25	429.222222222	19.1165551493
24	25	330.571428571	13.8009825803
25	25	-1	0
26	25	332.746031746	12.3403689765
27	25	336.793650794	8.72354728009
28	25	331.777777778	12.9938256943
29	25	332.984126984	13.3944931393
30	25	350.634920635	6.44956399979
31	25	355.888888889	9.95403900014
32	25	349.952380952	10.8238838956
33	25	349.349206349	9.68579180357
34	25	352.666666667	6.52711073931
35	25	352.857142857	9.03056035959
36	25	344.238095238	22.3661551895
37	25	339.793650794	20.0990868703
38	25	345.777777778	22.0169086858
39	25	338.079365079	22.7828267177
40	25	345.015873016	22.3233752238
41	25	337.73015873	23.6429836897
42	25	360.777777778	14.5443431915
43	25	360.095238095	11.8062591494
44	25	364.222222222	11.1972848813
45	25	365.142857143	9.37212540963
46	25	361.619047619	10.3009146942
47	25	363.666666667	11.8549433799
0	26	339.031746032	27.7036289262
1	26	339.396825397	29.8772832335
2	26	346.380952381	25.9042366894
3	26	346.53968254	29.0100285872
4	26	340.476190476	24.9067193986
5	26	346.619047619	25.9189386978
6	26	386.380952381	8.93793160162
7	26	381.634920635	8.044127479
8	26	387.650793651	8.63944209354
9	26	380.301587302	5.82995799118
10	26	378.682539683	8.52414944195
11	26	377.968253968	9.35366536078
12	26	356.174603175	10.2671299873
13	26	352.650793651	7.02864598977
14	26	355.301587302	11.1335827184
15	26	352.031746032	10.5333457715
16	26	356.301587302	10.3963285959
17	26	356.904761905	10.1335750061
18	26	407.698412698	9.91012776916
19	26	415.492063492	10.8874079237
20	26	409.73015873	10.2247852451
21	26	407.428571429	14.3777984558
22	26	397.047619048	7.32559888971
23	26	407.857142857	11.4958338111
24	26	332.126984127	20.8200849788
25	26	330.476190476	12.6564584716
26	26	-1	0
27	26	332.476190476	15.0984674329
28	26	333.412698413	13.45024331
29	26	332.047619048	11.8982839518
30	26	349.714285714	6.15005115846
31	26	379.285714286	16.215247157
32	26	378.492063492	17.3240570562
33	26	370.095238095	18.7199191812
34	26	354.126984127	9.82464032783
35	26	352.46031746	9.18733668996
36	26	345.349206349	21.8908973836
37	26	334.904761905	22.778933658
38	26	330.888888889	22.2668599301
39	26	333.555555556	24.8945571777
40	26	350.714285714	16.5763539478
41	26	340.666666667	22.2560853102
42	26	361.603174603	10.5281778862
43	26	357.873015873	11.643503623
44	26	361.079365079	12.5411090207
45	26	364.365079365	12.2088981177
46	26	363.793650794	9.94134980161
47	26	365.047619048	12.579182313
0	27	340.095238095	27.9964364431
1	27	343.206349206	24.8264827433
2	27	346.80952381	24.2630146015
3	27	347.111111111	27.6032613159
4	27	347.301587302	27.0470694482
5	27	344.73015873	25.4303944811
6	27	386.73015873	7.96461688953
7	27	380.158730159	6.59053277035
8	27	386.714285714	7.26467550577
9	27	380.603174603	5.7639814352
10	27	379.523809524	7.10880773353
11	27	378.492063492	5.441968061
12	27	354.428571429	9.49973146774
13	27	355.238095238	9.74388580894
14	27	357.095238095	12.2211296151
15	27	354.698412698	10.6676114472
16	27	356.825396825	9.80531064811
17	27	354.095238095	9.66537640932
18	27	408.523809524	11.2007045454
19	27	417.142857143	14.2871427857
20	27	409.492063492	9.82525578789
21	27	407.158730159	14.2741928849
22	27	396.920634921	10.3805397714
23	27	406.984126984	11.1874250034
24	27	330.126984127	13.0450891611
25	27	328.603174603	22.0047178798
26	27	328.952380952	21.401252427
27	27	-1	0
28	27	329.507936508	22.0467562426
29	27	327.253968254	23.0540897821
30	27	350.206349206	7.01055605466
31	27	379.73015873	17.3765088181
32	27	385.079365079	18.7839019116
33	27	350.873015873	10.8591152019
34	27	351.888888889	6.96957358152
35	27	352.587301587	8.32215425528
36	27	346.317460317	20.4355940619
37	27	336.523809524	23.4966104566
38	27	346.968253968	18.8679355572
39	27	342.793650794	22.5276963435
40	27	344.761904762	20.1940697611
41	27	337.095238095	24.7121294591
42	27	362.761904762	13.3947564791
43	27	371.904761905	20.1720490934
44	27	365.396825397	10.1895366229
45	27	363.825396825	14.5499028334
46	27	363.666666667	10.18713786
47	27	364.079365079	9.21231333907
0	28	339.761904762	27.6828491318
1	28	346.825396825	26.1506864656
2	28	341.492063492	26.9749284041
3	28	340.301587302	27.7978159018
4	28	340.698412698	26.2470768868
5	28	344.714285714	24.6997388145
6	28	386.571428571	7.63391406756
7	28	381.634920635	7.95284033778
8	28	389.444444444	9.67860966301
9	28	379.031746032	5.36291869707
10	28	377.968253968	7.08221168479
11	28	377.523809524	8.50556707115
12	28	357.603174603	11.9954219872
13	28	354.238095238	10.803753442
14	28	352.857142857	9.72291866634
15	28	353.714285714	9.83745445754
16	28	354.825396825	9.32063708317
17	28	354.047619048	10.5430765237
18	28	426.206349206	17.1780209609
19	28	417.746031746	13.6427994311
20	28	411.952380952	13.1323284259
21	28	408.476190476	13.5258214466
22	28	395.936507937	12.3312392249
23	28	409.825396825	11.5381213328
24	28	331.380952381	17.4959664934
25	28	334.015873016	13.3077040147
26	28	331.634920635	16.0161640447
27	28	331.142857143	14.3093455341
28	28	-1	0
29	28	328.142857143	15.0900546907
30	28	380.26984127	17.9250700994
31	28	383.492063492	18.0720542098
32	28	381.238095238	17.6452829127
33	28	350.619047619	8.71675739082
34	28	373.301587302	18.5280867194
35	28	375.619047619	17.1283006982
36	28	326.73015873	17.3170311151
37	28	334.619047619	20.4694341013
38	28	343.126984127	25.2721642866
39	28	337.873015873	19.7624721025
40	28	336.095238095	20.658765222
41	28	336.777777778	19.5199893023
42	28	378.015873016	16.1878771646
43	28	373.19047619	14.1632849105
44	28	383.888888889	16.7598453521
45	28	391.603174603	18.0612183689
46	28	379.682539683	19.844494976
47	28	382.396825397	16.3080851333
0	29	340.492063492	18.9727231236
1	29	341.206349206	15.7471677778
2	29	341.73015873	20.5998970172
3	29	345.0	18.5549377333
4	29	341.285714286	14.7502257948
5	29	338.047619048	17.6468249507
6	29	394.968253968	19.5122820531
7	29	390.936507937	21.921847489
8	29	391.825396825	16.0925297493
9	29	393.126984127	18.1741942146
10	29	391.253968254	17.92485926
11	29	388.920634921	16.0121993049
12	29	383.126984127	17.0745257793
13	29	380.142857143	15.606121248
14	29	380.904761905	18.0041567385
15	29	376.158730159	17.7452934509
16	29	374.523809524	16.8728740157
17	29	379.523809524	16.5614365059
18	29	417.650793651	14.1692252369
19	29	425.111111111	16.3203165927
20	29	422.698412698	16.4158604304
21	29	424.682539683	18.0939570697
22	29	409.349206349	16.9641627212
23	29	426.619047619	16.3390938058
24	29	333.714285714	16.1770252248
25	29	328.19047619	17.9265318514
26	29	329.952380952	17.0874766835
27	29	331.317460317	16.961979329
28	29	334.523809524	16.7993359117
29	29	-1	0
30	29	376.412698413	16.4805175222
31	29	352.222222222	10.6166153762
32	29	351.888888889	6.74739482027
33	29	353.412698413	9.78764190132
34	29	377.73015873	15.0967318541
35	29	374.888888889	14.9200101186
36	29	330.206349206	19.4537781291
37	29	337.222222222	18.6287407616
38	29	343.698412698	21.5705817604
39	29	333.158730159	17.1373594947
40	29	335.888888889	18.0318158952
41	29	334.841269841	18.8234962503
42	29	384.015873016	18.4171176963
43	29	357.873015873	12.325598686
44	29	374.80952381	20.9427467028
45	29	385.619047619	20.1828377285
46	29	382.46031746	17.7655144778
47	29	384.253968254	17.8066941701
0	30	569.063492063	19.5154582733
1	30	566.53968254	21.6771589224
2	30	566.555555556	18.949203424
3	30	568.873015873	23.3690149377
4	30	566.476190476	21.4230680764
5	30	562.888888889	19.482276122
6	30	485.0	18.937658795
7	30	482.904761905	20.3186631588
8	30	479.253968254	18.0466487712
9	30	477.396825397	17.1608077681
10	30	479.285714286	21.4664215983
11	30	480.111111111	21.721258047
12	30	472.793650794	19.8855125778
13	30	466.936507937	20.4092050629
14	30	471.650793651	21.1383640776
15	30	476.587301587	25.7562659478
16	30	470.380952381	20.3145335194
17	30	458.142857143	16.0127500219
18	30	433.761904762	17.1655933883
19	30	434.952380952	20.2440887484
20	30	424.365079365	18.1154162072
21	30	435.777777778	21.1288146322
22	30	423.285714286	19.369775647
23	30	437.698412698	18.1821776689
24	30	467.158730159	24.6680864129
25	30	472.380952381	19.1173722803
26	30	473.285714286	21.6871175069
27	30	472.174603175	22.7537121915
28	30	469.936507937	21.852952302
29	30	467.714285714	18.6491657513
30	30	-1	0
31	30	387.0	18.774349269
32	30	377.666666667	16.0683065751
33	30	370.746031746	24.9087020263
34	30	365.841269841	25.8525773786
35	30	359.19047619	13.5773587712
36	30	505.444444444	14.1967778345
37	30	507.841269841	19.6325016795
38	30	507.603174603	14.1763716702
39	30	505.142857143	17.3907995589
40	30	512.698412698	13.2839979169
41	30	507.380952381	13.6153841226
42	30	469.333333333	14.7787921838
43	30	466.507936508	21.9500681677
44	30	469.920634921	17.9843861621
45	30	470.857142857	14.8450805735
46	30	471.73015873	14.8101277544
47	30	474.968253968	23.7279342802
0	31	566.666666667	27.8225670652
1	31	560.523809524	22.5112720568
2	31	568.888888889	22.531890001
3	31	561.349206349	23.6805182337
4	31	571.619047619	26.5553800315
5	31	571.174603175	23.8324439944
6	31	469.238095238	21.2757513703
7	31	474.142857143	23.071219715
8	31	459.365079365	17.8007504633
9	31	471.46031746	28.820090764
10	31	478.587301587	23.3860865709
11	31	482.888888889	27.8460114331
12	31	456.920634921	24.8451084817
13	31	467.666666667	29.5113645046
14	31	463.476190476	30.0765463352
15	31	473.571428571	26.285800552
16	31	463.46031746	27.0031305633
17	31	462.095238095	29.8337798773
18	31	417.333333333	17.8716766252
19	31	427.380952381	21.0565591873
20	31	425.206349206	15.7239668751
21	31	422.571428571	16.9394011304
22	31	420.603174603	13.0293194191
23	31	430.349206349	16.9248185662
24	31	460.53968254	28.5406006526
25	31	450.047619048	27.6356272076
26	31	454.698412698	23.1658169907
27	31	464.698412698	27.4657853075
28	31	461.380952381	28.3304920544
29	31	457.952380952	25.3016271335
30	31	353.682539683	12.9453373316
31	31	-1	0
32	31	359.841269841	20.1299006449
33	31	371.349206349	19.2717893422
34	31	378.365079365	27.2608222793
35	31	370.158730159	31.9449955587
36	31	509.634920635	16.3651794371
37	31	505.222222222	12.4166355953
38	31	522.158730159	21.249990737
39	31	516.222222222	21.7456030545
40	31	509.206349206	15.7229573636
41	31	501.46031746	15.2115509544
42	31	478.095238095	17.5161732844
43	31	467.380952381	18.8859808352
44	31	472.444444444	15.4516940847
45	31	491.873015873	18.4653188983
46	31	492.80952381	17.6642919723
47	31	472.333333333	17.3488941142
0	32	561.920634921	26.3868062193
1	32	565.126984127	25.8453840179
2	32	566.936507937	23.498647726
3	32	559.063492063	22.1351354802
4	32	564.396825397	24.6012902504
5	32	564.492063492	26.5508634457
6	32	463.73015873	20.8495794554
7	32	475.031746032	28.1086148767
8	32	470.365079365	27.7238660508
9	32	476.46031746	26.8740893662
10	32	470.111111111	26.6047561753
11	32	477.380952381	28.0064780326
12	32	465.46031746	26.0389362892
13	32	465.0	27.1468668717
14	32	459.396825397	28.7620449206
15	32	471.587301587	27.0394391089
16	32	464.523809524	26.6308432848
17	32	464.873015873	29.0043740891
18	32	424.873015873	18.1418502963
19	32	439.857142857	20.7928995381
20	32	421.095238095	19.3355616825
21	32	426.698412698	21.210685328
22	32	418.396825397	15.0707744954
23	32	433.873015873	18.6330411967
24	32	463.920634921	21.1076617304
25	32	462.396825397	28.5192998882
26	32	455.285714286	29.6446834396
27	32	457.444444444	27.5547234897
28	32	460.174603175	26.4878167157
29	32	468.904761905	23.0910649151
30	32	365.031746032	24.1009571396
31	32	369.682539683	27.1485188563
32	32	-1	0
33	32	372.603174603	28.5665692517
34	32	360.158730159	25.0163161672
35	32	360.777777778	20.3036039059
36	32	504.904761905	17.1803822099
37	32	503.619047619	15.503638663
38	32	512.031746032	13.6706942427
39	32	503.428571429	18.3871196167
40	32	506.523809524	13.6391792599
41	32	507.396825397	18.3316360102
42	32	478.142857143	19.8301175007
43	32	468.571428571	22.6173934232
44	32	472.873015873	18.6594306243
45	32	470.984126984	15.8309442443
46	32	468.571428571	17.4061786929
47	32	469.761904762	14.3568072297
0	33	566.0	21.9501599951
1	33	567.650793651	26.1722976836
2	33	573.571428571	22.0639145786
3	33	570.396825397	20.0733098342
4	33	568.333333333	23.0658133616
5	33	562.0	27.5767327738
6	33	476.952380952	24.1354830478
7	33	467.428571429	22.0905167369
8	33	482.761904762	15.5090493663
9	33	472.015873016	26.6645785275
10	33	478.920634921	19.4791720981
11	33	477.984126984	28.7829822205
12	33	465.761904762	27.6943145192
13	33	461.523809524	25.7705733149
14	33	462.714285714	30.3970699149
15	33	469.984126984	29.9335200246
16	33	459.476190476	28.8443315896
17	33	468.507936508	27.3210617144
18	33	428.412698413	19.0226555994
19	33	427.380952381	16.4639370896
20	33	417.984126984	19.1099509219
21	33	428.587301587	15.3029045076
22	33	411.619047619	17.7535407346
23	33	428.063492063	17.6454256997
24	33	454.396825397	21.9722333308
25	33	458.365079365	28.5997566797
26	33	463.492063492	21.2512356435
27	33	471.904761905	18.4921384289
28	33	459.142857143	20.9162025316
29	33	457.142857143	25.9907536323
30	33	363.650793651	29.4576148186
31	33	365.761904762	19.1117966444
32	33	366.746031746	19.9697932634
33	33	-1	0
34	33	361.825396825	20.2935126725
35	33	369.333333333	28.6251083037
36	33	503.0	14.3670699314
37	33	502.968253968	18.066867205
38	33	519.73015873	22.6492975112
39	33	503.349206349	16.1010289824
40	33	517.079365079	12.1919848603
41	33	504.047619048	18.5518822657
42	33	471.53968254	17.8910506996
43	33	461.253968254	13.5961808993
44	33	471.317460317	17.0254947921
45	33	472.412698413	16.0184763564
46	33	471.015873016	15.1955424369
47	33	472.968253968	21.2483188907
0	34	568.555555556	27.638125139
1	34	565.952380952	23.8796111288
2	34	563.380952381	25.042458277
3	34	566.206349206	22.1511107107
4	34	562.095238095	24.1277777647
5	34	578.111111111	20.1463779179
6	34	467.53968254	21.4519214345
7	34	472.571428571	27.2476673157
8	34	470.158730159	25.2355294693
9	34	480.095238095	26.6510158154
10	34	480.222222222	26.8318955216
11	34	480.666666667	28.2348428224
12	34	464.222222222	28.6336711796
13	34	460.19047619	25.2723935857
14	34	468.222222222	29.4965397187
15	34	472.174603175	22.8052762501
16	34	469.142857143	27.8167798753
17	34	469.952380952	24.9363816391
18	34	425.095238095	11.772599726
19	34	434.952380952	17.0204625414
20	34	422.634920635	19.7213135749
21	34	419.952380952	17.7231160787
22	34	411.301587302	15.6678164934
23	34	418.888888889	16.788233891
24	34	454.888888889	24.960356575
25	34	467.333333333	28.7617470825
26	34	454.079365079	24.8508577268
27	34	462.365079365	32.1481202824
28	34	464.476190476	29.0264559909
29	34	459.857142857	24.2086545871
30	34	362.80952381	20.52861506
31	34	381.73015873	18.8706594708
32	34	379.222222222	19.0141504904
33	34	375.349206349	21.7015534007
34	34	-1	0
35	34	382.841269841	15.1586387432
36	34	504.80952381	15.757948
37	34	511.793650794	17.2057195457
38	34	512.015873016	15.0654572455
39	34	515.523809524	19.4836986343
40	34	521.825396825	19.6206399929
41	34	498.396825397	15.0296423328
42	34	473.142857143	19.1310079414
43	34	462.19047619	16.7045827215
44	34	490.777777778	17.5765395988
45	34	490.698412698	18.4447996032
46	34	492.365079365	17.4395114131
47	34	485.873015873	19.574434301
0	35	573.682539683	21.8928308892
1	35	565.936507937	35.3045134108
2	35	576.174603175	17.8712677822
3	35	568.888888889	17.9851006335
4	35	576.365079365	20.9582363151
5	35	568.523809524	18.598393123
6	35	479.222222222	18.1846302138
7	35	476.650793651	27.2094513984
8	35	474.603174603	17.3393210194
9	35	478.507936508	18.1832584922
10	35	480.047619048	18.3427928595
11	35	475.26984127	17.8558659155
12	35	469.26984127	16.95110274
13	35	464.126984127	18.2882493834
14	35	468.158730159	17.0519340701
15	35	459.063492063	18.3682550656
16	35	468.349206349	17.3609292507
17	35	465.650793651	22.5262870993
18	35	425.587301587	16.3295767503
19	35	427.619047619	19.6924194354
20	35	422.333333333	16.5087759249
21	35	422.349206349	17.3782921788
22	35	416.777777778	15.3265455415
23	35	428.412698413	17.1284919236
24	35	468.80952381	17.7127495494
25	35	461.317460317	21.5243128658
26	35	466.333333333	20.6389983761
27	35	464.238095238	18.3118612664
28	35	464.619047619	20.0668949294
29	35	468.19047619	17.409956231
30	35	363.126984127	24.7306070013
31	35	360.746031746	18.8813910689
32	35	373.587301587	29.7687568832
33	35	365.555555556	26.1502239984
34	35	382.047619048	19.531357426
35	35	-1	0
36	35	514.80952381	18.5008426602
37	35	509.650793651	17.9471523409
38	35	512.142857143	14.8909870928
39	35	505.698412698	15.3805019018
40	35	502.777777778	33.5461986323
41	35	501.492063492	15.6660314115
42	35	471.793650794	16.5617255544
43	35	468.047619048	21.4545873819
44	35	472.333333333	16.3124258801
45	35	475.73015873	22.5952701535
46	35	471.222222222	16.683272151
47	35	476.555555556	18.5204972488
0	36	436.507936508	25.0978232256
1	36	441.444444444	18.3197159625
2	36	438.301587302	18.7164598815
3	36	434.714285714	21.0889488636
4	36	446.380952381	21.5387642948
5	36	436.047619048	16.2318798327
6	36	432.238095238	25.7661733987
7	36	439.063492063	25.8934771561
8	36	435.492063492	26.1357099356
9	36	448.825396825	23.9255058712
10	36	439.46031746	25.7150597571
11	36	444.73015873	23.9769772836
12	36	375.619047619	15.1630593004
13	36	374.063492063	13.3830893246
14	36	381.777777778	11.1390125869
15	36	376.158730159	10.2278895854
16	36	374.952380952	15.0537962005
17	36	375.777777778	11.05461829
18	36	391.301587302	15.5375989653
19	36	391.396825397	16.3683198491
20	36	395.126984127	19.7447940203
21	36	398.682539683	15.939195372
22	36	384.412698413	19.4647707171
23	36	398.349206349	20.1046142774
24	36	383.238095238	21.0725988376
25	36	366.968253968	14.7637138335
26	36	381.793650794	17.1780209609
27	36	385.063492063	13.6426886238
28	36	368.761904762	14.3601236738
29	36	370.238095238	13.5842045128
30	36	403.158730159	15.3190475368
31	36	401.73015873	13.1005953448
32	36	401.412698413	14.0358214293
33	36	392.095238095	14.2780932053
34	36	392.523809524	13.6624350509
35	36	388.126984127	11.1033986839
36	36	-1	0
37	36	349.492063492	23.6037883803
38	36	341.857142857	28.1841209053
39	36	333.523809524	25.5093242479
40	36	344.746031746	24.9799718212
41	36	345.603174603	20.5523255414
42	36	342.015873016	19.8913653306
43	36	341.619047619	27.8330787393
44	36	345.666666667	27.7888866676
45	36	348.380952381	23.2197429483
46	36	343.285714286	24.5540728665
47	36	347.777777778	28.55818035
0	37	437.952380952	23.4733408876
1	37	428.222222222	18.3315535452
2	37	438.80952381	23.0064567492
3	37	439.746031746	19.5731985966
4	37	440.603174603	22.0097667228
5	37	444.253968254	18.1273872026
6	37	437.841269841	27.1423094719
7	37	437.650793651	25.6454202293
8	37	437.968253968	25.8745252262
9	37	441.428571429	24.8594233583
10	37	443.428571429	25.6686543978
11	37	441.587301587	26.712243742
12	37	380.476190476	10.699142738
13	37	379.904761905	14.2335555751
14	37	378.904761905	19.6829749056
15	37	365.142857143	8.57618915417
16	37	381.412698413	15.4925839101
17	37	381.841269841	13.390598869
18	37	390.984126984	16.0638528098
19	37	395.920634921	16.252278558
20	37	402.126984127	20.2472746067
21	37	393.920634921	14.2319800709
22	37	389.793650794	12.4762106709
23	37	393.095238095	16.0205367067
24	37	386.015873016	17.5485648701
25	37	367.285714286	14.4611450637
26	37	381.634920635	12.7904994346
27	37	371.888888889	12.3931767083
28	37	371.285714286	13.452359882
29	37	370.158730159	13.3538013721
30	37	408.253968254	12.5013881819
31	37	400.904761905	12.2884825231
32	37	396.142857143	14.9707197215
33	37	388.492063492	14.4066486149
34	37	394.19047619	11.6235354331
35	37	396.285714286	13.6863140671
36	37	338.412698413	27.1595140573
37	37	-1	0
38	37	341.952380952	24.5979922857
39	37	356.698412698	20.3107875947
40	37	350.746031746	29.4122144231
41	37	345.841269841	19.649472992
42	37	350.301587302	21.2592724275
43	37	343.73015873	22.5390006604
44	37	343.777777778	28.586512773
45	37	350.682539683	22.5394366184
46	37	346.888888889	27.0573236931
47	37	353.571428571	26.2785531998
0	38	465.793650794	24.0258846724
1	38	473.396825397	21.5137753452
2	38	470.444444444	17.6678146777
3	38	471.142857143	18.2937730258
4	38	472.396825397	19.2556235303
5	38	471.80952381	23.990644435
6	38	552.365079365	14.7156126865
7	38	560.571428571	16.6854316132
8	38	555.126984127	14.1359522096
9	38	545.825396825	9.72729702344
10	38	555.111111111	10.2757398237
11	38	552.555555556	11.3777529762
12	38	464.952380952	21.4679004167
13	38	470.619047619	18.6031475161
14	38	470.650793651	16.4800588785
15	38	444.984126984	88.4915011727
16	38	466.444444444	23.5437976045
17	38	443.301587302	71.5441111396
18	38	471.46031746	28.703644698
19	38	465.492063492	24.8263000688
20	38	484.063492063	19.6168643158
21	38	477.428571429	18.7495729354
22	38	463.571428571	16.0601194778
23	38	470.349206349	16.7029687791
24	38	400.428571429	12.9586819408
25	38	398.634920635	9.11705464013
26	38	402.015873016	12.0600245643
27	38	399.936507937	13.9828387061
28	38	403.603174603	12.1414149989
29	38	396.142857143	11.4043393897
30	38	506.412698413	16.9327661328
31	38	488.238095238	8.22252864539
32	38	484.126984127	10.5039555112
33	38	484.0	13.0906485464
34	38	492.619047619	9.86323713149
35	38	485.507936508	9.96640868574
36	38	377.46031746	17.1091968184
37	38	373.349206349	14.689547877
38	38	-1	0
39	38	375.507936508	22.5816845407
40	38	368.952380952	17.352945472
41	38	371.587301587	19.2433331441
42	38	468.349206349	19.9961573532
43	38	461.920634921	20.4825140968
44	38	463.396825397	20.4221632504
45	38	466.095238095	17.6803310011
46	38	467.396825397	20.4578852594
47	38	467.619047619	18.2395249968
0	39	469.238095238	19.7361277668
1	39	468.079365079	20.4064272378
2	39	466.428571429	18.4586318137
3	39	465.571428571	20.9752040198
4	39	466.365079365	19.0207085036
5	39	471.0	17.7504750663
6	39	552.0	16.7540566042
7	39	559.428571429	19.5332149238
8	39	556.492063492	19.1293616384
9	39	554.253968254	16.6923309584
10	39	551.158730159	19.8879450998
11	39	549.571428571	17.1433862352
12	39	462.920634921	19.5109261919
13	39	457.746031746	16.0039362757
14	39	468.412698413	16.427459513
15	39	464.507936508	23.2063709205
16	39	461.984126984	16.791430225
17	39	465.777777778	18.1085303449
18	39	475.746031746	16.6542508554
19	39	474.841269841	19.8919353119
20	39	479.015873016	16.6280429257
21	39	474.904761905	18.6068039149
22	39	467.873015873	20.9651956964
23	39	483.793650794	21.2118256402
24	39	416.53968254	18.7115323041
25	39	417.444444444	16.8727993535
26	39	414.841269841	16.0625823194
27	39	417.507936508	18.5308605886
28	39	419.714285714	20.3792834208
29	39	413.428571429	17.5659431366
30	39	484.841269841	8.95527927867
31	39	490.507936508	11.5811464409
32	39	492.349206349	12.1839847134
33	39	508.158730159	19.785521682
34	39	484.142857143	9.89605844714
35	39	485.174603175	8.72787849009
36	39	375.222222222	21.0836914665
37	39	373.650793651	22.967305078
38	39	375.126984127	22.1506329864
39	39	-1	0
40	39	375.825396825	20.6040061465
41	39	378.111111111	19.1883819935
42	39	467.73015873	19.9206412445
43	39	466.111111111	21.694203096
44	39	458.634920635	41.8088247643
45	39	465.19047619	19.3126795613
46	39	462.761904762	17.4316937094
47	39	442.666666667	78.5655120428
0	40	464.428571429	21.4525791439
1	40	472.952380952	17.2704248267
2	40	469.587301587	20.3630812218
3	40	464.841269841	19.4358581625
4	40	463.698412698	19.6506269706
5	40	463.317460317	19.041162927
6	40	558.476190476	17.8431055939
7	40	552.492063492	20.5085139238
8	40	551.682539683	18.3656212621
9	40	551.761904762	17.9529493405
10	40	545.428571429	17.3970571181
11	40	549.936507937	20.3850809249
12	40	464.031746032	19.0704360693
13	40	460.19047619	20.344538008
14	40	466.936507937	19.3807898801
15	40	466.317460317	18.1395169751
16	40	467.063492063	16.7330800738
17	40	460.666666667	19.5399468733
18	40	470.301587302	15.7214189358
19	40	477.920634921	17.8034253769
20	40	481.571428571	14.8961636541
21	40	478.920634921	18.7051487584
22	40	468.253968254	18.2060239934
23	40	474.761904762	17.8198340413
24	40	424.555555556	17.7645784333
25	40	417.174603175	19.6012144769
26	40	423.079365079	17.4595237915
27	40	424.523809524	16.9264113551
28	40	416.984126984	15.4236389006
29	40	419.26984127	16.6897044104
30	40	510.095238095	16.0848092446
31	40	506.365079365	18.5996258601
32	40	507.142857143	17.7932189178
33	40	508.714285714	19.0766445516
34	40	506.111111111	15.3748001521
35	40	503.238095238	16.9590677021
36	40	371.19047619	18.5248500136
37	40	373.793650794	18.5584950216
38	40	373.365079365	23.2374230105
39	40	370.857142857	19.1027772791
40	40	-1	0
41	40	370.682539683	20.5046068357
42	40	466.507936508	19.5739323055
43	40	463.444444444	21.1140348853
44	40	463.746031746	22.2460756332
45	40	460.507936508	20.3312825007
46	40	470.571428571	18.8794961307
47	40	462.317460317	17.1527455314
0	41	467.984126984	21.4435338709
1	41	476.555555556	17.7520647382
2	41	467.857142857	20.2091108974
3	41	475.095238095	22.19589143
4	41	471.412698413	20.8689295294
5	41	473.047619048	18.1417947445
6	41	554.380952381	13.375443706
7	41	548.317460317	10.778911505
8	41	552.761904762	11.3651015341
9	41	548.0	8.69957123556
10	41	546.857142857	17.4854652955
11	41	547.158730159	9.5903495628
12	41	466.206349206	22.8168405713
13	41	469.936507937	21.8275150487
14	41	470.206349206	17.5862127908
15	41	465.301587302	15.9728290331
16	41	471.698412698	19.0992685978
17	41	453.206349206	23.9617146551
18	41	464.063492063	26.7616599812
19	41	464.507936508	24.7609991694
20	41	466.793650794	26.7790244438
21	41	470.492063492	26.95962473
22	41	451.492063492	26.9248648968
23	41	471.825396825	24.097381589
24	41	417.19047619	19.9506193108
25	41	395.19047619	13.2615414159
26	41	407.0	10.6279057651
27	41	403.571428571	9.68670220181
28	41	398.095238095	10.9945358517
29	41	394.777777778	14.3653512208
30	41	487.142857143	7.83532323835
31	41	484.476190476	13.4150556771
32	41	489.126984127	11.3270179372
33	41	486.142857143	11.2148670358
34	41	484.365079365	9.05240753262
35	41	485.523809524	10.5527505522
36	41	372.476190476	21.6596011504
37	41	370.380952381	22.4452975748
38	41	371.936507937	22.3662678382
39	41	376.587301587	21.0860933037
40	41	377.825396825	21.0702074199
41	41	-1	0
42	41	465.238095238	14.995993418
43	41	456.111111111	20.0587321056
44	41	458.920634921	17.9269253796
45	41	467.301587302	13.5887849658
46	41	464.904761905	19.5486485432
47	41	460.968253968	20.9708552512
0	42	406.793650794	20.6783060389
1	42	406.095238095	21.2682894482
2	42	405.523809524	15.3693749735
3	42	404.0	21.2169444115
4	42	408.682539683	15.4517430021
5	42	404.714285714	16.707976017
6	42	391.015873016	11.2722331466
7	42	379.047619048	11.2241640852
8	42	384.904761905	11.194831979
9	42	385.714285714	8.79110042668
10	42	387.777777778	8.80916630191
11	42	384.26984127	9.27739418328
12	42	402.698412698	17.8979780011
13	42	403.682539683	21.5604174333
14	42	401.111111111	18.9125901721
15	42	391.619047619	19.1057446455
16	42	401.714285714	21.0210994316
17	42	404.174603175	18.2091374956
18	42	316.80952381	21.1013105309
19	42	307.920634921	23.7027234302
20	42	317.825396825	21.733260066
21	42	310.841269841	21.1128534906
22	42	304.317460317	22.3036941896
23	42	312.761904762	20.402858721
24	42	307.936507937	23.1227730911
25	42	310.095238095	21.0092302358
26	42	311.142857143	26.2762232693
27	42	310.365079365	23.613489276
28	42	310.285714286	23.3132080361
29	42	310.301587302	21.224151353
30	42	404.444444444	20.0790325589
31	42	406.603174603	23.8690472892
32	42	400.047619048	27.9548550864
33	42	402.682539683	22.4165651595
34	42	398.80952381	24.8166976193
35	42	407.206349206	25.0916787131
36	42	312.746031746	16.8616859331
37	42	310.984126984	20.4205716876
38	42	313.73015873	18.9596114999
39	42	311.73015873	18.432378645
40	42	311.650793651	21.8451685335
41	42	312.031746032	20.1257698297
42	42	-1	0
43	42	303.714285714	12.6308121261
44	42	299.793650794	13.9638521203
45	42	300.317460317	19.1226827805
46	42	300.80952381	12.6049337064
47	42	303.666666667	12.7017059222
0	43	395.380952381	19.8433776658
1	43	404.698412698	21.3806283192
2	43	403.936507937	15.9272881697
3	43	392.888888889	22.9845435374
4	43	401.238095238	21.2802272676
5	43	404.428571429	21.7399597594
6	43	379.650793651	12.2139118315
7	43	384.079365079	16.9904750042
8	43	397.142857143	18.2085425119
9	43	380.920634921	13.3074768187
10	43	386.73015873	14.3241458364
11	43	376.571428571	11.3090977363
12	43	403.222222222	20.3207958572
13	43	409.126984127	15.5466446781
14	43	404.142857143	20.3429775277
15	43	399.19047619	16.7017318205
16	43	403.571428571	21.0341478113
17	43	411.095238095	16.8595639908
18	43	314.555555556	21.4326392377
19	43	311.936507937	24.4656370718
20	43	316.80952381	20.8614911753
21	43	309.634920635	21.7571747606
22	43	305.650793651	16.6858544122
23	43	306.80952381	20.0561569875
24	43	314.158730159	20.5358427264
25	43	312.603174603	20.4958684823
26	43	307.174603175	18.6994097883
27	43	312.634920635	20.2573142482
28	43	305.031746032	15.7439514755
29	43	310.111111111	19.017211178
30	43	407.571428571	22.5801670848
31	43	388.555555556	22.033724352
32	43	396.984126984	24.1506462916
33	43	402.873015873	26.1050941106
34	43	402.476190476	23.2712487935
35	43	401.587301587	26.5674552793
36	43	313.714285714	20.3356193652
37	43	306.047619048	19.272011593
38	43	311.793650794	19.65831843
39	43	312.19047619	17.2827624398
40	43	315.142857143	20.4798446352
41	43	311.079365079	16.7628667353
42	43	298.936507937	16.4585800617
43	43	-1	0
44	43	303.444444444	18.0658212575
45	43	299.984126984	16.7298725918
46	43	297.53968254	19.5836224066
47	43	299.968253968	14.2905988122
0	44	568.412698413	19.7505353921
1	44	572.46031746	19.4657414953
2	44	568.698412698	19.8267375352
3	44	566.46031746	18.636732288
4	44	565.380952381	18.4867422005
5	44	565.031746032	20.4139450112
6	44	482.984126984	16.1976796922
7	44	473.825396825	18.8557933353
8	44	485.936507937	20.0648733702
9	44	477.380952381	20.1757583374
10	44	473.063492063	23.2828522061
11	44	472.095238095	21.0303743188
12	44	521.492063492	22.8340271121
13	44	519.396825397	20.3325836572
14	44	517.126984127	19.4058509124
15	44	495.53968254	13.6414696839
16	44	517.285714286	17.5647812953
17	44	524.111111111	17.3819018368
18	44	437.80952381	21.5317094647
19	44	434.253968254	17.6841497087
20	44	427.984126984	20.836089009
21	44	433.80952381	21.9471639292
22	44	421.412698413	19.6263791715
23	44	432.031746032	18.8266682298
24	44	460.476190476	24.3342186029
25	44	468.587301587	21.1754836684
26	44	467.634920635	27.3108511415
27	44	476.73015873	19.0648070598
28	44	469.666666667	20.5093861594
29	44	471.396825397	17.7661526617
30	44	489.0	14.404584808
31	44	491.396825397	20.3075868867
32	44	490.619047619	16.9559921247
33	44	481.111111111	17.1890617777
34	44	477.698412698	19.1672959902
35	44	484.158730159	16.4096432636
36	44	460.619047619	28.7006601171
37	44	464.476190476	32.2154735289
38	44	468.063492063	20.6104250211
39	44	462.634920635	27.5486879746
40	44	466.396825397	20.2582843588
41	44	466.206349206	21.9647327208
42	44	390.238095238	17.1331983372
43	44	380.285714286	17.9924398333
44	44	-1	0
45	44	387.793650794	17.8869099341
46	44	374.222222222	25.4249249313
47	44	386.666666667	23.0258653733
0	45	569.619047619	20.9234648952
1	45	566.46031746	15.9948656413
2	45	566.333333333	18.9007432457
3	45	569.428571429	16.718694304
4	45	565.396825397	21.6784141651
5	45	567.873015873	18.5313908399
6	45	483.238095238	17.7636281559
7	45	475.841269841	16.0477524997
8	45	472.682539683	16.7728289318
9	45	474.492063492	19.4763780537
10	45	478.285714286	22.0809682985
11	45	483.523809524	15.7206336385
12	45	516.142857143	17.3295390928
13	45	512.571428571	18.4869875178
14	45	520.650793651	18.5636260913
15	45	516.714285714	17.3199843941
16	45	518.158730159	18.2532505035
17	45	513.301587302	19.2243520506
18	45	432.19047619	20.7722778805
19	45	432.666666667	22.205390451
20	45	429.904761905	18.8154903135
21	45	435.031746032	20.1320783699
22	45	425.222222222	22.9467599431
23	45	438.349206349	18.9997148936
24	45	453.317460317	24.7564808875
25	45	473.047619048	18.8859808352
26	45	466.888888889	21.9487940234
27	45	469.746031746	24.3121031025
28	45	469.968253968	20.6097282115
29	45	468.476190476	18.2137721683
30	45	479.682539683	17.380727693
31	45	497.047619048	17.5918709324
32	45	482.873015873	17.8951905071
33	45	477.317460317	19.5852433896
34	45	481.952380952	16.7184230397
35	45	481.53968254	14.6448164044
36	45	459.428571429	27.7057751619
37	45	468.19047619	26.012730182
38	45	467.555555556	21.3747943666
39	45	463.714285714	29.056829141
40	45	468.444444444	15.6598544235
41	45	467.46031746	15.3331525836
42	45	391.317460317	20.234204419
43	45	383.031746032	20.6950406251
44	45	383.476190476	17.7306631922
45	45	-1	0
46	45	386.714285714	18.491034783
47	45	372.80952381	23.7546033252
0	46	567.333333333	23.8414072238
1	46	564.571428571	25.3444300795
2	46	571.396825397	18.2683173416
3	46	563.888888889	23.355167411
4	46	574.238095238	20.4246305445
5	46	562.555555556	20.3702068296
6	46	453.619047619	42.581547748
7	46	470.126984127	26.4781983175
8	46	471.73015873	23.6798798455
9	46	457.079365079	78.1375063056
10	46	476.746031746	25.8413770912
11	46	484.476190476	25.0971807326
12	46	512.841269841	10.8703855004
13	46	516.634920635	18.6030391674
14	46	511.158730159	14.8272661206
15	46	493.396825397	11.8422698416
16	46	507.158730159	14.3186041144
17	46	510.031746032	17.64371218
18	46	432.920634921	19.9613130491
19	46	429.174603175	23.8650569306
20	46	433.968253968	17.5327070809
21	46	427.825396825	19.9009768306
22	46	412.412698413	25.3117921704
23	46	424.793650794	19.939717667
24	46	469.047619048	20.4748615294
25	46	450.968253968	49.1049954637
26	46	460.698412698	27.8177943054
27	46	454.952380952	29.7622476171
28	46	454.555555556	39.0245253686
29	46	457.666666667	28.0899914391
30	46	468.380952381	11.9289278532
31	46	470.936507937	19.3644027985
32	46	469.079365079	15.657344326
33	46	463.873015873	18.8624865498
34	46	467.746031746	13.5587706681
35	46	464.412698413	19.3601086517
36	46	459.206349206	19.8687428846
37	46	465.349206349	20.9694855628
38	46	457.19047619	70.2600288594
39	46	464.793650794	18.4142445985
40	46	467.126984127	26.8248238879
41	46	467.238095238	27.2482498554
42	46	391.0	21.0562361158
43	46	385.19047619	23.9442852929
44	46	381.46031746	26.9719580404
45	46	379.111111111	24.8941321008
46	46	-1	0
47	46	375.0	26.577230976
0	47	564.888888889	20.7793480435
1	47	564.412698413	24.9625973673
2	47	569.111111111	20.8251306603
3	47	566.111111111	23.1928499595
4	47	562.936507937	23.5081026328
5	47	567.222222222	21.7397627391
6	47	474.19047619	24.9417461888
7	47	472.253968254	21.0788152539
8	47	480.80952381	20.628118537
9	47	477.936507937	24.7340604539
10	47	480.936507937	18.8552321195
11	47	475.603174603	22.5807473006
12	47	510.714285714	14.1807253172
13	47	511.793650794	16.0753767441
14	47	509.015873016	16.7961560828
15	47	504.095238095	10.6513495467
16	47	512.714285714	13.7106476656
17	47	502.174603175	10.9276693845
18	47	425.666666667	16.3095064303
19	47	432.968253968	23.0644151488
20	47	423.380952381	14.8713302224
21	47	428.73015873	19.6930463509
22	47	411.841269841	16.8364743408
23	47	422.015873016	14.7039483559
24	47	455.920634921	25.8514078627
25	47	463.920634921	28.6906331639
26	47	476.349206349	17.5871153506
27	47	474.19047619	15.4640978397
28	47	471.619047619	20.9848233681
29	47	466.444444444	28.4235414266
30	47	461.873015873	12.4358570954
31	47	484.888888889	15.9424671082
32	47	477.777777778	16.1770407995
33	47	469.952380952	23.2736846909
34	47	469.920634921	21.9236058812
35	47	461.158730159	17.5166191828
36	47	461.507936508	27.642199747
37	47	459.587301587	22.0883039658
38	47	470.174603175	28.6298432834
39	47	461.031746032	24.3492891288
40	47	463.634920635	28.0850757336
41	47	466.079365079	24.2613426834
42	47	369.698412698	26.1531720864
43	47	378.746031746	26.1059916822
44	47	378.26984127	26.6471394869
45	47	375.428571429	26.7876507237
46	47	374.619047619	26.1354400095
47	47	-1	0
