# src_core	dest_core	cost	stderr
0	0	-1	0
1	0	134.571428571	17.5858116382
2	0	132.603174603	19.5590596737
3	0	128.53968254	23.2725912752
4	0	133.80952381	18.6316483972
5	0	116.349206349	18.6208269898
6	0	128.095238095	15.8060810939
7	0	114.0	19.1236577494
8	0	484.349206349	31.4527404263
9	0	481.301587302	32.0042829081
10	0	480.095238095	38.9243116935
11	0	484.412698413	32.1547028927
12	0	484.857142857	34.4124641238
13	0	481.492063492	35.3162011547
14	0	484.412698413	35.9649895547
15	0	482.0	36.5843231236
16	0	489.555555556	17.6902607748
17	0	467.333333333	22.0705938097
18	0	482.888888889	39.964711065
19	0	487.206349206	32.4854833172
20	0	483.650793651	33.531865314
21	0	482.888888889	38.4357270601
22	0	485.174603175	35.9693607193
23	0	480.603174603	39.4318941421
24	0	487.142857143	28.2611726146
25	0	485.80952381	32.530745966
26	0	489.492063492	22.3847120562
27	0	480.031746032	37.6912975742
28	0	478.761904762	41.7633979209
29	0	479.841269841	35.476442597
30	0	482.380952381	27.5907901424
31	0	491.523809524	12.5367487024
0	1	129.428571429	18.4732447333
1	1	-1	0
2	1	123.904761905	17.9573695229
3	1	118.063492063	16.0236660449
4	1	126.380952381	17.8986818451
5	1	133.619047619	14.0875139711
6	1	123.079365079	17.3729415474
7	1	116.984126984	23.0936616491
8	1	487.523809524	23.6420778656
9	1	478.0	36.6051431897
10	1	480.603174603	35.8420430977
11	1	481.492063492	43.448153016
12	1	483.777777778	32.0061722442
13	1	482.0	33.9486072838
14	1	478.698412698	29.2165613616
15	1	488.603174603	21.8759414727
16	1	483.523809524	25.5422818727
17	1	480.603174603	42.9346271923
18	1	486.952380952	36.0367663099
19	1	480.920634921	19.6632778253
20	1	475.206349206	45.9434292347
21	1	482.063492063	29.4585385341
22	1	482.0	32.1109188768
23	1	479.015873016	45.8345859789
24	1	481.619047619	35.3824584695
25	1	491.079365079	25.2198596394
26	1	484.095238095	31.5914968898
27	1	485.365079365	35.1916754168
28	1	491.206349206	16.08919457
29	1	489.492063492	20.8211377759
30	1	487.714285714	22.9363706263
31	1	486.253968254	24.1358379745
0	2	131.904761905	16.7878586945
1	2	117.492063492	19.3283023141
2	2	-1	0
3	2	117.428571429	17.9997480456
4	2	118.126984127	18.9765871315
5	2	138.825396825	15.3048801041
6	2	110.063492063	19.037034096
7	2	118.317460317	20.0355441271
8	2	476.984126984	41.7701541749
9	2	483.396825397	29.9091426711
10	2	477.111111111	47.4382175015
11	2	480.349206349	36.113647216
12	2	482.126984127	36.5771600447
13	2	479.333333333	30.3210336131
14	2	486.571428571	15.1497438668
15	2	479.142857143	41.1296275026
16	2	484.476190476	36.252578296
17	2	475.968253968	21.9884300413
18	2	482.761904762	23.4308941938
19	2	485.047619048	32.5641874435
20	2	477.111111111	46.1189322111
21	2	487.841269841	19.6841781192
22	2	485.111111111	32.5464801262
23	2	488.412698413	32.0993670118
24	2	472.857142857	44.9362360031
25	2	488.53968254	29.7229671214
26	2	485.619047619	32.4548177124
27	2	480.857142857	40.1800934456
28	2	484.412698413	36.8853370964
29	2	487.650793651	15.9146121637
30	2	471.714285714	45.8996242926
31	2	490.380952381	19.3967994181
0	3	128.920634921	17.7918311801
1	3	119.206349206	20.1661028887
2	3	131.777777778	17.4832749506
3	3	-1	0
4	3	134.952380952	13.3088210054
5	3	134.253968254	12.4645124876
6	3	129.619047619	15.0126175202
7	3	114.444444444	18.2137030027
8	3	476.095238095	47.9198120825
9	3	489.682539683	25.4114243754
10	3	487.650793651	23.7300684821
11	3	480.857142857	38.2235932887
12	3	481.238095238	32.1493115213
13	3	486.825396825	26.4001801837
14	3	480.793650794	23.9643642381
15	3	489.365079365	22.4041532341
16	3	484.793650794	34.6420052987
17	3	490.507936508	15.2771985048
18	3	490.253968254	23.1804297959
19	3	484.793650794	31.0545647439
20	3	477.492063492	45.9094599014
21	3	475.142857143	25.9467446916
22	3	482.507936508	37.0498904378
23	3	477.80952381	45.5425345032
24	3	479.587301587	44.2821526701
25	3	472.095238095	47.1881456346
26	3	486.0	24.7399169777
27	3	481.873015873	35.8123380635
28	3	482.380952381	39.5448022276
29	3	488.158730159	34.5847045508
30	3	492.031746032	24.6254277242
31	3	488.412698413	22.5885452925
0	4	140.666666667	10.594997322
1	4	129.936507937	19.2096809389
2	4	118.888888889	22.0872089042
3	4	139.587301587	13.0355252336
4	4	-1	0
5	4	126.253968254	21.9537524391
6	4	136.603174603	15.2550170592
7	4	124.603174603	21.6425064436
8	4	485.555555556	30.3387110763
9	4	483.079365079	19.1263979361
10	4	476.53968254	46.9152648515
11	4	486.952380952	28.691809888
12	4	482.698412698	37.8168665321
13	4	482.507936508	16.3064628495
14	4	479.904761905	14.793514544
15	4	474.888888889	41.3452790384
16	4	487.46031746	25.0794454489
17	4	478.126984127	37.6312484401
18	4	477.174603175	23.3146453615
19	4	472.476190476	28.4760312147
20	4	487.841269841	28.7546856633
21	4	481.428571429	29.4185527714
22	4	485.873015873	27.8314040184
23	4	488.603174603	32.0091949501
24	4	484.412698413	33.6672017499
25	4	485.365079365	33.5134664179
26	4	472.095238095	50.9508678013
27	4	476.793650794	45.5715584967
28	4	484.476190476	36.3015838313
29	4	486.761904762	20.8499661495
30	4	475.396825397	43.0940424868
31	4	480.603174603	30.9769702898
0	5	127.396825397	20.8170715066
1	5	131.396825397	17.0624805902
2	5	130.761904762	17.7153097502
3	5	122.634920635	20.1354946706
4	5	121.492063492	22.3506493041
5	5	-1	0
6	5	117.746031746	19.1617743271
7	5	125.111111111	23.8028350393
8	5	477.047619048	45.5218170514
9	5	478.19047619	34.522988496
10	5	480.793650794	44.0180910608
11	5	488.666666667	12.6691726844
12	5	489.174603175	13.0475804271
13	5	486.444444444	27.6312324882
14	5	486.380952381	30.2683388312
15	5	485.746031746	26.9402444304
16	5	491.650793651	13.9593044923
17	5	472.412698413	23.2751894069
18	5	488.476190476	35.2869673963
19	5	490.126984127	24.2103821777
20	5	486.19047619	38.580716107
21	5	477.746031746	28.1390923094
22	5	493.428571429	15.1161789554
23	5	488.285714286	30.4189939469
24	5	481.80952381	34.9761175402
25	5	474.634920635	45.2672142429
26	5	475.968253968	42.5705644835
27	5	469.936507937	57.2446359907
28	5	482.19047619	31.8442923758
29	5	485.365079365	33.7626174356
30	5	484.095238095	24.6355751836
31	5	492.222222222	12.8439281491
0	6	133.555555556	15.794089489
1	6	123.714285714	19.3967994181
2	6	113.111111111	18.9963330723
3	6	124.793650794	19.3957602389
4	6	132.222222222	16.5734961916
5	6	133.936507937	16.0078086262
6	6	-1	0
7	6	115.714285714	18.4162010899
8	6	486.444444444	23.7992782189
9	6	480.349206349	40.1813977058
10	6	487.587301587	23.0779458527
11	6	478.634920635	41.5338078347
12	6	490.317460317	13.1279725545
13	6	483.904761905	30.7110001934
14	6	488.603174603	28.748796901
15	6	482.888888889	31.6604560883
16	6	489.80952381	29.4148527124
17	6	481.428571429	42.0059384637
18	6	492.920634921	21.395223905
19	6	491.777777778	21.8715183674
20	6	477.619047619	35.8955400561
21	6	478.126984127	45.5734161105
22	6	481.746031746	32.3149030703
23	6	486.19047619	35.2581667418
24	6	486.253968254	26.9402444304
25	6	467.333333333	57.015731608
26	6	485.174603175	34.988678297
27	6	489.746031746	17.8156060123
28	6	487.904761905	29.3320964489
29	6	477.619047619	33.6836018563
30	6	490.507936508	13.2471895982
31	6	482.507936508	24.4974070645
0	7	128.158730159	21.8255757568
1	7	140.349206349	13.9228699949
2	7	129.301587302	20.3778863342
3	7	120.73015873	21.3907013986
4	7	128.095238095	21.8608255016
5	7	120.158730159	21.4499834234
6	7	113.428571429	19.5940663886
7	7	-1	0
8	7	482.507936508	33.0117213507
9	7	480.476190476	40.1421510416
10	7	487.650793651	31.3556955309
11	7	487.904761905	20.7400496591
12	7	480.412698413	41.7066988341
13	7	485.365079365	25.8071612968
14	7	485.238095238	32.0622976361
15	7	480.476190476	33.8319174664
16	7	481.746031746	34.445249058
17	7	476.158730159	47.2363884314
18	7	480.095238095	17.1470894247
19	7	491.968253968	15.2669039844
20	7	479.777777778	37.072406392
21	7	494.380952381	12.3589548171
22	7	484.73015873	40.7287606931
23	7	492.666666667	12.8087271836
24	7	479.333333333	45.6237198124
25	7	482.825396825	44.4345567233
26	7	485.428571429	30.7110001934
27	7	490.444444444	30.4806874989
28	7	476.984126984	42.30782586
29	7	494.19047619	18.2041833173
30	7	485.619047619	32.187658372
31	7	484.412698413	28.4413263597
0	8	643.904761905	33.503240443
1	8	643.841269841	33.6467203285
2	8	634.0	35.4562104171
3	8	656.095238095	33.3360543107
4	8	642.571428571	32.1808946011
5	8	649.682539683	30.3486750302
6	8	643.333333333	31.4556881575
7	8	643.46031746	31.0436586561
8	8	-1	0
9	8	132.349206349	18.7837811922
10	8	133.365079365	15.088418335
11	8	128.53968254	19.6257244507
12	8	130.317460317	20.9525733517
13	8	136.349206349	14.6169707089
14	8	112.666666667	20.0823700619
15	8	109.301587302	16.446773139
16	8	647.26984127	29.5904351498
17	8	645.492063492	31.1432292909
18	8	670.253968254	14.5689038861
19	8	661.492063492	26.6141584326
20	8	654.761904762	28.6399179112
21	8	647.523809524	28.4760312147
22	8	647.904761905	28.0576019101
23	8	662.19047619	22.9664055157
24	8	648.349206349	25.2744671526
25	8	646.444444444	33.1929318245
26	8	665.936507937	19.9871967081
27	8	653.873015873	30.810991681
28	8	654.761904762	19.9154676154
29	8	666.253968254	21.3079970486
30	8	651.26984127	28.6218954644
31	8	647.777777778	30.5361843358
0	9	625.301587302	34.8896832528
1	9	643.333333333	34.725225267
2	9	648.349206349	34.1844477449
3	9	655.26984127	29.6333179866
4	9	642.063492063	37.138895461
5	9	650.825396825	27.8240159384
6	9	647.777777778	32.053746751
7	9	649.619047619	31.7267242875
8	9	117.936507937	20.2397322712
9	9	-1	0
10	9	134.507936508	14.5971001859
11	9	134.761904762	13.650645994
12	9	108.73015873	13.6314369961
13	9	133.111111111	14.631029335
14	9	117.428571429	12.56565524
15	9	121.555555556	19.2046437653
16	9	665.682539683	23.3705997619
17	9	652.222222222	22.2514094039
18	9	662.0	18.8696447254
19	9	642.634920635	29.7733776828
20	9	646.761904762	24.9429280531
21	9	658.253968254	24.8512835438
22	9	663.333333333	25.9327579811
23	9	658.253968254	20.156505314
24	9	655.46031746	24.9168938654
25	9	649.936507937	30.0728602088
26	9	650.253968254	28.7374365946
27	9	663.968253968	18.5420742097
28	9	650.571428571	28.7284573731
29	9	653.365079365	25.4703697054
30	9	648.158730159	32.9449788304
31	9	663.079365079	18.9931496316
0	10	645.365079365	34.4108240572
1	10	648.222222222	30.8259035807
2	10	645.174603175	34.4030912613
3	10	652.476190476	31.515608198
4	10	655.26984127	32.1648562773
5	10	637.238095238	35.5624709828
6	10	657.365079365	28.7492175669
7	10	647.333333333	32.1583384235
8	10	138.825396825	12.3269477453
9	10	135.714285714	15.3967926689
10	10	-1	0
11	10	120.476190476	18.5359857154
12	10	130.0	19.8534311936
13	10	130.952380952	19.0799725229
14	10	132.920634921	15.3718993129
15	10	133.873015873	17.2373644208
16	10	653.365079365	28.1240458532
17	10	642.444444444	22.8075299302
18	10	655.333333333	27.2227729131
19	10	642.698412698	33.0351592022
20	10	641.174603175	25.1588853833
21	10	666.888888889	18.6727125508
22	10	653.174603175	28.0331661184
23	10	644.222222222	28.4077143806
24	10	650.063492063	29.6647260017
25	10	652.412698413	31.8690948072
26	10	668.476190476	11.7200914765
27	10	657.047619048	26.3477528763
28	10	667.46031746	13.6030171686
29	10	648.984126984	27.9679476768
30	10	648.920634921	30.506466443
31	10	663.968253968	20.3820402222
0	11	644.349206349	34.6932859019
1	11	645.111111111	35.8015301221
2	11	642.253968254	30.3785472833
3	11	636.031746032	34.4083638106
4	11	644.158730159	32.9680973011
5	11	654.19047619	28.0627738183
6	11	647.333333333	31.6247843333
7	11	644.984126984	33.7382511301
8	11	133.238095238	15.33303756
9	11	105.428571429	18.0420270266
10	11	117.174603175	23.5530739291
11	11	-1	0
12	11	130.761904762	15.1161789554
13	11	114.571428571	12.5048743331
14	11	112.857142857	13.2267851651
15	11	117.555555556	18.8576772945
16	11	657.238095238	29.28010012
17	11	648.158730159	29.8468079967
18	11	658.952380952	22.3531742509
19	11	670.698412698	18.6740078427
20	11	651.650793651	26.6631894936
21	11	668.984126984	16.125984221
22	11	657.682539683	24.5679009813
23	11	664.73015873	22.0915888247
24	11	664.666666667	23.1050052984
25	11	646.0	31.5040939642
26	11	658.317460317	23.5977032759
27	11	647.777777778	28.4969753028
28	11	648.285714286	27.5078220168
29	11	661.682539683	24.0137694606
30	11	665.428571429	17.700967856
31	11	655.079365079	30.5896037881
0	12	636.285714286	36.4850169602
1	12	646.444444444	35.5785639841
2	12	646.126984127	30.5128086888
3	12	641.301587302	34.9187878299
4	12	650.444444444	31.7058793695
5	12	650.317460317	29.8763724646
6	12	655.777777778	26.5882444751
7	12	642.571428571	30.6364832236
8	12	139.142857143	13.9918991788
9	12	131.777777778	20.9462232414
10	12	114.380952381	16.8159302509
11	12	119.841269841	19.8127795452
12	12	-1	0
13	12	133.936507937	18.6597546862
14	12	128.666666667	18.8561808316
15	12	119.777777778	22.3652539788
16	12	655.46031746	26.6885775441
17	12	656.73015873	26.1261933572
18	12	647.841269841	24.3865734261
19	12	645.111111111	29.7498091823
20	12	656.984126984	29.6002424183
21	12	666.698412698	20.0891939053
22	12	648.349206349	26.3469878584
23	12	654.761904762	26.6843478798
24	12	667.587301587	24.2268609426
25	12	656.666666667	24.5130350811
26	12	641.238095238	23.2677406531
27	12	654.825396825	23.2819431923
28	12	667.206349206	16.6477594948
29	12	652.222222222	25.1953916449
30	12	657.492063492	22.5542541765
31	12	655.26984127	25.0746228187
0	13	638.0	38.3003999316
1	13	641.174603175	35.090151326
2	13	639.904761905	32.0939663447
3	13	655.904761905	26.2525670918
4	13	646.126984127	30.2200879599
5	13	652.793650794	31.96533774
6	13	646.444444444	26.9613349122
7	13	642.380952381	31.7107105092
8	13	118.507936508	23.4052449799
9	13	120.984126984	16.8348580766
10	13	129.555555556	18.5042061094
11	13	126.507936508	16.9779249913
12	13	121.365079365	22.313282817
13	13	-1	0
14	13	124.857142857	21.3384347642
15	13	110.571428571	15.9977322656
16	13	657.682539683	22.0395210653
17	13	646.825396825	30.162806742
18	13	657.111111111	28.1442492426
19	13	662.761904762	23.6036816376
20	13	650.825396825	29.7815004273
21	13	640.73015873	27.8118430576
22	13	639.46031746	27.9346319716
23	13	659.142857143	26.5944600645
24	13	667.142857143	18.1902268744
25	13	651.968253968	33.5639490336
26	13	662.126984127	17.673845858
27	13	649.619047619	29.6580664749
28	13	647.523809524	27.1707459063
29	13	652.031746032	26.8458079574
30	13	647.396825397	25.2897743828
31	13	654.825396825	26.1197120007
0	14	647.46031746	38.8095984678
1	14	648.476190476	32.4916874072
2	14	645.301587302	32.0597829066
3	14	638.634920635	34.5801583567
4	14	649.936507937	31.1513830699
5	14	649.047619048	29.21807908
6	14	644.53968254	36.1042693676
7	14	641.619047619	35.4039853247
8	14	129.555555556	18.7496266865
9	14	122.0	18.3510736678
10	14	127.206349206	18.7972969436
11	14	110.444444444	13.2590523468
12	14	129.492063492	20.9548820056
13	14	128.349206349	15.6571995004
14	14	-1	0
15	14	117.619047619	18.7577950539
16	14	662.0	21.4402084804
17	14	647.904761905	28.3636892208
18	14	658.571428571	25.5167012134
19	14	669.936507937	16.1813855587
20	14	648.793650794	27.2286956068
21	14	656.73015873	29.1145555422
22	14	663.46031746	21.6559133732
23	14	654.825396825	25.8066926736
24	14	639.904761905	31.2032325786
25	14	668.285714286	17.9977322835
26	14	647.587301587	27.8913054215
27	14	655.015873016	28.5342968593
28	14	656.920634921	27.5123646588
29	14	651.650793651	26.2213766726
30	14	658.825396825	23.3799124759
31	14	655.333333333	27.804304794
0	15	654.888888889	31.3703485067
1	15	646.952380952	33.1669315957
2	15	643.587301587	32.7029123118
3	15	639.015873016	33.6326995379
4	15	646.063492063	33.4701350014
5	15	654.634920635	30.1884565278
6	15	642.444444444	30.9683800735
7	15	648.984126984	33.9334044641
8	15	139.777777778	12.6044139969
9	15	133.873015873	16.5917287325
10	15	131.079365079	14.328683174
11	15	136.603174603	13.8226174014
12	15	119.079365079	20.7565645285
13	15	118.952380952	21.4723362606
14	15	111.714285714	17.627025221
15	15	-1	0
16	15	669.80952381	14.1003851606
17	15	645.619047619	26.2995132862
18	15	643.968253968	25.6062791493
19	15	637.365079365	30.9855581246
20	15	638.253968254	28.075843005
21	15	663.968253968	24.1147838828
22	15	657.428571429	22.0689498788
23	15	645.365079365	28.2142042282
24	15	648.984126984	28.6054118886
25	15	646.063492063	34.4203119323
26	15	656.793650794	22.7353013603
27	15	644.53968254	22.8985515566
28	15	649.873015873	33.1535590579
29	15	644.349206349	27.9194753272
30	15	644.603174603	30.1459622096
31	15	670.19047619	17.937154083
0	16	652.920634921	35.4505251432
1	16	648.158730159	34.2674848657
2	16	647.523809524	33.5303024015
3	16	646.19047619	34.4788212624
4	16	652.476190476	31.4833577316
5	16	659.587301587	30.3422984766
6	16	652.920634921	33.9426694928
7	16	650.952380952	37.1814207621
8	16	661.746031746	26.4838784468
9	16	665.492063492	24.142350996
10	16	679.968253968	14.5689038861
11	16	661.111111111	27.5237912158
12	16	667.26984127	23.7535002261
13	16	667.26984127	22.2975593719
14	16	672.603174603	20.7069804062
15	16	659.079365079	28.6961651037
16	16	-1	0
17	16	112.984126984	18.5296776657
18	16	130.952380952	15.3802889434
19	16	132.603174603	18.790862084
20	16	123.587301587	17.2899043124
21	16	126.634920635	18.409195069
22	16	124.095238095	12.9439748633
23	16	120.349206349	23.2325433562
24	16	653.936507937	26.0840357525
25	16	643.587301587	24.9600537498
26	16	665.936507937	24.0474880818
27	16	664.222222222	25.4361600154
28	16	670.19047619	18.4948359527
29	16	653.746031746	31.0319693087
30	16	657.365079365	24.4113567035
31	16	663.587301587	24.4875315994
0	17	652.793650794	30.832964595
1	17	646.253968254	32.2913169586
2	17	659.333333333	30.1277702408
3	17	656.095238095	32.6120604265
4	17	643.587301587	39.0850253144
5	17	653.619047619	31.3158150478
6	17	649.619047619	33.9240180737
7	17	658.761904762	32.0939663447
8	17	661.047619048	28.0019435671
9	17	660.666666667	24.7706944107
10	17	646.634920635	27.1125236612
11	17	663.523809524	25.8093480929
12	17	648.73015873	28.8780722817
13	17	667.777777778	24.6038095156
14	17	652.476190476	27.7625173501
15	17	662.063492063	22.0417158724
16	17	110.952380952	20.7994418205
17	17	-1	0
18	17	118.825396825	22.3127408137
19	17	125.555555556	19.7779561255
20	17	114.698412698	17.4652806799
21	17	124.920634921	18.0187746772
22	17	123.587301587	17.2310488682
23	17	120.73015873	13.4249310237
24	17	659.714285714	30.0578429516
25	17	657.238095238	27.435184388
26	17	670.698412698	18.9172256436
27	17	666.380952381	21.1865699985
28	17	652.412698413	32.288695216
29	17	654.952380952	26.8443062873
30	17	659.650793651	24.5196123187
31	17	663.968253968	22.3208694815
0	18	646.571428571	40.7538932937
1	18	659.015873016	31.2610575045
2	18	654.063492063	35.0056108953
3	18	642.126984127	33.8734770353
4	18	651.396825397	33.5509750444
5	18	656.984126984	31.5843501852
6	18	653.111111111	30.9218734474
7	18	659.206349206	33.6603759942
8	18	663.26984127	26.8737237271
9	18	656.476190476	26.7088102359
10	18	650.126984127	22.6719126027
11	18	653.746031746	29.1759676348
12	18	659.587301587	26.7383767482
13	18	662.507936508	23.4810785128
14	18	658.571428571	30.7110001934
15	18	665.936507937	23.5350957224
16	18	120.412698413	22.225850044
17	18	116.666666667	18.6121653338
18	18	-1	0
19	18	122.253968254	14.3581935615
20	18	132.412698413	15.4597633615
21	18	121.682539683	15.2073764441
22	18	141.111111111	10.1404597609
23	18	117.047619048	17.983615622
24	18	666.126984127	22.6607079447
25	18	643.26984127	27.6653507141
26	18	676.158730159	16.5588957047
27	18	660.920634921	24.8137836678
28	18	658.0	28.8267952951
29	18	673.80952381	16.8116146009
30	18	654.063492063	29.2422140042
31	18	670.19047619	23.8878710958
0	19	658.571428571	33.684678956
1	19	649.80952381	32.0034011798
2	19	654.825396825	32.2778314423
3	19	654.063492063	32.8420331795
4	19	651.841269841	34.599388172
5	19	652.920634921	31.5862646396
6	19	650.634920635	30.8129541854
7	19	662.19047619	29.6127692014
8	19	665.174603175	29.7729714874
9	19	653.301587302	24.3105796557
10	19	659.142857143	27.7990847987
11	19	664.53968254	25.8768913253
12	19	662.888888889	25.1112515799
13	19	646.888888889	27.5883061903
14	19	653.111111111	27.7077211811
15	19	667.206349206	21.2454728923
16	19	128.222222222	16.6041154245
17	19	118.634920635	21.1324632443
18	19	127.523809524	21.7743530094
19	19	-1	0
20	19	126.888888889	19.5887164728
21	19	119.650793651	15.5268929323
22	19	112.031746032	13.1390225216
23	19	114.888888889	17.3617999863
24	19	648.793650794	27.256662928
25	19	660.095238095	26.0095918117
26	19	668.920634921	23.5751426714
27	19	663.523809524	23.1865157467
28	19	676.857142857	17.0516090037
29	19	652.095238095	28.8167247986
30	19	652.031746032	28.5423485168
31	19	656.349206349	28.6645396388
0	20	661.80952381	28.5650786595
1	20	655.46031746	33.2631763589
2	20	648.412698413	33.478083293
3	20	647.714285714	32.6109478995
4	20	647.015873016	31.7127444531
5	20	655.142857143	30.44164709
6	20	652.73015873	32.062046172
7	20	655.333333333	30.245555885
8	20	654.063492063	30.4338329985
9	20	665.619047619	21.8009964614
10	20	667.46031746	26.8498620474
11	20	665.301587302	25.4637214207
12	20	674.634920635	16.5953728369
13	20	655.46031746	28.4570550277
14	20	644.349206349	26.6536627401
15	20	669.365079365	22.015363746
16	20	123.523809524	14.5959954748
17	20	120.53968254	16.0364915183
18	20	143.142857143	8.91379730042
19	20	118.888888889	17.273809068
20	20	-1	0
21	20	112.285714286	18.3194133921
22	20	122.380952381	12.6433727812
23	20	130.0	19.8789990486
24	20	648.984126984	30.6456926534
25	20	658.825396825	30.162806742
26	20	649.365079365	25.4104725238
27	20	660.476190476	25.9565309045
28	20	669.365079365	23.2169215706
29	20	658.952380952	29.1832897236
30	20	650.888888889	30.8725547768
31	20	653.238095238	30.561784564
0	21	658.888888889	31.6042548427
1	21	654.571428571	30.586704387
2	21	657.936507937	32.1937946381
3	21	650.126984127	35.6631026539
4	21	653.80952381	31.9954645312
5	21	654.825396825	32.0963527981
6	21	656.476190476	33.6739064082
7	21	656.857142857	31.7884161505
8	21	657.873015873	28.2839861942
9	21	660.158730159	23.9875671164
10	21	657.047619048	30.1590643256
11	21	648.349206349	31.7980526159
12	21	652.920634921	31.1164232588
13	21	648.793650794	28.5846882812
14	21	651.968253968	30.719399927
15	21	653.428571429	28.2650236976
16	21	122.063492063	14.9919269449
17	21	135.079365079	12.7731136119
18	21	122.380952381	13.4228288971
19	21	105.619047619	13.5920478285
20	21	123.26984127	14.3926859172
21	21	-1	0
22	21	132.666666667	16.7748867477
23	21	124.666666667	15.8725079284
24	21	658.380952381	27.3782607373
25	21	664.73015873	22.5016446307
26	21	657.619047619	27.4431178359
27	21	667.968253968	25.5566400243
28	21	676.158730159	15.2993477911
29	21	664.031746032	25.9706600352
30	21	655.206349206	27.6819571804
31	21	653.555555556	29.6014680984
0	22	664.603174603	27.3638271728
1	22	660.222222222	29.0355252819
2	22	655.206349206	25.9095856075
3	22	642.063492063	33.1652299358
4	22	649.238095238	38.5044686278
5	22	659.142857143	31.6923991403
6	22	653.428571429	32.070217745
7	22	647.968253968	36.0378849396
8	22	670.634920635	18.71023961
9	22	656.793650794	26.6059778044
10	22	663.46031746	25.0490473771
11	22	665.80952381	19.6273676302
12	22	669.047619048	22.9031283449
13	22	659.650793651	26.4911837567
14	22	656.793650794	24.9813636761
15	22	675.714285714	15.6097533322
16	22	125.936507937	20.6619603058
17	22	107.904761905	12.6261435575
18	22	122.761904762	13.0222206744
19	22	108.476190476	18.106262306
20	22	125.492063492	18.2329485603
21	22	115.079365079	19.4032410869
22	22	-1	0
23	22	116.666666667	20.9852555948
24	22	652.603174603	25.8951118036
25	22	655.142857143	27.142690058
26	22	664.412698413	27.2464559633
27	22	657.80952381	26.7847724702
28	22	676.793650794	17.597040453
29	22	657.80952381	25.7008783389
30	22	671.841269841	19.7228465935
31	22	656.73015873	27.7935737401
0	23	650.063492063	32.6559132037
1	23	659.841269841	30.6859185684
2	23	651.015873016	34.5269584406
3	23	653.873015873	33.7683481288
4	23	663.968253968	26.3299987364
5	23	658.317460317	26.0334494216
6	23	659.777777778	31.3811410581
7	23	660.031746032	32.4560597976
8	23	661.365079365	24.1813922868
9	23	653.80952381	27.6341502222
10	23	656.285714286	30.9569227437
11	23	652.476190476	32.4369264113
12	23	650.317460317	26.305184109
13	23	654.698412698	25.8694125449
14	23	672.73015873	20.2313652053
15	23	662.634920635	29.1701639195
16	23	124.666666667	15.6793261922
17	23	120.984126984	18.4472582068
18	23	136.857142857	15.0246962232
19	23	122.507936508	15.193851112
20	23	128.984126984	17.8027036144
21	23	113.682539683	17.8928250201
22	23	125.174603175	23.0407090958
23	23	-1	0
24	23	654.380952381	27.1172811833
25	23	677.238095238	19.0818739602
26	23	661.936507937	27.588744551
27	23	661.936507937	29.2595788228
28	23	656.793650794	21.9046698871
29	23	649.428571429	30.4785713356
30	23	678.444444444	17.8759195814
31	23	655.904761905	25.6754556911
0	24	653.047619048	34.4440787048
1	24	668.349206349	26.143777511
2	24	657.555555556	38.9259687171
3	24	675.904761905	29.4099185762
4	24	660.158730159	31.8315039859
5	24	667.714285714	37.494307958
6	24	678.063492063	32.7723620569
7	24	665.365079365	32.3175226868
8	24	684.222222222	20.368388552
9	24	674.253968254	26.0585228138
10	24	675.841269841	25.286426718
11	24	678.19047619	24.5071140581
12	24	663.079365079	32.3253802626
13	24	665.746031746	27.1468483096
14	24	673.047619048	27.6826853062
15	24	679.333333333	26.6190050259
16	24	675.523809524	28.1801782993
17	24	670.0	26.7237484302
18	24	662.825396825	29.993935727
19	24	665.682539683	28.8646680254
20	24	676.920634921	27.7970545358
21	24	682.571428571	24.6561845719
22	24	667.904761905	27.0905092534
23	24	676.031746032	28.2202045452
24	24	-1	0
25	24	123.650793651	19.7975136567
26	24	135.079365079	9.82917843989
27	24	136.920634921	15.875809278
28	24	110.19047619	11.0509026319
29	24	122.825396825	15.3876261178
30	24	117.682539683	20.6103883475
31	24	132.285714286	18.3471191211
0	25	668.285714286	35.845979417
1	25	667.396825397	35.6359635015
2	25	668.349206349	30.6014621137
3	25	673.174603175	30.1459622096
4	25	667.46031746	29.5515827722
5	25	664.095238095	35.4766698593
6	25	661.365079365	30.9773606976
7	25	666.253968254	30.9171798207
8	25	673.238095238	27.7481383821
9	25	666.380952381	27.6367759194
10	25	671.587301587	26.0162555537
11	25	663.079365079	31.2792347506
12	25	660.920634921	29.4215672903
13	25	664.73015873	30.8262959018
14	25	662.317460317	24.0876872959
15	25	665.047619048	27.7101944288
16	25	678.126984127	24.4919760514
17	25	664.476190476	27.048960396
18	25	657.873015873	34.2314679621
19	25	663.26984127	31.0233943213
20	25	668.222222222	29.2360097838
21	25	683.777777778	22.4785219847
22	25	652.793650794	26.2310604268
23	25	675.333333333	24.9952376416
24	25	112.412698413	15.671868357
25	25	-1	0
26	25	113.746031746	21.3912667642
27	25	134.063492063	18.177146838
28	25	130.888888889	13.9558386383
29	25	115.904761905	13.482162567
30	25	138.19047619	12.5164744045
31	25	132.349206349	15.3789783653
0	26	661.746031746	35.6553022634
1	26	658.444444444	38.208192331
2	26	662.126984127	36.0596912819
3	26	675.46031746	30.6733043525
4	26	662.571428571	32.8912176659
5	26	671.079365079	32.5133923993
6	26	673.047619048	28.5676187936
7	26	669.746031746	27.0249551071
8	26	685.365079365	15.1220448639
9	26	657.492063492	22.5880098942
10	26	675.841269841	27.5641856137
11	26	682.253968254	21.5803910508
12	26	674.0	28.6766317121
13	26	679.714285714	27.3225464031
14	26	671.333333333	25.7460121739
15	26	662.0	31.2125330953
16	26	677.682539683	19.1806991256
17	26	673.873015873	25.9813682103
18	26	668.412698413	27.9549722531
19	26	685.873015873	17.6450830091
20	26	665.873015873	23.1156458136
21	26	679.333333333	27.7219756963
22	26	664.666666667	25.5579018937
23	26	659.904761905	29.2714250854
24	26	104.222222222	16.2015523893
25	26	124.73015873	20.0041315964
26	26	-1	0
27	26	127.714285714	18.3885994456
28	26	140.349206349	15.575885646
29	26	132.666666667	13.1027683977
30	26	133.682539683	17.4035440624
31	26	130.825396825	14.345553686
0	27	647.26984127	39.5262445862
1	27	668.285714286	32.384313551
2	27	659.841269841	33.1983965712
3	27	658.19047619	32.5619590802
4	27	670.19047619	30.1903259723
5	27	671.587301587	28.6371026515
6	27	661.873015873	34.6517788835
7	27	673.80952381	28.9360856398
8	27	685.746031746	21.9421810595
9	27	660.984126984	30.3542534158
10	27	667.904761905	32.952931457
11	27	673.238095238	28.9661621336
12	27	661.873015873	29.9414731024
13	27	659.587301587	33.379318243
14	27	666.380952381	28.7537042866
15	27	685.873015873	17.02984501
16	27	674.571428571	25.1760242998
17	27	668.095238095	23.7858930352
18	27	659.333333333	30.5961923142
19	27	667.46031746	26.7456125444
20	27	671.015873016	31.944143743
21	27	664.031746032	34.8702667057
22	27	667.714285714	27.8016949189
23	27	661.936507937	26.5664025893
24	27	125.365079365	17.6485096158
25	27	133.80952381	18.4398267585
26	27	128.793650794	23.0128733677
27	27	-1	0
28	27	121.111111111	20.1132595538
29	27	121.301587302	14.0843658913
30	27	124.857142857	15.2261858223
31	27	109.238095238	12.5048743331
0	28	660.412698413	33.379318243
1	28	655.523809524	38.7580435657
2	28	667.333333333	34.000933694
3	28	656.857142857	37.6545944172
4	28	666.126984127	30.3877022241
5	28	681.936507937	29.015525683
6	28	659.968253968	36.7704022857
7	28	655.396825397	32.9089844839
8	28	675.904761905	26.3394895069
9	28	664.666666667	24.0422907817
10	28	670.571428571	29.6678513866
11	28	678.380952381	25.4854010942
12	28	687.523809524	15.5888209262
13	28	667.142857143	31.5800103254
14	28	680.73015873	21.8720713045
15	28	664.984126984	26.8277823679
16	28	673.682539683	23.5330401957
17	28	679.904761905	21.3316325853
18	28	665.111111111	29.7583447606
19	28	662.444444444	33.8670499499
20	28	670.571428571	28.0123069811
21	28	669.746031746	25.5168591974
22	28	689.936507937	13.4752836833
23	28	670.888888889	27.1334802331
24	28	133.746031746	15.448807684
25	28	117.238095238	19.2804813594
26	28	113.174603175	20.3481910452
27	28	117.619047619	19.1065754255
28	28	-1	0
29	28	121.428571429	16.9983325846
30	28	123.587301587	20.7728722064
31	28	124.222222222	20.0669074851
0	29	669.746031746	32.6199706354
1	29	654.253968254	35.2829687112
2	29	668.095238095	30.0843862291
3	29	677.365079365	29.5249701086
4	29	659.587301587	33.7500781519
5	29	673.80952381	27.3756102449
6	29	668.095238095	35.3834838548
7	29	662.571428571	30.6696242289
8	29	669.174603175	29.7985509835
9	29	665.174603175	27.252225587
10	29	669.936507937	26.8232740777
11	29	685.492063492	21.9724741336
12	29	668.095238095	27.3052784511
13	29	666.0	29.2379401268
14	29	663.333333333	23.9364237294
15	29	670.063492063	32.03563146
16	29	666.253968254	27.9489149938
17	29	681.301587302	19.5510198822
18	29	665.619047619	25.6047047831
19	29	677.492063492	23.2200467685
20	29	677.428571429	25.833234584
21	29	676.73015873	24.9018430817
22	29	664.666666667	27.7036471154
23	29	665.682539683	31.4258135715
24	29	112.666666667	18.0862132883
25	29	125.365079365	17.8060998887
26	29	118.952380952	17.1745738344
27	29	125.111111111	18.2601231859
28	29	120.603174603	21.6307685636
29	29	-1	0
30	29	133.174603175	19.0991894472
31	29	126.317460317	22.1773697016
0	30	661.492063492	36.2390095067
1	30	663.26984127	34.8188994243
2	30	666.19047619	32.8415421901
3	30	675.523809524	31.2729190331
4	30	670.698412698	28.8315495846
5	30	671.650793651	29.0779787567
6	30	664.53968254	32.8018705413
7	30	660.476190476	37.2340760223
8	30	657.428571429	32.6743014818
9	30	661.682539683	27.7155766168
10	30	653.238095238	29.8215402526
11	30	664.158730159	28.4349473942
12	30	661.428571429	30.6779038862
13	30	685.936507937	21.1118510432
14	30	673.174603175	27.3545444311
15	30	662.825396825	28.2317729836
16	30	667.206349206	29.1041690845
17	30	684.984126984	20.0186358125
18	30	674.952380952	23.7095042034
19	30	673.492063492	27.0119744263
20	30	674.19047619	29.6727426324
21	30	671.206349206	25.2543623327
22	30	663.26984127	28.9921753807
23	30	668.031746032	30.2276905817
24	30	123.079365079	17.9623076144
25	30	133.428571429	14.3224923407
26	30	135.079365079	14.328683174
27	30	136.666666667	14.2182534145
28	30	122.0	15.7278440787
29	30	118.952380952	21.3180217161
30	30	-1	0
31	30	114.19047619	17.5796212673
0	31	670.825396825	34.0245194886
1	31	658.634920635	35.457688439
2	31	655.206349206	36.8928774174
3	31	665.682539683	35.7650292071
4	31	672.793650794	32.9820339406
5	31	671.523809524	30.7487809245
6	31	662.0	34.9512131633
7	31	659.587301587	34.1763098682
8	31	675.26984127	25.0036228164
9	31	664.285714286	27.4708668607
10	31	653.873015873	35.1104796292
11	31	683.587301587	21.3516550198
12	31	673.619047619	25.3855530539
13	31	685.174603175	19.4287789179
14	31	664.793650794	28.7706633708
15	31	682.063492063	22.8895713524
16	31	685.555555556	22.9407641462
17	31	670.444444444	28.0146094414
18	31	663.968253968	31.7359984145
19	31	666.19047619	27.725901673
20	31	685.555555556	19.1384079696
21	31	667.142857143	29.766742464
22	31	684.666666667	22.7951540381
23	31	687.968253968	21.767872244
24	31	120.476190476	17.1703483272
25	31	123.46031746	17.3304259437
26	31	130.380952381	18.0400159887
27	31	111.714285714	19.9136457732
28	31	120.222222222	20.517467931
29	31	121.301587302	21.3991803141
30	31	103.650793651	14.4245807952
31	31	-1	0
