# src_core	dest_core	cost	stderr
0	0	-1	0
1	0	249.73015873	3.52409551249
2	0	255.714285714	3.41066753895
3	0	250.888888889	5.48623417583
4	0	248.158730159	4.96081902226
5	0	262.761904762	10.2333322254
6	0	327.158730159	7.81371677347
7	0	331.698412698	19.4280397271
8	0	324.126984127	6.78582103323
9	0	327.492063492	7.55272055656
10	0	334.428571429	9.30730091595
11	0	323.523809524	15.2927590946
12	0	275.079365079	5.23207927741
13	0	273.523809524	4.19696467362
14	0	268.619047619	6.30552433888
15	0	274.682539683	3.66807504045
16	0	281.126984127	3.2829142275
17	0	272.015873016	5.22354882557
18	0	354.285714286	2.47160748045
19	0	351.873015873	4.169016722
20	0	350.714285714	9.74667802004
21	0	355.396825397	3.75664356498
22	0	351.301587302	4.94937841419
23	0	353.714285714	3.95381500089
0	1	249.80952381	2.70717531496
1	1	-1	0
2	1	248.761904762	2.74708668607
3	1	251.968253968	4.66655868572
4	1	249.650793651	5.74361959367
5	1	266.603174603	11.324281655
6	1	333.19047619	12.4056530162
7	1	336.126984127	10.6166865717
8	1	325.841269841	9.74305833345
9	1	336.174603175	10.2253027006
10	1	330.396825397	9.4037136915
11	1	325.111111111	7.4601823696
12	1	273.603174603	6.72011829672
13	1	266.555555556	9.02514613658
14	1	265.825396825	5.55074621764
15	1	274.317460317	4.87242124494
16	1	269.682539683	6.11743642964
17	1	268.619047619	5.78017567544
18	1	352.412698413	11.0964529162
19	1	349.111111111	6.7096497936
20	1	350.920634921	9.61530127684
21	1	348.285714286	6.50379271871
22	1	350.428571429	7.05244365105
23	1	353.80952381	12.0736590407
0	2	252.619047619	4.18776968875
1	2	264.206349206	10.8366789415
2	2	-1	0
3	2	248.396825397	5.85144042106
4	2	250.793650794	4.37583091487
5	2	248.222222222	5.64686862079
6	2	332.80952381	12.531683203
7	2	332.46031746	13.1593715738
8	2	327.666666667	9.44995170896
9	2	334.396825397	15.1474652734
10	2	329.650793651	13.7357819479
11	2	327.873015873	10.7208328027
12	2	275.507936508	5.77040345725
13	2	272.936507937	6.6735036748
14	2	271.777777778	5.60737735274
15	2	280.698412698	3.64554488115
16	2	270.634920635	9.16567369046
17	2	274.333333333	4.79086432206
18	2	356.587301587	6.2757657362
19	2	346.571428571	10.8477402895
20	2	352.174603175	8.93102259123
21	2	361.746031746	6.77054370274
22	2	350.857142857	7.46176953109
23	2	354.571428571	11.1436711139
0	3	253.555555556	4.54528458877
1	3	252.238095238	6.42839505931
2	3	253.650793651	7.52595241066
3	3	-1	0
4	3	254.047619048	7.15015500205
5	3	251.365079365	4.98983597816
6	3	322.349206349	10.1749127061
7	3	338.349206349	9.57536311245
8	3	329.126984127	9.37489396933
9	3	330.063492063	10.3062209844
10	3	335.412698413	14.6240017113
11	3	324.793650794	11.2223681542
12	3	280.047619048	2.72221065294
13	3	274.222222222	4.30003486307
14	3	276.174603175	4.64464081868
15	3	275.714285714	3.03120580245
16	3	268.444444444	6.64228345174
17	3	274.26984127	5.49806993323
18	3	346.380952381	6.66292411957
19	3	351.634920635	6.65069894239
20	3	356.126984127	8.74777443532
21	3	351.285714286	4.87112832478
22	3	347.650793651	9.16369428893
23	3	353.682539683	9.73754865803
0	4	251.111111111	4.39014448586
1	4	253.952380952	9.4389072737
2	4	252.253968254	5.35403201859
3	4	251.698412698	7.54380839494
4	4	-1	0
5	4	255.26984127	8.42182793039
6	4	336.031746032	15.7045825422
7	4	332.650793651	11.3125281445
8	4	325.761904762	14.0990985704
9	4	332.492063492	13.2663472274
10	4	332.063492063	15.3187021456
11	4	324.412698413	7.5794938907
12	4	273.492063492	4.53162788604
13	4	287.666666667	29.6289219492
14	4	268.158730159	5.21355482786
15	4	276.984126984	2.85908223421
16	4	273.317460317	9.70489223189
17	4	280.412698413	1.94882887612
18	4	351.333333333	11.6086995293
19	4	350.80952381	8.44751704453
20	4	350.80952381	10.020387381
21	4	359.793650794	8.47060038006
22	4	348.142857143	6.982647751
23	4	349.682539683	4.89517221457
0	5	259.746031746	20.7998536731
1	5	252.634920635	6.26479604122
2	5	257.936507937	7.31572130973
3	5	253.031746032	8.62990050149
4	5	253.841269841	8.16147813644
5	5	-1	0
6	5	322.857142857	19.9530060136
7	5	323.857142857	11.3233249125
8	5	320.619047619	12.9129301157
9	5	328.0	12.4721912892
10	5	337.396825397	13.687602643
11	5	321.158730159	12.2723154039
12	5	282.936507937	3.2311628251
13	5	278.619047619	5.33460869105
14	5	273.698412698	5.2994007467
15	5	280.365079365	4.7951747814
16	5	274.746031746	21.3251236093
17	5	278.634920635	3.26259020335
18	5	348.53968254	2.71869130997
19	5	347.603174603	1.69536887909
20	5	357.793650794	4.6638043268
21	5	351.142857143	7.29613322868
22	5	350.285714286	8.28735615916
23	5	360.841269841	8.1536949443
0	6	412.777777778	18.0602557985
1	6	410.650793651	6.63362940272
2	6	414.619047619	7.65201202181
3	6	404.793650794	6.28972134583
4	6	407.857142857	8.86379678377
5	6	413.428571429	11.0147293675
6	6	-1	0
7	6	304.746031746	7.65520520905
8	6	313.333333333	5.07092552837
9	6	307.793650794	7.74834079558
10	6	304.19047619	13.7007208046
11	6	308.158730159	3.02479882163
12	6	445.031746032	3.93989869328
13	6	449.253968254	3.53651363597
14	6	437.063492063	7.96793776644
15	6	450.666666667	5.56063260076
16	6	435.444444444	3.93106382378
17	6	449.206349206	4.49040857956
18	6	318.206349206	5.58387340717
19	6	321.047619048	3.14934395501
20	6	328.031746032	12.4083538859
21	6	323.650793651	5.6992306085
22	6	320.126984127	5.44085679379
23	6	320.682539683	5.07976188926
0	7	407.206349206	6.73101971132
1	7	407.476190476	6.53405521487
2	7	414.333333333	10.4212846906
3	7	405.793650794	5.57533892531
4	7	410.095238095	8.13324411683
5	7	406.920634921	7.33831343303
6	7	306.26984127	5.5555102039
7	7	-1	0
8	7	308.349206349	4.36857003286
9	7	317.571428571	3.12041046198
10	7	304.047619048	7.07876002824
11	7	310.984126984	4.63078745915
12	7	448.317460317	3.17642804693
13	7	448.19047619	4.44671143997
14	7	442.063492063	4.03898862035
15	7	447.936507937	8.1179265002
16	7	450.126984127	3.01578947253
17	7	449.920634921	3.82681262083
18	7	318.412698413	5.82995799118
19	7	320.888888889	5.04302476352
20	7	324.841269841	6.42219946798
21	7	322.095238095	6.38379467614
22	7	321.761904762	5.28163720924
23	7	324.888888889	9.82240896181
0	8	406.079365079	5.68010056725
1	8	417.031746032	9.51184433565
2	8	409.650793651	6.88490119388
3	8	408.80952381	6.1769082081
4	8	405.714285714	9.59237225311
5	8	411.492063492	8.73938905982
6	8	319.095238095	6.78166127916
7	8	313.317460317	4.29035609883
8	8	-1	0
9	8	310.873015873	6.11137909122
10	8	314.317460317	6.30903961405
11	8	310.746031746	5.05515061546
12	8	445.984126984	5.53342531046
13	8	437.746031746	4.02755687877
14	8	442.888888889	3.73363566425
15	8	451.412698413	2.85431959276
16	8	438.952380952	4.88414529713
17	8	441.063492063	3.50904959716
18	8	329.650793651	10.0192809839
19	8	321.666666667	7.10912670725
20	8	327.301587302	8.51447865032
21	8	328.238095238	10.1851343364
22	8	318.841269841	5.01491853486
23	8	322.444444444	6.16898998133
0	9	412.634920635	16.2747263282
1	9	410.253968254	5.97340203502
2	9	405.317460317	6.63761622162
3	9	404.015873016	7.73672352514
4	9	412.142857143	9.28705728994
5	9	406.777777778	7.00214126988
6	9	303.206349206	9.58199159164
7	9	314.857142857	4.740427758
8	9	308.444444444	7.76393325654
9	9	-1	0
10	9	307.349206349	7.96452198699
11	9	302.587301587	7.38216409238
12	9	444.079365079	7.61848542899
13	9	449.666666667	7.93025150225
14	9	440.444444444	8.20719347228
15	9	448.920634921	6.21136078259
16	9	446.428571429	10.8228363587
17	9	447.095238095	10.3213667818
18	9	326.444444444	7.83110966975
19	9	322.380952381	6.54272544402
20	9	324.968253968	10.4971171461
21	9	326.857142857	8.0826232243
22	9	320.444444444	7.14648937631
23	9	322.904761905	6.7886793856
0	10	413.507936508	7.22621553651
1	10	413.317460317	11.9121458582
2	10	412.793650794	16.4066950428
3	10	406.174603175	6.8949940031
4	10	407.619047619	7.35587136493
5	10	406.26984127	10.6996608004
6	10	304.015873016	11.1119727557
7	10	306.206349206	6.93314727351
8	10	303.476190476	5.64802857264
9	10	312.888888889	7.46443655282
10	10	-1	0
11	10	307.888888889	6.01614523822
12	10	446.952380952	6.90623957916
13	10	440.952380952	3.38262869241
14	10	440.857142857	4.45027961617
15	10	443.857142857	6.92329204852
16	10	450.317460317	4.77368912223
17	10	445.603174603	8.0129650548
18	10	320.476190476	7.38049153707
19	10	321.253968254	5.19758263093
20	10	328.063492063	10.0045593033
21	10	323.142857143	7.57786488935
22	10	325.698412698	7.56062255066
23	10	324.825396825	7.17920206589
0	11	412.174603175	18.9582161127
1	11	418.507936508	10.2722820387
2	11	412.587301587	7.90546309123
3	11	407.634920635	7.55992270747
4	11	414.047619048	9.90018209136
5	11	413.396825397	10.089346389
6	11	311.603174603	10.7873230752
7	11	312.650793651	8.1730465462
8	11	303.857142857	9.89284997994
9	11	313.634920635	7.54521100571
10	11	300.444444444	17.5189491764
11	11	-1	0
12	11	449.285714286	6.34567362036
13	11	436.142857143	6.39905038306
14	11	442.380952381	6.57660251804
15	11	447.222222222	8.84333565675
16	11	443.682539683	5.77027246702
17	11	449.619047619	8.94858075371
18	11	323.714285714	9.25722124207
19	11	322.476190476	7.73542078325
20	11	329.285714286	8.42978199539
21	11	335.142857143	3.86624440575
22	11	325.158730159	7.46676519749
23	11	324.841269841	8.55459840922
0	12	423.666666667	15.3053575017
1	12	428.428571429	14.9078803979
2	12	433.793650794	16.7684120365
3	12	422.174603175	10.2640375151
4	12	425.285714286	14.8873319658
5	12	427.857142857	17.6175031498
6	12	431.968253968	5.93073312197
7	12	446.095238095	11.5589782128
8	12	431.365079365	5.60697294702
9	12	431.904761905	7.6650397564
10	12	442.841269841	7.15188142458
11	12	435.238095238	8.15273697487
12	12	-1	0
13	12	303.412698413	31.6371466017
14	12	311.222222222	26.5290762584
15	12	274.412698413	15.3536458838
16	12	306.555555556	28.3071463173
17	12	300.73015873	32.2624192153
18	12	326.492063492	6.05234577604
19	12	325.523809524	6.3091194839
20	12	339.777777778	6.77166000244
21	12	329.301587302	5.7476977327
22	12	329.587301587	12.6411207568
23	12	339.492063492	4.25710616321
0	13	420.619047619	21.5240202265
1	13	424.079365079	19.0023403632
2	13	427.857142857	16.7586576942
3	13	427.317460317	9.08657722212
4	13	427.444444444	16.1547848116
5	13	426.301587302	12.6912479788
6	13	443.333333333	12.414788928
7	13	441.142857143	7.07747857276
8	13	434.73015873	9.68095225082
9	13	437.46031746	7.20631424367
10	13	429.396825397	8.05051449118
11	13	437.031746032	9.42972041527
12	13	298.174603175	30.9908023644
13	13	-1	0
14	13	302.047619048	31.4240978057
15	13	289.46031746	27.5524466098
16	13	313.047619048	27.1207930372
17	13	296.349206349	30.8015453798
18	13	329.761904762	13.226613726
19	13	332.53968254	7.33944636298
20	13	336.396825397	7.70598547521
21	13	333.952380952	13.4771159029
22	13	332.047619048	6.88091118788
23	13	332.174603175	13.4607479716
0	14	429.698412698	11.4664935212
1	14	429.761904762	16.9009385348
2	14	426.936507937	25.9143111873
3	14	417.26984127	23.4081835841
4	14	423.063492063	28.2072111774
5	14	425.063492063	17.2892048307
6	14	448.492063492	8.44754687012
7	14	444.619047619	13.3112061293
8	14	442.206349206	6.91939700593
9	14	441.555555556	12.2017143966
10	14	430.888888889	10.2850038947
11	14	438.222222222	14.5541620562
12	14	297.968253968	32.6987055003
13	14	297.841269841	31.8604129893
14	14	-1	0
15	14	288.650793651	25.2373864331
16	14	303.650793651	27.8984318443
17	14	298.650793651	33.0142627812
18	14	326.206349206	10.418479812
19	14	324.761904762	11.4887305524
20	14	332.80952381	44.0702387223
21	14	331.952380952	11.9289278532
22	14	329.682539683	9.04981872453
23	14	333.079365079	13.0764559872
0	15	425.825396825	20.4532294051
1	15	432.698412698	14.407488045
2	15	430.507936508	31.851277922
3	15	420.952380952	16.5399262694
4	15	432.46031746	22.241692151
5	15	423.079365079	18.8715807056
6	15	436.428571429	8.62943336387
7	15	443.920634921	13.0034202916
8	15	442.904761905	9.29023089178
9	15	446.619047619	11.0890029486
10	15	436.619047619	11.7708660676
11	15	439.507936508	12.7427203194
12	15	277.015873016	12.9351153209
13	15	275.079365079	11.8325641431
14	15	302.238095238	28.9469763126
15	15	-1	0
16	15	300.285714286	30.0166242677
17	15	294.698412698	30.3616481769
18	15	334.666666667	12.3236770435
19	15	333.0	12.0105773489
20	15	335.714285714	13.3409841995
21	15	337.53968254	15.3683093811
22	15	329.634920635	11.7490986987
23	15	336.238095238	13.5009867784
0	16	424.333333333	28.6156800174
1	16	422.634920635	25.4267086094
2	16	430.380952381	25.8441166873
3	16	427.492063492	16.7548836907
4	16	425.158730159	24.729139902
5	16	422.682539683	21.3696308744
6	16	443.015873016	11.8167114157
7	16	446.111111111	10.5576439037
8	16	446.492063492	10.2490774124
9	16	447.095238095	12.5378339003
10	16	438.666666667	14.25281927
11	16	442.619047619	11.6393265657
12	16	287.015873016	22.0846079154
13	16	281.206349206	12.5700055311
14	16	299.126984127	31.9048645659
15	16	290.984126984	22.3993282662
16	16	-1	0
17	16	284.46031746	17.7189929457
18	16	338.380952381	11.8555171959
19	16	331.26984127	11.0039045728
20	16	342.031746032	11.0754529865
21	16	343.888888889	17.1890617777
22	16	334.396825397	11.2905912263
23	16	344.047619048	8.55501073154
0	17	427.26984127	23.7595136162
1	17	427.396825397	27.2446527053
2	17	423.428571429	23.6151110391
3	17	425.380952381	19.7222206253
4	17	426.222222222	28.0936328122
5	17	422.777777778	25.6189689423
6	17	460.19047619	13.2471705788
7	17	458.555555556	21.3688527058
8	17	447.920634921	11.8620397444
9	17	459.523809524	21.674252989
10	17	458.142857143	20.3039265441
11	17	447.698412698	18.8727021481
12	17	287.222222222	12.8723210428
13	17	286.523809524	20.1808152988
14	17	286.873015873	22.6277621753
15	17	284.761904762	13.1133208484
16	17	287.095238095	27.7321166661
17	17	-1	0
18	17	341.666666667	16.0594134982
19	17	336.936507937	16.563368471
20	17	341.984126984	19.1845606438
21	17	342.380952381	15.1871171088
22	17	337.841269841	16.554102114
23	17	343.555555556	18.3889008776
0	18	548.349206349	20.4855029888
1	18	543.571428571	19.4990551547
2	18	538.111111111	36.5926140137
3	18	532.841269841	18.141600312
4	18	547.984126984	17.1376241278
5	18	547.587301587	18.942381239
6	18	438.603174603	14.6217273452
7	18	435.365079365	20.2643651476
8	18	415.666666667	11.8160504239
9	18	426.634920635	20.3939779372
10	18	434.571428571	15.0361620037
11	18	431.396825397	19.3477283704
12	18	428.047619048	11.6747299638
13	18	429.761904762	15.6557350775
14	18	435.079365079	15.5116971606
15	18	434.555555556	16.9525741621
16	18	424.984126984	13.3374899039
17	18	424.317460317	16.460462873
18	18	-1	0
19	18	324.682539683	18.1744853396
20	18	333.984126984	16.7923755029
21	18	327.111111111	22.6590401113
22	18	319.587301587	15.9926917045
23	18	330.46031746	15.9092918809
0	19	549.507936508	21.110347283
1	19	551.666666667	20.2844846486
2	19	546.555555556	18.6639264807
3	19	539.015873016	19.6141284222
4	19	556.222222222	22.6291316981
5	19	550.26984127	21.5614340817
6	19	428.682539683	15.1645214567
7	19	436.920634921	13.7740284563
8	19	422.523809524	11.5619204519
9	19	437.587301587	20.0060585432
10	19	436.793650794	15.7310316417
11	19	432.761904762	17.1803822099
12	19	431.19047619	16.1548627923
13	19	431.063492063	15.8583741995
14	19	433.714285714	22.1376850078
15	19	432.158730159	15.5637004916
16	19	417.73015873	15.2848159422
17	19	427.285714286	12.3563858838
18	19	334.761904762	18.4422860251
19	19	-1	0
20	19	339.682539683	27.3500676978
21	19	339.603174603	24.674734641
22	19	335.888888889	21.4247380463
23	19	337.793650794	19.9929818878
0	20	595.253968254	40.5654353822
1	20	581.523809524	46.1542813515
2	20	555.19047619	46.3858411426
3	20	545.142857143	18.819828401
4	20	581.857142857	41.3747323946
5	20	565.46031746	24.7840356943
6	20	477.793650794	51.2854318032
7	20	456.412698413	25.0070687915
8	20	431.015873016	17.0856777146
9	20	445.873015873	26.4758003093
10	20	467.920634921	28.4350005581
11	20	475.222222222	62.1563426751
12	20	449.841269841	21.7964656733
13	20	442.301587302	19.2672391747
14	20	496.555555556	61.3120505977
15	20	455.253968254	26.1782463028
16	20	433.476190476	20.6211920143
17	20	452.968253968	22.0043056782
18	20	376.841269841	59.7750296513
19	20	330.793650794	19.6122400477
20	20	-1	0
21	20	376.777777778	60.8178243621
22	20	364.682539683	45.1662978009
23	20	382.666666667	61.8744248009
0	21	840.666666667	138.711760067
1	21	602.444444444	55.5571428345
2	21	673.507936508	101.542371016
3	21	582.873015873	37.5205730079
4	21	756.126984127	117.928616028
5	21	621.444444444	46.4432672441
6	21	710.968253968	170.871711671
7	21	574.0	98.7025353078
8	21	474.714285714	36.7019002023
9	21	536.777777778	103.938694453
10	21	532.333333333	78.3622033932
11	21	644.253968254	120.094667454
12	21	553.936507937	98.0359300859
13	21	507.825396825	72.0770178202
14	21	522.031746032	75.9383560055
15	21	649.015873016	139.149513293
16	21	471.222222222	40.2963011594
17	21	542.507936508	91.0127974633
18	21	414.222222222	64.4802035436
19	21	442.301587302	99.0864036804
20	21	394.873015873	52.3788070749
21	21	-1	0
22	21	517.714285714	123.144569649
23	21	558.714285714	134.187079615
0	22	898.317460317	169.031585796
1	22	676.793650794	83.1629035755
2	22	738.587301587	129.141811424
3	22	767.301587302	118.424664275
4	22	820.666666667	145.917458729
5	22	778.031746032	131.016292244
6	22	733.571428571	129.082195333
7	22	642.650793651	124.531905612
8	22	615.349206349	111.362009243
9	22	661.873015873	124.895066059
10	22	590.26984127	93.9532484802
11	22	790.80952381	177.890358344
12	22	647.158730159	138.272815948
13	22	678.666666667	152.614879967
14	22	648.365079365	127.611426764
15	22	693.301587302	126.797630908
16	22	670.682539683	136.464755075
17	22	655.126984127	124.352863532
18	22	508.888888889	121.074568537
19	22	544.634920635	146.745790517
20	22	455.841269841	83.5870815471
21	22	565.682539683	148.505659707
22	22	-1	0
23	22	620.476190476	120.847648695
0	23	964.26984127	170.195052094
1	23	839.079365079	125.979376189
2	23	863.682539683	141.658859773
3	23	871.158730159	136.864340939
4	23	818.253968254	126.93167369
5	23	869.80952381	161.037199404
6	23	788.412698413	159.109290074
7	23	825.111111111	134.921271707
8	23	804.365079365	149.760475595
9	23	804.380952381	157.868986125
10	23	773.936507937	164.604275149
11	23	770.428571429	161.322285561
12	23	784.158730159	134.92516519
13	23	806.523809524	125.331035585
14	23	674.587301587	109.685790042
15	23	743.777777778	140.659720483
16	23	782.571428571	153.762826466
17	23	809.984126984	153.609636361
18	23	658.19047619	154.317427664
19	23	704.158730159	161.037332392
20	23	686.682539683	177.186909241
21	23	735.19047619	164.169372194
22	23	599.396825397	145.361240187
23	23	-1	0
