# src_core	dest_core	cost	stderr
0	0	-1	0
1	0	236.698412698	7.52273785148
2	0	238.777777778	3.31635889668
3	0	242.285714286	3.14429981318
4	0	235.26984127	27.0350779481
5	0	241.761904762	26.365991976
6	0	247.952380952	24.2673132903
7	0	250.698412698	26.4044458261
8	0	199.952380952	6.01170438138
9	0	196.650793651	6.86874386094
10	0	207.253968254	19.7274832496
11	0	206.952380952	6.70803491541
12	0	263.666666667	1.90237946242
13	0	265.587301587	2.38137562376
14	0	263.761904762	1.79694878706
15	0	271.746031746	2.30229874062
0	1	240.714285714	3.68794075732
1	1	-1	0
2	1	236.841269841	8.2735116615
3	1	241.603174603	4.01006544118
4	1	243.603174603	25.9722316199
5	1	240.476190476	26.9030340785
6	1	246.301587302	25.4356548405
7	1	247.333333333	27.8168613934
8	1	198.317460317	3.93125609728
9	1	196.26984127	5.65181906159
10	1	204.587301587	8.15258245313
11	1	207.238095238	5.17538215969
12	1	263.888888889	1.87812056606
13	1	265.031746032	2.16001362406
14	1	262.968253968	1.6615947013
15	1	272.793650794	3.19304169142
0	2	241.158730159	4.79154794621
1	2	235.095238095	8.53138795853
2	2	-1	0
3	2	240.507936508	5.65930338378
4	2	242.301587302	26.3779819923
5	2	244.968253968	23.8180725394
6	2	242.031746032	26.7243235346
7	2	254.444444444	27.0594746355
8	2	197.952380952	6.0433055483
9	2	200.523809524	8.6462344182
10	2	202.619047619	6.35317336387
11	2	207.698412698	5.98844103686
12	2	263.333333333	1.79947082168
13	2	265.142857143	1.7261494248
14	2	263.444444444	2.02192567161
15	2	271.26984127	1.90410041424
0	3	240.0	6.55380660017
1	3	235.73015873	7.3790917607
2	3	236.253968254	13.2149125167
3	3	-1	0
4	3	242.634920635	24.4652663329
5	3	238.46031746	28.3368767514
6	3	242.174603175	27.859363182
7	3	252.0	27.6612157568
8	3	198.555555556	4.94020685184
9	3	196.952380952	5.96132661125
10	3	202.19047619	6.20255232375
11	3	207.126984127	6.22716033398
12	3	263.698412698	1.67744061125
13	3	265.26984127	2.00163702215
14	3	263.698412698	2.2861551603
15	3	272.444444444	2.56210341277
0	4	345.587301587	21.5845586493
1	4	341.761904762	23.4890817499
2	4	343.619047619	21.3581912998
3	4	348.412698413	20.8651261569
4	4	-1	0
5	4	244.079365079	28.9445565172
6	4	242.904761905	31.0144432742
7	4	246.301587302	32.4005853958
8	4	331.047619048	2.6151486129
9	4	329.984126984	2.83118721798
10	4	328.984126984	2.74580235761
11	4	338.698412698	2.20126169186
12	4	251.46031746	1.11020371111
13	4	253.126984127	1.52744275857
14	4	251.80952381	1.06692173821
15	4	259.507936508	1.4678892726
0	5	346.571428571	24.3282540594
1	5	341.095238095	24.1494778186
2	5	343.26984127	20.9195028236
3	5	345.444444444	24.689036046
4	5	242.555555556	28.1186701676
5	5	-1	0
6	5	241.222222222	27.3184886777
7	5	247.888888889	29.2542826121
8	5	330.26984127	4.00478423891
9	5	330.301587302	2.66449268905
10	5	330.380952381	4.08026054035
11	5	339.666666667	3.16227766017
12	5	252.015873016	1.46376404869
13	5	253.46031746	1.95850118288
14	5	251.80952381	1.09627280316
15	5	259.507936508	1.48935925152
0	6	352.825396825	21.2920282292
1	6	344.888888889	21.7563062276
2	6	344.253968254	22.189635972
3	6	347.666666667	21.2229286012
4	6	240.682539683	28.364311019
5	6	239.444444444	30.2055276019
6	6	-1	0
7	6	246.19047619	30.4729164908
8	6	331.222222222	3.48895965958
9	6	330.476190476	3.36582800897
10	6	329.984126984	4.20691820051
11	6	339.968253968	3.51400036122
12	6	251.984126984	1.48529365908
13	6	253.873015873	1.99596468694
14	6	251.777777778	1.44138870917
15	6	260.0	1.57359158494
0	7	351.349206349	20.2336814359
1	7	343.142857143	24.6453299886
2	7	345.349206349	20.7556905413
3	7	343.698412698	25.0032600545
4	7	239.507936508	27.7956677085
5	7	235.698412698	29.0383626504
6	7	238.365079365	28.3102435818
7	7	-1	0
8	7	331.619047619	3.6008313477
9	7	331.158730159	4.55027070259
10	7	329.666666667	4.60848079502
11	7	340.571428571	4.01471217302
12	7	252.412698413	1.76953873135
13	7	253.682539683	1.65064101858
14	7	252.126984127	1.9879962273
15	7	260.650793651	2.19782526104
0	8	354.253968254	34.0652819838
1	8	352.857142857	32.2706103173
2	8	351.380952381	32.8794955024
3	8	351.650793651	36.5566135116
4	8	328.619047619	8.2335522844
5	8	330.301587302	8.21464994208
6	8	329.349206349	7.29896433218
7	8	338.507936508	9.05691530211
8	8	-1	0
9	8	209.301587302	4.44234644359
10	8	214.396825397	7.46322131935
11	8	218.365079365	5.42569310122
12	8	260.841269841	2.69158800832
13	8	260.920634921	1.50450737918
14	8	260.174603175	1.67653916527
15	8	269.333333333	3.27569209941
0	9	353.507936508	33.1019939053
1	9	353.111111111	34.6483977096
2	9	352.873015873	33.3849562468
3	9	347.587301587	36.061955031
4	9	328.936507937	8.02747863294
5	9	331.126984127	6.53316827656
6	9	328.968253968	8.21529401066
7	9	336.587301587	7.04325619284
8	9	208.555555556	4.99135054338
9	9	-1	0
10	9	224.492063492	25.9761019693
11	9	218.761904762	6.47023535725
12	9	261.031746032	2.90029146848
13	9	261.444444444	2.35552560628
14	9	262.0	3.74165738677
15	9	269.206349206	2.94477600495
0	10	358.80952381	30.6577922682
1	10	356.063492063	31.1437389646
2	10	355.476190476	29.8705445733
3	10	350.206349206	35.30239379
4	10	331.825396825	9.99132907018
5	10	332.396825397	8.48254918733
6	10	331.031746032	8.36654003692
7	10	340.317460317	10.0361653918
8	10	212.063492063	4.70687783107
9	10	213.412698413	5.07291256823
10	10	-1	0
11	10	221.0	6.34460150474
12	10	263.063492063	2.00691673709
13	10	264.142857143	2.61167794301
14	10	262.936507937	2.76527799844
15	10	270.857142857	3.06468436375
0	11	349.904761905	35.0875161111
1	11	349.952380952	33.7551541374
2	11	349.031746032	34.5524529963
3	11	352.746031746	35.7535516069
4	11	329.920634921	7.94485275579
5	11	332.777777778	7.23186169898
6	11	331.571428571	9.11254897122
7	11	339.746031746	8.50390807258
8	11	210.523809524	8.84228143881
9	11	210.920634921	6.87831094831
10	11	220.698412698	21.8665758714
11	11	-1	0
12	11	262.349206349	4.8962529572
13	11	261.888888889	2.31016464136
14	11	262.650793651	4.26189737223
15	11	270.682539683	4.0584045533
0	12	425.523809524	8.62417632204
1	12	429.126984127	8.13281041155
2	12	424.412698413	8.00919099146
3	12	429.968253968	11.8843210756
4	12	321.666666667	7.90217972742
5	12	326.507936508	11.8574509639
6	12	324.396825397	9.89554923609
7	12	332.428571429	11.680555387
8	12	333.952380952	7.46085779874
9	12	333.873015873	7.7613042258
10	12	335.761904762	7.7964466585
11	12	344.53968254	8.61491028765
12	12	-1	0
13	12	255.238095238	1.52975032421
14	12	254.253968254	1.33295535081
15	12	263.142857143	2.43556416239
0	13	428.888888889	7.20033312966
1	13	429.904761905	7.41451661872
2	13	433.365079365	8.87175218874
3	13	428.634920635	8.57145796585
4	13	324.365079365	10.8588367749
5	13	323.825396825	11.7074656449
6	13	324.095238095	9.62588158933
7	13	336.80952381	12.0328348965
8	13	341.412698413	8.10963550085
9	13	342.777777778	8.34845189421
10	13	341.984126984	8.52911365814
11	13	352.444444444	7.9955896132
12	13	256.46031746	1.29498908282
13	13	-1	0
14	13	256.73015873	1.2241790149
15	13	264.666666667	3.02896074167
0	14	428.920634921	7.88871322982
1	14	431.015873016	7.76539344457
2	14	424.984126984	9.56264568474
3	14	428.80952381	11.5027355516
4	14	325.031746032	11.7918027136
5	14	328.111111111	11.6973896303
6	14	322.761904762	8.7481776528
7	14	337.634920635	14.5561873467
8	14	337.476190476	7.23715532744
9	14	335.365079365	8.40125007195
10	14	339.746031746	9.64606713833
11	14	345.603174603	10.3195602259
12	14	253.920634921	2.44495974779
13	14	254.53968254	2.32191352959
14	14	-1	0
15	14	263.380952381	3.36380628809
0	15	428.952380952	9.73037882658
1	15	429.857142857	7.26561185629
2	15	427.873015873	8.31233939048
3	15	428.476190476	9.2046522793
4	15	327.19047619	14.3126729757
5	15	325.984126984	12.6069923449
6	15	324.619047619	11.3325329849
7	15	335.571428571	10.7448242036
8	15	337.920634921	9.6334430498
9	15	335.761904762	8.6275937636
10	15	339.53968254	7.61749322768
11	15	344.523809524	9.81553214053
12	15	255.412698413	4.05374575218
13	15	254.777777778	2.16351011417
14	15	255.095238095	2.99053685107
15	15	-1	0
