# src_core	dest_core	cost	stderr
0	0	-1	0
1	0	12.3650793651	1.46169707089
2	0	8.85714285714	1.80701580581
3	0	7.66666666667	1.88561808316
4	0	8.30158730159	1.51850930071
5	0	7.66666666667	1.88561808316
6	0	10.2380952381	1.570706905
7	0	7.73015873016	1.86195279982
8	0	9.79365079365	1.83578822791
9	0	8.92063492063	1.77550875608
10	0	9.36507936508	1.46169707089
11	0	9.36507936508	1.46169707089
12	0	9.42857142857	1.39970842445
13	0	8.98412698413	1.74111862867
14	0	10.1746031746	1.61873635352
15	0	9.1746031746	1.61873635352
0	1	7.1746031746	1.76868422567
1	1	-1	0
2	1	9.61904761905	1.1741740958
3	1	7.98412698413	1.74111862867
4	1	8.2380952381	1.570706905
5	1	7.85714285714	1.80701580581
6	1	9.85714285714	1.80701580581
7	1	7.73015873016	1.86195279982
8	1	9.98412698413	1.74111862867
9	1	8.92063492063	1.77550875608
10	1	9.55555555556	1.25707872211
11	1	8.79365079365	1.83578822791
12	1	9.49206349206	1.33182075958
13	1	9.11111111111	1.66295883857
14	1	10.619047619	1.1741740958
15	1	9.1746031746	1.61873635352
0	2	5.29032258065	3.27447162334
1	2	9.31746031746	2.78787281271
2	2	-1	0
3	2	8.42857142857	1.39970842445
4	2	8.2380952381	1.570706905
5	2	7.73015873016	1.86195279982
6	2	10.4285714286	1.39970842445
7	2	8.11111111111	1.66295883857
8	2	10.1111111111	1.66295883857
9	2	8.85714285714	1.80701580581
10	2	9.61904761905	1.1741740958
11	2	8.85714285714	1.80701580581
12	2	9.42857142857	1.39970842445
13	2	9.1746031746	1.61873635352
14	2	10.1746031746	1.61873635352
15	2	9.36507936508	1.46169707089
0	3	4.7868852459	3.95513674754
1	3	10.0793650794	4.04459893553
2	3	8.98412698413	1.88133744635
3	3	-1	0
4	3	7.92063492063	1.77550875608
5	3	7.28571428571	1.97948663722
6	3	9.85714285714	1.80701580581
7	3	7.03174603175	1.9997480315
8	3	10.3650793651	1.46169707089
9	3	9.30158730159	1.51850930071
10	3	9.42857142857	1.39970842445
11	3	9.36507936508	1.46169707089
12	3	8.98412698413	1.74111862867
13	3	8.98412698413	1.74111862867
14	3	10.1746031746	1.61873635352
15	3	9.1746031746	1.61873635352
0	4	5.8064516129	3.34489842498
1	4	9.31746031746	3.51335500502
2	4	8.12903225806	4.17165500912
3	4	5.85245901639	3.48220801242
4	4	-1	0
5	4	8.2380952381	1.570706905
6	4	9.79365079365	1.83578822791
7	4	8.1746031746	1.61873635352
8	4	10.619047619	1.1741740958
9	4	9.04761904762	1.70367084
10	4	9.30158730159	1.51850930071
11	4	8.92063492063	1.77550875608
12	4	9.30158730159	1.51850930071
13	4	8.92063492063	1.77550875608
14	4	10.1111111111	1.66295883857
15	4	8.79365079365	1.83578822791
0	5	4.85245901639	2.99636974657
1	5	10.1428571429	4.05852871479
2	5	8.8	3.9530578881
3	5	6.8064516129	3.34489842498
4	5	8.30158730159	1.51850930071
5	5	-1	0
6	5	9.73015873016	1.86195279982
7	5	7.92063492063	1.77550875608
8	5	10.3650793651	1.46169707089
9	5	8.98412698413	1.74111862867
10	5	9.04761904762	1.70367084
11	5	8.85714285714	1.80701580581
12	5	9.36507936508	1.46169707089
13	5	8.92063492063	1.77550875608
14	5	10.1746031746	1.61873635352
15	5	8.73015873016	1.86195279982
0	6	5.50819672131	3.3320251845
1	6	9.64516129032	4.07627587069
2	6	8.22222222222	3.61849062826
3	6	6.71428571429	3.32106586175
4	6	5.45161290323	3.05686651367
5	6	5.51612903226	3.00398625208
6	6	-1	0
7	6	8.2380952381	1.570706905
8	6	10.5555555556	1.25707872211
9	6	8.85714285714	1.80701580581
10	6	9.11111111111	1.66295883857
11	6	8.85714285714	1.80701580581
12	6	9.55555555556	1.25707872211
13	6	9.1746031746	1.61873635352
14	6	10.1746031746	1.61873635352
15	6	8.92063492063	1.77550875608
0	7	5.04918032787	3.06447775621
1	7	9.63492063492	4.10691088985
2	7	7.01587301587	3.1847457026
3	7	6.8064516129	3.56885591895
4	7	5.64516129032	2.89101374225
5	7	6.35483870968	3.99635630089
6	7	10.1111111111	1.80924531413
7	7	-1	0
8	7	10.2380952381	1.570706905
9	7	8.92063492063	1.77550875608
10	7	9.1746031746	1.61873635352
11	7	8.98412698413	1.74111862867
12	7	9.36507936508	1.46169707089
13	7	8.92063492063	1.77550875608
14	7	10.5555555556	1.25707872211
15	7	9.61904761905	1.1741740958
0	8	4.63492063492	2.95630393062
1	8	9.12698412698	2.93577854519
2	8	8.0	3.19273368559
3	8	6.07936507937	3.12339654
4	8	6.07936507937	3.78510693607
5	8	7.06451612903	3.9833158814
6	8	8.20634920635	2.90679952819
7	8	6.44262295082	2.8082115548
8	8	-1	0
9	8	9.04761904762	1.70367084
10	8	9.11111111111	1.66295883857
11	8	8.92063492063	1.77550875608
12	8	9.55555555556	1.25707872211
13	8	8.73015873016	1.86195279982
14	8	9.92063492063	1.77550875608
15	8	8.53968253968	1.92580963658
0	9	5.01587301587	2.84795701486
1	9	10.5873015873	3.80740681919
2	9	7.77777777778	3.54761017008
3	9	6.14285714286	3.05950064842
4	9	5.44444444444	3.03303388254
5	9	6.8064516129	3.34489842498
6	9	8.16129032258	3.39921028963
7	9	6.03225806452	3.12620424247
8	9	10.1111111111	1.66295883857
9	9	-1	0
10	9	9.36507936508	1.46169707089
11	9	8.73015873016	1.86195279982
12	9	9.36507936508	1.46169707089
13	9	9.30158730159	1.51850930071
14	9	10.0476190476	1.70367084
15	9	8.60317460317	1.9068771324
0	10	5.24590163934	2.76189372966
1	10	9.12698412698	3.48917629563
2	10	6.96774193548	2.84530026725
3	10	6.6393442623	3.99192950957
4	10	6.09677419355	3.2264515484
5	10	6.71428571429	3.16442813825
6	10	8.39682539683	3.11952215785
7	10	6.14285714286	3.44967052881
8	10	8.46031746032	3.28935462781
9	10	7.50819672131	3.70477295523
10	10	-1	0
11	10	9.11111111111	1.66295883857
12	10	8.4126984127	1.95695682634
13	10	9.30158730159	1.51850930071
14	10	10.2380952381	1.570706905
15	10	8.4126984127	1.95695682634
0	11	5.20634920635	2.81807505031
1	11	11.2222222222	4.01759797322
2	11	7.5873015873	2.98480235519
3	11	6.96721311475	3.44496407516
4	11	7.03174603175	3.40852457942
5	11	6.67741935484	3.83857413694
6	11	8.84126984127	3.00901475837
7	11	7.03174603175	3.55442158788
8	11	8.39682539683	3.11952215785
9	11	7.67741935484	3.97075678798
10	11	9.1746031746	1.61873635352
11	11	-1	0
12	11	9.2380952381	1.570706905
13	11	9.1746031746	1.61873635352
14	11	9.79365079365	1.83578822791
15	11	8.79365079365	1.83578822791
0	12	5.93333333333	3.75884142907
1	12	9.8253968254	3.57477797086
2	12	6.85245901639	3.08266472749
3	12	7.06451612903	3.34987225439
4	12	6.74193548387	3.10013258754
5	12	5.95238095238	3.61403161162
6	12	7.1935483871	2.72881109452
7	12	6.6393442623	3.64863678511
8	12	8.70491803279	3.19499743346
9	12	8.92063492063	3.91700236576
10	12	7.03225806452	3.72856342627
11	12	7.50819672131	3.48591052066
12	12	-1	0
13	12	8.73015873016	1.99369123405
14	12	10.1746031746	1.61873635352
15	12	8.98412698413	1.74111862867
0	13	5.61290322581	2.63570299559
1	13	10.5238095238	4.69669638321
2	13	6.7619047619	3.69347036756
3	13	5.72131147541	3.43621573943
4	13	6.26984126984	3.55101751215
5	13	6.09677419355	3.14545077245
6	13	8.44262295082	3.47602840149
7	13	6.67741935484	3.25662695848
8	13	8.65079365079	3.74656977573
9	13	7.49152542373	3.60024896199
10	13	6.57142857143	2.92615076109
11	13	7.52380952381	3.66388267841
12	13	8.98412698413	1.88133744635
13	13	-1	0
14	13	9.73015873016	1.86195279982
15	13	8.79365079365	1.83578822791
0	14	4.38095238095	3.0831264869
1	14	10.4603174603	3.98738246809
2	14	7.14285714286	3.73255579853
3	14	6.52380952381	3.59389757412
4	14	6.39682539683	3.19989921736
5	14	6.07936507937	3.28199313862
6	14	8.84126984127	3.40497464833
7	14	6.67741935484	3.63128962051
8	14	8.18032786885	3.49945286928
9	14	7.50819672131	3.77490831859
10	14	6.50793650794	3.14654265228
11	14	7.22580645161	3.01297920744
12	14	7.14285714286	3.29914439537
13	14	7.5737704918	3.26159478438
14	14	-1	0
15	14	9.2380952381	1.72483526441
0	15	5.96825396825	2.92752809737
1	15	9.38095238095	3.0831264869
2	15	7.8064516129	3.34489842498
3	15	6.71428571429	2.91372543634
4	15	6.90476190476	3.09487177319
5	15	7.12903225806	3.34800793428
6	15	9.22222222222	3.47528436404
7	15	5.57142857143	3.01169300968
8	15	8.04918032787	3.06447775621
9	15	8.34920634921	3.60845009229
10	15	7.44262295082	3.15981214509
11	15	7.44262295082	3.55068494969
12	15	8.53333333333	3.86206622879
13	15	7.41935483871	3.67005487828
14	15	9.53968253968	1.92580963658
15	15	-1	0
