# src_core	dest_core	cost	stderr
0	1	3.71929824561	2.10057958556
0	2	4.90322580645	3.24638596785
0	3	4.25396825397	3.01303124259
0	4	4.88888888889	3.66498277833
0	5	5.35593220339	3.93921058884
0	6	4.69841269841	3.30768667368
0	7	5.90476190476	3.09487177319
0	8	6.09523809524	3.55328725832
0	9	4.69841269841	2.98480235519
0	10	5.07936507937	3.50646381498
0	11	5.22580645161	3.9733765394
0	12	5.39682539683	2.95221026986
0	13	4.59016393443	3.22580298393
0	14	5.54838709677	3.2412533386
0	15	5.11475409836	2.81738374543
1	0	5.82352941176	1.82258039822
1	2	7.38709677419	3.1075082784
1	3	8.33333333333	3.63405410064
1	4	8.2	4.15050197767
1	5	7.95238095238	3.88496724845
1	6	7.59016393443	2.88226373454
1	7	8.01694915254	3.57719483614
1	8	8.90476190476	4.44263001512
1	9	7.7619047619	3.48107940619
1	10	8.24590163934	4.06768850342
1	11	8.26984126984	3.55101751215
1	12	7.90322580645	3.47669511879
1	13	8.5737704918	3.49453445101
1	14	8.03225806452	3.514797025
1	15	9.73015873016	4.32492352151
2	0	2.07936507937	1.77550875608
2	1	3.88	2.65811963613
2	3	5.0	2.2188007849
2	4	5.88888888889	3.22249588329
2	5	5.96774193548	3.02125663844
2	6	5.1935483871	3.08397894264
2	7	6.07936507937	3.12339654
2	8	5.69841269841	2.98480235519
2	9	6.22580645161	3.33804730846
2	10	5.90322580645	2.99843871964
2	11	6.22580645161	2.74402197653
2	12	6.20634920635	2.81807505031
2	13	5.44444444444	3.03303388254
2	14	5.95238095238	2.99962204724
2	15	7.28571428571	3.61403161162
3	0	5.34545454545	2.50249462314
3	1	6.47058823529	3.23190553381
3	2	5.12727272727	1.65204606423
3	4	6.59016393443	2.88226373454
3	5	7.5737704918	3.09658202049
3	6	8.22950819672	3.86829670918
3	7	8.51612903226	4.01506009871
3	8	8.34920634921	3.81375426481
3	9	7.96825396825	3.55442158788
3	10	7.54838709677	3.6881563685
3	11	7.39682539683	3.35488122251
3	12	7.65079365079	3.94469195353
3	13	8.22950819672	3.58683129998
3	14	7.20634920635	3.07658195291
3	15	8.26666666667	3.21385887819
4	0	4.4262295082	1.95405435092
4	1	5.46153846154	2.7207291052
4	2	5.55555555556	2.51415744422
4	3	5.29411764706	2.82352941176
4	5	5.69811320755	1.71106174321
4	6	6.85245901639	3.48220801242
4	7	7.61290322581	3.47968685424
4	8	7.93548387097	3.34987225439
4	9	8.1935483871	3.495797983
4	10	7.26984126984	2.74415019492
4	11	7.01587301587	3.76909767102
4	12	7.16129032258	2.99566110097
4	13	7.41935483871	3.05618562125
4	14	7.65079365079	3.81375426481
4	15	7.14285714286	3.29914439537
5	0	3.52380952381	1.94248362423
5	1	5.77777777778	2.92287698621
5	2	4.77551020408	2.01286987852
5	3	4.48	1.94154577592
5	4	6.14814814815	2.03130506679
5	6	7.5593220339	3.45563252539
5	7	8.34920634921	3.67815831313
5	8	8.22950819672	3.73021971235
5	9	6.95238095238	3.0831264869
5	10	6.88888888889	2.89010963219
5	11	8.03174603175	3.25609686475
5	12	8.4126984127	3.67157645582
5	13	8.4126984127	3.67157645582
5	14	7.67741935484	3.9052247614
5	15	7.5873015873	3.38359684939
6	0	4.23529411765	3.30530313815
6	1	2.61818181818	2.43826248934
6	2	3.76923076923	2.87305375338
6	3	3.76923076923	2.9782247204
6	4	3.28571428571	2.73674915152
6	5	3.03448275862	2.26643816899
6	7	3.36	1.67044904143
6	8	5.8064516129	3.56885591895
6	9	5.33333333333	3.70328039909
6	10	4.44444444444	2.7704665688
6	11	5.83606557377	3.66275148689
6	12	4.77419354839	2.94804120227
6	13	5.84126984127	3.62183128811
6	14	6.1935483871	3.71065905666
6	15	5.20634920635	3.15805209281
7	0	1.8253968254	1.61873635352
7	1	4.42857142857	3.02371578407
7	2	3.74074074074	2.41281444073
7	3	4.65517241379	2.49517965726
7	4	4.26530612245	2.76106686127
7	5	5.0	2.66666666667
7	6	4.6862745098	1.91475382208
7	8	6.6393442623	3.26949530815
7	9	6.24590163934	2.85528407306
7	10	6.61290322581	3.55307608078
7	11	6.01587301587	3.56121997775
7	12	7.95081967213	3.61429869627
7	13	5.85245901639	2.72111395688
7	14	7.03174603175	3.09617405466
7	15	7.53968253968	3.72390559965
8	0	4.94339622642	1.7635202182
8	1	4.88	2.2683915006
8	2	4.2641509434	2.39615213078
8	3	4.2962962963	1.97793035894
8	4	4.96296296296	2.20238055516
8	5	5.18367346939	2.42161583252
8	6	5.18518518519	2.70851930352
8	7	5.32075471698	2.29662249882
8	9	5.13725490196	1.64519035007
8	10	7.65079365079	3.23747270704
8	11	7.5873015873	3.74010831112
8	12	7.16129032258	4.08851084329
8	13	7.24590163934	3.43871753498
8	14	7.39682539683	3.35488122251
8	15	7.6393442623	3.26949530815
9	0	4.81481481481	2.50978879201
9	1	4.53846153846	2.2227974272
9	2	4.63829787234	2.51316137195
9	3	5.5	2.78388218142
9	4	5.23076923077	2.3584168795
9	5	4.88888888889	2.6010444246
9	6	4.10909090909	2.13773650279
9	7	4.51851851852	1.93161552747
9	8	5.07692307692	2.16480727376
9	10	7.14285714286	3.14141380999
9	11	7.24590163934	2.85528407306
9	12	7.39682539683	3.97827306611
9	13	6.83870967742	3.22387038675
9	14	7.22580645161	2.92607496012
9	15	6.90322580645	3.96236194394
10	0	3.22580645161	1.84407818425
10	1	3.87755102041	1.99624804255
10	2	4.59259259259	1.91019214196
10	3	5.85185185185	2.87651671688
10	4	4.53846153846	2.60518372644
10	5	4.66666666667	2.70559816638
10	6	4.2962962963	1.97793035894
10	7	4.38461538462	1.96266935726
10	8	4.44897959184	2.65776662793
10	9	4.81481481481	2.26138333666
10	11	5.09433962264	1.67404324625
10	12	6.98360655738	3.94425003064
10	13	7.84126984127	3.40497464833
10	14	8.1935483871	3.91374216467
10	15	7.09677419355	3.60425231573
11	0	5.07692307692	2.99901364456
11	1	4.56603773585	2.58814010558
11	2	4.41509433962	1.95645002216
11	3	4.94339622642	3.12274126273
11	4	4.36734693878	2.41334620393
11	5	5.0	1.73205080757
11	6	4.2962962963	1.97793035894
11	7	4.96296296296	2.20238055516
11	8	4.2641509434	2.12931863844
11	9	5.2131147541	3.05745396115
11	10	5.62962962963	1.92734990093
11	12	7.01587301587	3.26351676848
11	13	7.39682539683	3.11952215785
11	14	7.24590163934	3.73137225979
11	15	8.09523809524	3.55328725832
12	0	5.42372881356	3.73804711921
12	1	4.57142857143	2.74708668607
12	2	5.90163934426	3.80553918126
12	3	5.37704918033	2.97621133585
12	4	5.93333333333	3.68721514907
12	5	5.0	3.31662479036
12	6	4.53333333333	2.87208789714
12	7	5.09677419355	3.06230820292
12	8	6.45161290323	3.82553989171
12	9	4.65573770492	3.25367507674
12	10	5.35593220339	2.71694439451
12	11	5.26666666667	3.05432298372
12	13	6.10169491525	2.97842476427
12	14	9.07936507937	3.57815944219
12	15	9.52380952381	3.44967052881
13	0	3.90163934426	1.99757983105
13	1	4.71428571429	2.6302789485
13	2	4.78260869565	2.62026420406
13	3	5.16981132075	2.83998305241
13	4	4.44444444444	1.94999208609
13	5	4.15384615385	1.99407406105
13	6	5.07692307692	2.7862723502
13	7	4.74074074074	2.53264014775
13	8	5.85185185185	3.43946274555
13	9	5.84615384615	3.13408442884
13	10	5.33333333333	3.24322655985
13	11	4.96296296296	2.57454032548
13	12	5.09433962264	1.67404324625
13	14	7.96610169492	3.48345290269
13	15	7.16129032258	3.39921028963
14	0	5.39682539683	1.9068771324
14	1	4.72131147541	3.19903237184
14	2	4.98360655738	2.86580634537
14	3	4.68965517241	2.98390450383
14	4	5.5593220339	2.85390714303
14	5	5.90163934426	3.36668790898
14	6	5.6393442623	3.34875943208
14	7	4.74576271186	3.33239477354
14	8	5.0	3.69684550214
14	9	5.22033898305	3.23155940008
14	10	6.84745762712	3.29773193411
14	11	4.91803278689	3.79082188401
14	12	6.15873015873	4.02060703466
14	13	5.83050847458	3.91932432076
14	15	6.77419354839	3.33804730846
15	0	2.8253968254	1.61873635352
15	1	5.69230769231	2.58351624981
15	2	4.21428571429	1.98848727244
15	3	5.18518518519	2.70851930352
15	4	4.81481481481	1.82649303792
15	5	4.21428571429	1.98848727244
15	6	5.09433962264	2.14796218427
15	7	5.03703703704	2.76862690237
15	8	6.0	2.82842712475
15	9	5.38461538462	2.64686931294
15	10	4.72	2.32413424741
15	11	5.35714285714	2.80578847734
15	12	5.10344827586	2.577687116
15	13	4.8	2.56124969497
15	14	4.92307692308	2.23474446867
