# src_core	dest_core	cost	stderr
0	0	-1	0
1	0	8.79365079365	1.83578822791
2	0	8.92063492063	1.77550875608
3	0	8.60317460317	1.9068771324
4	0	8.79365079365	1.83578822791
5	0	8.66666666667	1.88561808316
6	0	8.98412698413	1.74111862867
7	0	8.34920634921	1.96927776753
8	0	8.79365079365	1.83578822791
9	0	9.04761904762	1.70367084
10	0	8.98412698413	1.74111862867
11	0	8.66666666667	1.88561808316
12	0	8.73015873016	1.86195279982
13	0	8.53968253968	1.92580963658
14	0	8.47619047619	1.94248362423
15	0	8.34920634921	1.96927776753
16	0	8.47619047619	1.94248362423
17	0	8.15873015873	1.99369123405
18	0	8.53968253968	1.92580963658
19	0	9.1746031746	1.61873635352
20	0	8.53968253968	1.92580963658
21	0	8.28571428571	1.97948663722
22	0	8.4126984127	1.95695682634
23	0	8.60317460317	1.9068771324
24	0	8.47619047619	1.94248362423
25	0	8.47619047619	1.94248362423
26	0	8.66666666667	1.88561808316
27	0	8.60317460317	1.9068771324
28	0	9.04761904762	1.70367084
29	0	8.92063492063	1.77550875608
30	0	8.66666666667	1.88561808316
31	0	8.47619047619	1.94248362423
0	1	8.15873015873	1.99369123405
1	1	-1	0
2	1	8.15873015873	1.99369123405
3	1	8.53968253968	1.92580963658
4	1	8.28571428571	1.97948663722
5	1	8.03174603175	1.9997480315
6	1	8.73015873016	1.86195279982
7	1	8.66666666667	1.88561808316
8	1	8.73015873016	1.86195279982
9	1	8.4126984127	1.95695682634
10	1	8.28571428571	1.97948663722
11	1	8.73015873016	1.86195279982
12	1	8.60317460317	1.9068771324
13	1	8.34920634921	1.96927776753
14	1	8.34920634921	1.96927776753
15	1	8.53968253968	1.92580963658
16	1	9.04761904762	1.70367084
17	1	8.60317460317	1.9068771324
18	1	8.4126984127	1.95695682634
19	1	8.47619047619	1.94248362423
20	1	8.85714285714	1.80701580581
21	1	8.4126984127	1.95695682634
22	1	8.79365079365	1.83578822791
23	1	8.4126984127	1.95695682634
24	1	8.60317460317	1.9068771324
25	1	8.34920634921	1.96927776753
26	1	8.47619047619	1.94248362423
27	1	8.47619047619	1.94248362423
28	1	8.4126984127	1.95695682634
29	1	8.60317460317	1.9068771324
30	1	8.79365079365	1.83578822791
31	1	8.53968253968	1.92580963658
0	2	8.60317460317	1.9068771324
1	2	8.73015873016	1.86195279982
2	2	-1	0
3	2	8.66666666667	1.88561808316
4	2	8.73015873016	1.86195279982
5	2	8.15873015873	1.99369123405
6	2	8.22222222222	1.98761598
7	2	8.53968253968	1.92580963658
8	2	8.53968253968	1.92580963658
9	2	8.66666666667	1.88561808316
10	2	8.60317460317	1.9068771324
11	2	8.73015873016	1.86195279982
12	2	9.04761904762	1.70367084
13	2	8.47619047619	1.94248362423
14	2	8.34920634921	1.96927776753
15	2	8.79365079365	1.83578822791
16	2	8.73015873016	1.86195279982
17	2	8.85714285714	1.80701580581
18	2	8.28571428571	1.97948663722
19	2	8.98412698413	1.74111862867
20	2	8.34920634921	1.96927776753
21	2	8.60317460317	1.9068771324
22	2	8.66666666667	1.88561808316
23	2	8.66666666667	1.88561808316
24	2	8.85714285714	1.80701580581
25	2	8.73015873016	1.86195279982
26	2	8.47619047619	1.94248362423
27	2	8.85714285714	1.80701580581
28	2	8.73015873016	1.86195279982
29	2	8.47619047619	1.94248362423
30	2	8.98412698413	1.74111862867
31	2	7.71428571429	1.97948663722
0	3	8.53968253968	1.92580963658
1	3	8.85714285714	1.80701580581
2	3	8.85714285714	1.80701580581
3	3	-1	0
4	3	8.92063492063	1.77550875608
5	3	8.60317460317	1.9068771324
6	3	8.28571428571	1.97948663722
7	3	8.85714285714	1.80701580581
8	3	8.22222222222	1.98761598
9	3	8.15873015873	1.99369123405
10	3	9.04761904762	1.70367084
11	3	9.2380952381	1.570706905
12	3	8.60317460317	1.9068771324
13	3	8.22222222222	1.98761598
14	3	8.60317460317	1.9068771324
15	3	8.22222222222	1.98761598
16	3	8.4126984127	1.95695682634
17	3	8.22222222222	1.98761598
18	3	8.47619047619	1.94248362423
19	3	8.53968253968	1.92580963658
20	3	8.4126984127	1.95695682634
21	3	8.85714285714	1.80701580581
22	3	8.73015873016	1.86195279982
23	3	8.28571428571	1.97948663722
24	3	8.34920634921	1.96927776753
25	3	8.34920634921	1.96927776753
26	3	8.09523809524	1.99773113937
27	3	8.60317460317	1.9068771324
28	3	8.66666666667	1.88561808316
29	3	8.79365079365	1.83578822791
30	3	8.53968253968	1.92580963658
31	3	8.53968253968	1.92580963658
0	4	8.03174603175	1.9997480315
1	4	8.92063492063	1.77550875608
2	4	8.47619047619	1.94248362423
3	4	9.2380952381	1.570706905
4	4	-1	0
5	4	8.92063492063	1.77550875608
6	4	8.85714285714	1.80701580581
7	4	8.47619047619	1.94248362423
8	4	8.92063492063	1.77550875608
9	4	8.47619047619	1.94248362423
10	4	8.53968253968	1.92580963658
11	4	8.53968253968	1.92580963658
12	4	8.98412698413	1.74111862867
13	4	8.22222222222	1.98761598
14	4	8.22222222222	1.98761598
15	4	8.28571428571	1.97948663722
16	4	8.98412698413	1.74111862867
17	4	8.79365079365	1.83578822791
18	4	8.22222222222	1.98761598
19	4	8.34920634921	1.96927776753
20	4	8.73015873016	1.86195279982
21	4	8.4126984127	1.95695682634
22	4	8.79365079365	1.83578822791
23	4	8.4126984127	1.95695682634
24	4	8.22222222222	1.98761598
25	4	8.28571428571	1.97948663722
26	4	8.4126984127	1.95695682634
27	4	8.73015873016	1.86195279982
28	4	7.65079365079	1.96927776753
29	4	8.79365079365	1.83578822791
30	4	8.92063492063	1.77550875608
31	4	8.66666666667	1.88561808316
0	5	8.79365079365	1.83578822791
1	5	8.73015873016	1.86195279982
2	5	8.34920634921	1.96927776753
3	5	8.4126984127	1.95695682634
4	5	8.47619047619	1.94248362423
5	5	-1	0
6	5	8.53968253968	1.92580963658
7	5	8.85714285714	1.80701580581
8	5	8.73015873016	1.86195279982
9	5	8.53968253968	1.92580963658
10	5	8.47619047619	1.94248362423
11	5	8.66666666667	1.88561808316
12	5	8.92063492063	1.77550875608
13	5	8.73015873016	1.86195279982
14	5	8.4126984127	1.95695682634
15	5	8.28571428571	1.97948663722
16	5	8.60317460317	1.9068771324
17	5	8.34920634921	1.96927776753
18	5	8.60317460317	1.9068771324
19	5	8.85714285714	1.80701580581
20	5	8.34920634921	1.96927776753
21	5	8.73015873016	1.86195279982
22	5	8.92063492063	1.77550875608
23	5	8.66666666667	1.88561808316
24	5	8.66666666667	1.88561808316
25	5	8.47619047619	1.94248362423
26	5	8.92063492063	1.77550875608
27	5	8.85714285714	1.80701580581
28	5	8.28571428571	1.97948663722
29	5	8.47619047619	1.94248362423
30	5	8.73015873016	1.86195279982
31	5	8.47619047619	1.94248362423
0	6	8.85714285714	1.80701580581
1	6	8.79365079365	1.83578822791
2	6	8.47619047619	1.94248362423
3	6	8.73015873016	1.86195279982
4	6	8.47619047619	1.94248362423
5	6	9.04761904762	1.70367084
6	6	-1	0
7	6	8.85714285714	1.80701580581
8	6	8.98412698413	1.74111862867
9	6	8.85714285714	1.80701580581
10	6	8.53968253968	1.92580963658
11	6	8.22222222222	1.98761598
12	6	8.03174603175	1.9997480315
13	6	8.79365079365	1.83578822791
14	6	8.47619047619	1.94248362423
15	6	8.22222222222	1.98761598
16	6	9.11111111111	1.66295883857
17	6	8.53968253968	1.92580963658
18	6	8.66666666667	1.88561808316
19	6	7.90476190476	1.99773113937
20	6	8.66666666667	1.88561808316
21	6	8.66666666667	1.88561808316
22	6	8.98412698413	1.74111862867
23	6	9.11111111111	1.66295883857
24	6	8.28571428571	1.97948663722
25	6	8.4126984127	1.95695682634
26	6	9.04761904762	1.70367084
27	6	9.11111111111	1.66295883857
28	6	8.60317460317	1.9068771324
29	6	8.79365079365	1.83578822791
30	6	8.92063492063	1.77550875608
31	6	8.92063492063	1.77550875608
0	7	8.47619047619	1.94248362423
1	7	8.79365079365	1.83578822791
2	7	9.04761904762	1.70367084
3	7	8.34920634921	1.96927776753
4	7	8.85714285714	1.80701580581
5	7	8.60317460317	1.9068771324
6	7	8.85714285714	1.80701580581
7	7	-1	0
8	7	8.85714285714	1.80701580581
9	7	8.53968253968	1.92580963658
10	7	8.66666666667	1.88561808316
11	7	8.79365079365	1.83578822791
12	7	8.60317460317	1.9068771324
13	7	7.90476190476	1.99773113937
14	7	8.34920634921	1.96927776753
15	7	8.28571428571	1.97948663722
16	7	8.4126984127	1.95695682634
17	7	8.79365079365	1.83578822791
18	7	8.73015873016	1.86195279982
19	7	8.34920634921	1.96927776753
20	7	8.4126984127	1.95695682634
21	7	8.22222222222	1.98761598
22	7	7.96825396825	1.9997480315
23	7	9.04761904762	1.70367084
24	7	8.85714285714	1.80701580581
25	7	8.47619047619	1.94248362423
26	7	8.4126984127	1.95695682634
27	7	9.11111111111	1.66295883857
28	7	8.34920634921	1.96927776753
29	7	8.4126984127	1.95695682634
30	7	8.47619047619	1.94248362423
31	7	8.79365079365	1.83578822791
0	8	8.53968253968	1.92580963658
1	8	8.92063492063	1.77550875608
2	8	8.47619047619	1.94248362423
3	8	8.92063492063	1.77550875608
4	8	8.28571428571	1.97948663722
5	8	8.92063492063	1.77550875608
6	8	8.22222222222	1.98761598
7	8	8.79365079365	1.83578822791
8	8	-1	0
9	8	8.79365079365	1.83578822791
10	8	8.47619047619	1.94248362423
11	8	8.73015873016	1.86195279982
12	8	9.04761904762	1.70367084
13	8	8.4126984127	1.95695682634
14	8	8.85714285714	1.80701580581
15	8	8.4126984127	1.95695682634
16	8	8.98412698413	1.74111862867
17	8	8.09523809524	1.99773113937
18	8	8.28571428571	1.97948663722
19	8	8.09523809524	1.99773113937
20	8	8.85714285714	1.80701580581
21	8	9.04761904762	1.70367084
22	8	8.66666666667	1.88561808316
23	8	8.28571428571	1.97948663722
24	8	8.66666666667	1.88561808316
25	8	8.15873015873	1.99369123405
26	8	8.47619047619	1.94248362423
27	8	8.53968253968	1.92580963658
28	8	8.98412698413	1.74111862867
29	8	8.4126984127	1.95695682634
30	8	8.60317460317	1.9068771324
31	8	8.79365079365	1.83578822791
0	9	8.53968253968	1.92580963658
1	9	8.85714285714	1.80701580581
2	9	8.92063492063	1.77550875608
3	9	8.92063492063	1.77550875608
4	9	8.47619047619	1.94248362423
5	9	8.98412698413	1.74111862867
6	9	8.60317460317	1.9068771324
7	9	8.92063492063	1.77550875608
8	9	8.28571428571	1.97948663722
9	9	-1	0
10	9	8.79365079365	1.83578822791
11	9	8.09523809524	1.99773113937
12	9	8.60317460317	1.9068771324
13	9	8.98412698413	1.74111862867
14	9	8.22222222222	1.98761598
15	9	8.47619047619	1.94248362423
16	9	8.60317460317	1.9068771324
17	9	8.53968253968	1.92580963658
18	9	7.96825396825	1.9997480315
19	9	9.11111111111	1.66295883857
20	9	8.66666666667	1.88561808316
21	9	8.73015873016	1.86195279982
22	9	8.03174603175	1.9997480315
23	9	8.34920634921	1.96927776753
24	9	8.28571428571	1.97948663722
25	9	8.92063492063	1.77550875608
26	9	8.73015873016	1.86195279982
27	9	8.53968253968	1.92580963658
28	9	8.85714285714	1.80701580581
29	9	8.85714285714	1.80701580581
30	9	8.92063492063	1.77550875608
31	9	8.79365079365	1.83578822791
0	10	8.66666666667	1.88561808316
1	10	8.92063492063	1.77550875608
2	10	9.1746031746	1.61873635352
3	10	8.92063492063	1.77550875608
4	10	7.90476190476	1.99773113937
5	10	8.79365079365	1.83578822791
6	10	8.73015873016	1.86195279982
7	10	8.92063492063	1.77550875608
8	10	9.30158730159	1.51850930071
9	10	8.73015873016	1.86195279982
10	10	-1	0
11	10	8.4126984127	1.95695682634
12	10	8.92063492063	1.77550875608
13	10	8.85714285714	1.80701580581
14	10	8.98412698413	1.74111862867
15	10	9.04761904762	1.70367084
16	10	8.66666666667	1.88561808316
17	10	8.09523809524	1.99773113937
18	10	8.28571428571	1.97948663722
19	10	8.28571428571	1.97948663722
20	10	8.34920634921	1.96927776753
21	10	8.73015873016	1.86195279982
22	10	8.09523809524	1.99773113937
23	10	8.60317460317	1.9068771324
24	10	8.85714285714	1.80701580581
25	10	8.85714285714	1.80701580581
26	10	8.47619047619	1.94248362423
27	10	8.92063492063	1.77550875608
28	10	8.73015873016	1.86195279982
29	10	8.66666666667	1.88561808316
30	10	8.60317460317	1.9068771324
31	10	8.66666666667	1.88561808316
0	11	8.53968253968	1.92580963658
1	11	8.09523809524	1.99773113937
2	11	8.66666666667	1.88561808316
3	11	8.4126984127	1.95695682634
4	11	8.15873015873	1.99369123405
5	11	8.66666666667	1.88561808316
6	11	8.79365079365	1.83578822791
7	11	8.28571428571	1.97948663722
8	11	8.4126984127	1.95695682634
9	11	8.92063492063	1.77550875608
10	11	8.98412698413	1.74111862867
11	11	-1	0
12	11	8.4126984127	1.95695682634
13	11	8.73015873016	1.86195279982
14	11	8.79365079365	1.83578822791
15	11	8.47619047619	1.94248362423
16	11	8.66666666667	1.88561808316
17	11	8.4126984127	1.95695682634
18	11	8.47619047619	1.94248362423
19	11	8.47619047619	1.94248362423
20	11	8.79365079365	1.83578822791
21	11	8.4126984127	1.95695682634
22	11	8.47619047619	1.94248362423
23	11	8.66666666667	1.88561808316
24	11	8.34920634921	1.96927776753
25	11	8.73015873016	1.86195279982
26	11	8.15873015873	1.99369123405
27	11	8.66666666667	1.88561808316
28	11	8.66666666667	1.88561808316
29	11	8.47619047619	1.94248362423
30	11	8.15873015873	1.99369123405
31	11	8.66666666667	1.88561808316
0	12	8.85714285714	1.80701580581
1	12	8.66666666667	1.88561808316
2	12	8.22222222222	1.98761598
3	12	8.79365079365	1.83578822791
4	12	8.03174603175	1.9997480315
5	12	8.34920634921	1.96927776753
6	12	8.4126984127	1.95695682634
7	12	8.66666666667	1.88561808316
8	12	8.60317460317	1.9068771324
9	12	9.04761904762	1.70367084
10	12	8.60317460317	1.9068771324
11	12	8.53968253968	1.92580963658
12	12	-1	0
13	12	8.92063492063	1.77550875608
14	12	8.60317460317	1.9068771324
15	12	8.03174603175	1.9997480315
16	12	8.85714285714	1.80701580581
17	12	8.79365079365	1.83578822791
18	12	8.28571428571	1.97948663722
19	12	8.73015873016	1.86195279982
20	12	8.60317460317	1.9068771324
21	12	8.60317460317	1.9068771324
22	12	8.4126984127	1.95695682634
23	12	8.28571428571	1.97948663722
24	12	8.79365079365	1.83578822791
25	12	8.79365079365	1.83578822791
26	12	8.60317460317	1.9068771324
27	12	8.79365079365	1.83578822791
28	12	8.98412698413	1.74111862867
29	12	8.53968253968	1.92580963658
30	12	8.60317460317	1.9068771324
31	12	8.73015873016	1.86195279982
0	13	8.4126984127	1.95695682634
1	13	8.66666666667	1.88561808316
2	13	8.98412698413	1.74111862867
3	13	8.85714285714	1.80701580581
4	13	8.60317460317	1.9068771324
5	13	9.04761904762	1.70367084
6	13	8.15873015873	1.99369123405
7	13	9.11111111111	1.66295883857
8	13	8.53968253968	1.92580963658
9	13	8.85714285714	1.80701580581
10	13	8.79365079365	1.83578822791
11	13	8.79365079365	1.83578822791
12	13	8.28571428571	1.97948663722
13	13	-1	0
14	13	8.79365079365	1.83578822791
15	13	8.4126984127	1.95695682634
16	13	8.66666666667	1.88561808316
17	13	8.34920634921	1.96927776753
18	13	9.04761904762	1.70367084
19	13	8.66666666667	1.88561808316
20	13	8.66666666667	1.88561808316
21	13	8.73015873016	1.86195279982
22	13	8.92063492063	1.77550875608
23	13	8.47619047619	1.94248362423
24	13	8.60317460317	1.9068771324
25	13	8.92063492063	1.77550875608
26	13	8.73015873016	1.86195279982
27	13	8.85714285714	1.80701580581
28	13	8.60317460317	1.9068771324
29	13	8.28571428571	1.97948663722
30	13	8.73015873016	1.86195279982
31	13	9.04761904762	1.70367084
0	14	8.73015873016	1.86195279982
1	14	8.22222222222	1.98761598
2	14	8.60317460317	1.9068771324
3	14	8.47619047619	1.94248362423
4	14	8.73015873016	1.86195279982
5	14	8.66666666667	1.88561808316
6	14	8.47619047619	1.94248362423
7	14	8.85714285714	1.80701580581
8	14	8.4126984127	1.95695682634
9	14	8.22222222222	1.98761598
10	14	8.73015873016	1.86195279982
11	14	8.47619047619	1.94248362423
12	14	8.92063492063	1.77550875608
13	14	8.4126984127	1.95695682634
14	14	-1	0
15	14	8.53968253968	1.92580963658
16	14	8.73015873016	1.86195279982
17	14	8.85714285714	1.80701580581
18	14	8.79365079365	1.83578822791
19	14	8.28571428571	1.97948663722
20	14	8.85714285714	1.80701580581
21	14	8.92063492063	1.77550875608
22	14	8.28571428571	1.97948663722
23	14	8.73015873016	1.86195279982
24	14	8.34920634921	1.96927776753
25	14	8.34920634921	1.96927776753
26	14	8.34920634921	1.96927776753
27	14	8.79365079365	1.83578822791
28	14	8.79365079365	1.83578822791
29	14	8.85714285714	1.80701580581
30	14	8.66666666667	1.88561808316
31	14	8.60317460317	1.9068771324
0	15	8.79365079365	1.83578822791
1	15	8.34920634921	1.96927776753
2	15	8.4126984127	1.95695682634
3	15	8.73015873016	1.86195279982
4	15	8.09523809524	1.99773113937
5	15	8.79365079365	1.83578822791
6	15	8.66666666667	1.88561808316
7	15	9.55555555556	1.25707872211
8	15	7.84126984127	1.99369123405
9	15	8.60317460317	1.9068771324
10	15	8.47619047619	1.94248362423
11	15	8.15873015873	1.99369123405
12	15	8.28571428571	1.97948663722
13	15	8.92063492063	1.77550875608
14	15	8.66666666667	1.88561808316
15	15	-1	0
16	15	8.85714285714	1.80701580581
17	15	8.22222222222	1.98761598
18	15	8.66666666667	1.88561808316
19	15	9.04761904762	1.70367084
20	15	8.98412698413	1.74111862867
21	15	8.47619047619	1.94248362423
22	15	8.92063492063	1.77550875608
23	15	8.53968253968	1.92580963658
24	15	8.85714285714	1.80701580581
25	15	8.79365079365	1.83578822791
26	15	8.98412698413	1.74111862867
27	15	9.11111111111	1.66295883857
28	15	7.77777777778	1.98761598
29	15	8.15873015873	1.99369123405
30	15	9.30158730159	1.51850930071
31	15	8.66666666667	1.88561808316
0	16	8.53968253968	1.92580963658
1	16	8.85714285714	1.80701580581
2	16	8.4126984127	1.95695682634
3	16	8.92063492063	1.77550875608
4	16	8.92063492063	1.77550875608
5	16	8.09523809524	1.99773113937
6	16	8.15873015873	1.99369123405
7	16	9.11111111111	1.66295883857
8	16	8.4126984127	1.95695682634
9	16	9.11111111111	1.66295883857
10	16	8.53968253968	1.92580963658
11	16	8.73015873016	1.86195279982
12	16	8.09523809524	1.99773113937
13	16	8.22222222222	1.98761598
14	16	8.60317460317	1.9068771324
15	16	8.79365079365	1.83578822791
16	16	-1	0
17	16	8.28571428571	1.97948663722
18	16	8.60317460317	1.9068771324
19	16	8.34920634921	1.96927776753
20	16	8.34920634921	1.96927776753
21	16	8.60317460317	1.9068771324
22	16	8.09523809524	1.99773113937
23	16	8.66666666667	1.88561808316
24	16	8.47619047619	1.94248362423
25	16	8.28571428571	1.97948663722
26	16	8.73015873016	1.86195279982
27	16	8.60317460317	1.9068771324
28	16	8.4126984127	1.95695682634
29	16	8.53968253968	1.92580963658
30	16	8.4126984127	1.95695682634
31	16	8.53968253968	1.92580963658
0	17	8.73015873016	1.86195279982
1	17	8.98412698413	1.74111862867
2	17	8.92063492063	1.77550875608
3	17	8.66666666667	1.88561808316
4	17	8.03174603175	1.9997480315
5	17	8.92063492063	1.77550875608
6	17	8.53968253968	1.92580963658
7	17	8.4126984127	1.95695682634
8	17	8.47619047619	1.94248362423
9	17	8.66666666667	1.88561808316
10	17	8.47619047619	1.94248362423
11	17	8.15873015873	1.99369123405
12	17	9.11111111111	1.66295883857
13	17	8.47619047619	1.94248362423
14	17	8.53968253968	1.92580963658
15	17	8.15873015873	1.99369123405
16	17	8.60317460317	1.9068771324
17	17	-1	0
18	17	8.98412698413	1.74111862867
19	17	8.34920634921	1.96927776753
20	17	8.92063492063	1.77550875608
21	17	8.79365079365	1.83578822791
22	17	7.90476190476	1.99773113937
23	17	8.92063492063	1.77550875608
24	17	8.22222222222	1.98761598
25	17	8.15873015873	1.99369123405
26	17	8.85714285714	1.80701580581
27	17	8.4126984127	1.95695682634
28	17	8.47619047619	1.94248362423
29	17	8.66666666667	1.88561808316
30	17	8.66666666667	1.88561808316
31	17	7.96825396825	1.9997480315
0	18	8.47619047619	1.94248362423
1	18	8.28571428571	1.97948663722
2	18	8.34920634921	1.96927776753
3	18	8.47619047619	1.94248362423
4	18	8.92063492063	1.77550875608
5	18	8.66666666667	1.88561808316
6	18	8.53968253968	1.92580963658
7	18	8.66666666667	1.88561808316
8	18	8.79365079365	1.83578822791
9	18	8.92063492063	1.77550875608
10	18	8.22222222222	1.98761598
11	18	8.03174603175	1.9997480315
12	18	8.47619047619	1.94248362423
13	18	8.47619047619	1.94248362423
14	18	8.92063492063	1.77550875608
15	18	8.28571428571	1.97948663722
16	18	8.4126984127	1.95695682634
17	18	8.92063492063	1.77550875608
18	18	-1	0
19	18	8.66666666667	1.88561808316
20	18	9.04761904762	1.70367084
21	18	8.73015873016	1.86195279982
22	18	8.34920634921	1.96927776753
23	18	8.66666666667	1.88561808316
24	18	8.53968253968	1.92580963658
25	18	8.92063492063	1.77550875608
26	18	8.92063492063	1.77550875608
27	18	8.60317460317	1.9068771324
28	18	8.60317460317	1.9068771324
29	18	8.4126984127	1.95695682634
30	18	8.34920634921	1.96927776753
31	18	8.34920634921	1.96927776753
0	19	8.85714285714	1.80701580581
1	19	8.28571428571	1.97948663722
2	19	8.79365079365	1.83578822791
3	19	8.15873015873	1.99369123405
4	19	8.15873015873	1.99369123405
5	19	8.66666666667	1.88561808316
6	19	8.79365079365	1.83578822791
7	19	8.66666666667	1.88561808316
8	19	8.4126984127	1.95695682634
9	19	8.73015873016	1.86195279982
10	19	8.03174603175	1.9997480315
11	19	8.73015873016	1.86195279982
12	19	8.34920634921	1.96927776753
13	19	8.85714285714	1.80701580581
14	19	8.60317460317	1.9068771324
15	19	8.66666666667	1.88561808316
16	19	8.79365079365	1.83578822791
17	19	8.85714285714	1.80701580581
18	19	8.47619047619	1.94248362423
19	19	-1	0
20	19	8.53968253968	1.92580963658
21	19	8.79365079365	1.83578822791
22	19	8.73015873016	1.86195279982
23	19	8.47619047619	1.94248362423
24	19	8.4126984127	1.95695682634
25	19	8.98412698413	1.74111862867
26	19	8.4126984127	1.95695682634
27	19	8.66666666667	1.88561808316
28	19	8.79365079365	1.83578822791
29	19	8.4126984127	1.95695682634
30	19	8.53968253968	1.92580963658
31	19	8.60317460317	1.9068771324
0	20	8.60317460317	1.9068771324
1	20	8.98412698413	1.74111862867
2	20	8.79365079365	1.83578822791
3	20	8.15873015873	1.99369123405
4	20	8.66666666667	1.88561808316
5	20	9.11111111111	1.66295883857
6	20	8.53968253968	1.92580963658
7	20	8.60317460317	1.9068771324
8	20	9.11111111111	1.66295883857
9	20	8.4126984127	1.95695682634
10	20	8.4126984127	1.95695682634
11	20	8.15873015873	1.99369123405
12	20	8.34920634921	1.96927776753
13	20	8.92063492063	1.77550875608
14	20	8.15873015873	1.99369123405
15	20	8.47619047619	1.94248362423
16	20	8.28571428571	1.97948663722
17	20	8.66666666667	1.88561808316
18	20	9.1746031746	1.61873635352
19	20	8.28571428571	1.97948663722
20	20	-1	0
21	20	8.60317460317	1.9068771324
22	20	8.4126984127	1.95695682634
23	20	8.22222222222	1.98761598
24	20	8.85714285714	1.80701580581
25	20	8.85714285714	1.80701580581
26	20	8.79365079365	1.83578822791
27	20	8.85714285714	1.80701580581
28	20	8.92063492063	1.77550875608
29	20	8.60317460317	1.9068771324
30	20	7.77777777778	1.98761598
31	20	8.15873015873	1.99369123405
0	21	8.73015873016	1.86195279982
1	21	8.4126984127	1.95695682634
2	21	8.85714285714	1.80701580581
3	21	8.53968253968	1.92580963658
4	21	8.79365079365	1.83578822791
5	21	8.09523809524	1.99773113937
6	21	8.47619047619	1.94248362423
7	21	8.73015873016	1.86195279982
8	21	8.73015873016	1.86195279982
9	21	8.60317460317	1.9068771324
10	21	8.73015873016	1.86195279982
11	21	8.73015873016	1.86195279982
12	21	9.04761904762	1.70367084
13	21	8.85714285714	1.80701580581
14	21	8.4126984127	1.95695682634
15	21	8.79365079365	1.83578822791
16	21	8.66666666667	1.88561808316
17	21	8.28571428571	1.97948663722
18	21	8.4126984127	1.95695682634
19	21	8.47619047619	1.94248362423
20	21	8.28571428571	1.97948663722
21	21	-1	0
22	21	8.60317460317	1.9068771324
23	21	8.34920634921	1.96927776753
24	21	8.66666666667	1.88561808316
25	21	8.34920634921	1.96927776753
26	21	8.66666666667	1.88561808316
27	21	8.60317460317	1.9068771324
28	21	8.47619047619	1.94248362423
29	21	8.60317460317	1.9068771324
30	21	8.15873015873	1.99369123405
31	21	8.85714285714	1.80701580581
0	22	8.92063492063	1.77550875608
1	22	8.53968253968	1.92580963658
2	22	8.66666666667	1.88561808316
3	22	8.15873015873	1.99369123405
4	22	8.53968253968	1.92580963658
5	22	8.85714285714	1.80701580581
6	22	8.4126984127	1.95695682634
7	22	8.4126984127	1.95695682634
8	22	8.15873015873	1.99369123405
9	22	8.66666666667	1.88561808316
10	22	8.03174603175	1.9997480315
11	22	8.28571428571	1.97948663722
12	22	8.22222222222	1.98761598
13	22	8.47619047619	1.94248362423
14	22	8.34920634921	1.96927776753
15	22	8.34920634921	1.96927776753
16	22	8.47619047619	1.94248362423
17	22	8.34920634921	1.96927776753
18	22	8.66666666667	1.88561808316
19	22	8.47619047619	1.94248362423
20	22	8.73015873016	1.86195279982
21	22	8.60317460317	1.9068771324
22	22	-1	0
23	22	8.79365079365	1.83578822791
24	22	8.34920634921	1.96927776753
25	22	8.98412698413	1.74111862867
26	22	8.53968253968	1.92580963658
27	22	8.60317460317	1.9068771324
28	22	8.28571428571	1.97948663722
29	22	8.92063492063	1.77550875608
30	22	8.34920634921	1.96927776753
31	22	8.47619047619	1.94248362423
0	23	8.66666666667	1.88561808316
1	23	8.22222222222	1.98761598
2	23	8.85714285714	1.80701580581
3	23	7.90476190476	1.99773113937
4	23	9.04761904762	1.70367084
5	23	8.60317460317	1.9068771324
6	23	8.53968253968	1.92580963658
7	23	8.34920634921	1.96927776753
8	23	8.60317460317	1.9068771324
9	23	8.79365079365	1.83578822791
10	23	8.28571428571	1.97948663722
11	23	8.4126984127	1.95695682634
12	23	8.53968253968	1.92580963658
13	23	8.53968253968	1.92580963658
14	23	8.28571428571	1.97948663722
15	23	9.04761904762	1.70367084
16	23	8.60317460317	1.9068771324
17	23	8.53968253968	1.92580963658
18	23	8.85714285714	1.80701580581
19	23	8.34920634921	1.96927776753
20	23	8.47619047619	1.94248362423
21	23	8.66666666667	1.88561808316
22	23	8.85714285714	1.80701580581
23	23	-1	0
24	23	8.53968253968	1.92580963658
25	23	7.84126984127	1.99369123405
26	23	8.92063492063	1.77550875608
27	23	8.47619047619	1.94248362423
28	23	8.28571428571	1.97948663722
29	23	9.04761904762	1.70367084
30	23	8.15873015873	1.99369123405
31	23	8.53968253968	1.92580963658
0	24	8.28571428571	1.97948663722
1	24	8.47619047619	1.94248362423
2	24	8.66666666667	1.88561808316
3	24	8.92063492063	1.77550875608
4	24	8.85714285714	1.80701580581
5	24	8.85714285714	1.80701580581
6	24	8.73015873016	1.86195279982
7	24	8.47619047619	1.94248362423
8	24	8.4126984127	1.95695682634
9	24	8.60317460317	1.9068771324
10	24	8.66666666667	1.88561808316
11	24	8.60317460317	1.9068771324
12	24	8.47619047619	1.94248362423
13	24	8.85714285714	1.80701580581
14	24	8.66666666667	1.88561808316
15	24	8.66666666667	1.88561808316
16	24	8.09523809524	1.99773113937
17	24	8.60317460317	1.9068771324
18	24	8.53968253968	1.92580963658
19	24	8.92063492063	1.77550875608
20	24	8.66666666667	1.88561808316
21	24	8.4126984127	1.95695682634
22	24	8.28571428571	1.97948663722
23	24	8.98412698413	1.74111862867
24	24	-1	0
25	24	8.73015873016	1.86195279982
26	24	8.85714285714	1.80701580581
27	24	8.66666666667	1.88561808316
28	24	8.60317460317	1.9068771324
29	24	9.1746031746	1.61873635352
30	24	9.1746031746	1.61873635352
31	24	8.47619047619	1.94248362423
0	25	8.73015873016	1.86195279982
1	25	8.98412698413	1.74111862867
2	25	8.85714285714	1.80701580581
3	25	8.66666666667	1.88561808316
4	25	8.79365079365	1.83578822791
5	25	8.98412698413	1.74111862867
6	25	8.85714285714	1.80701580581
7	25	8.60317460317	1.9068771324
8	25	8.03174603175	1.9997480315
9	25	8.47619047619	1.94248362423
10	25	8.28571428571	1.97948663722
11	25	8.73015873016	1.86195279982
12	25	8.53968253968	1.92580963658
13	25	8.73015873016	1.86195279982
14	25	8.28571428571	1.97948663722
15	25	8.85714285714	1.80701580581
16	25	8.4126984127	1.95695682634
17	25	8.66666666667	1.88561808316
18	25	8.66666666667	1.88561808316
19	25	8.73015873016	1.86195279982
20	25	8.98412698413	1.74111862867
21	25	8.47619047619	1.94248362423
22	25	8.79365079365	1.83578822791
23	25	8.79365079365	1.83578822791
24	25	9.04761904762	1.70367084
25	25	-1	0
26	25	8.92063492063	1.77550875608
27	25	8.60317460317	1.9068771324
28	25	8.34920634921	1.96927776753
29	25	8.60317460317	1.9068771324
30	25	9.04761904762	1.70367084
31	25	8.79365079365	1.83578822791
0	26	8.34920634921	1.96927776753
1	26	8.92063492063	1.77550875608
2	26	8.60317460317	1.9068771324
3	26	8.47619047619	1.94248362423
4	26	8.4126984127	1.95695682634
5	26	8.53968253968	1.92580963658
6	26	8.79365079365	1.83578822791
7	26	7.90476190476	1.99773113937
8	26	8.4126984127	1.95695682634
9	26	8.85714285714	1.80701580581
10	26	8.47619047619	1.94248362423
11	26	8.47619047619	1.94248362423
12	26	8.98412698413	1.74111862867
13	26	8.4126984127	1.95695682634
14	26	8.79365079365	1.83578822791
15	26	8.66666666667	1.88561808316
16	26	8.4126984127	1.95695682634
17	26	8.73015873016	1.86195279982
18	26	8.53968253968	1.92580963658
19	26	8.73015873016	1.86195279982
20	26	8.73015873016	1.86195279982
21	26	8.79365079365	1.83578822791
22	26	8.98412698413	1.74111862867
23	26	8.60317460317	1.9068771324
24	26	8.09523809524	1.99773113937
25	26	8.47619047619	1.94248362423
26	26	-1	0
27	26	8.53968253968	1.92580963658
28	26	9.42857142857	1.39970842445
29	26	8.03174603175	1.9997480315
30	26	8.66666666667	1.88561808316
31	26	8.47619047619	1.94248362423
0	27	8.34920634921	1.96927776753
1	27	8.98412698413	1.74111862867
2	27	8.73015873016	1.86195279982
3	27	8.22222222222	1.98761598
4	27	8.60317460317	1.9068771324
5	27	8.60317460317	1.9068771324
6	27	8.22222222222	1.98761598
7	27	8.47619047619	1.94248362423
8	27	8.66666666667	1.88561808316
9	27	8.53968253968	1.92580963658
10	27	9.11111111111	1.66295883857
11	27	8.92063492063	1.77550875608
12	27	8.92063492063	1.77550875608
13	27	8.92063492063	1.77550875608
14	27	8.85714285714	1.80701580581
15	27	8.85714285714	1.80701580581
16	27	8.22222222222	1.98761598
17	27	8.34920634921	1.96927776753
18	27	8.22222222222	1.98761598
19	27	7.84126984127	1.99369123405
20	27	8.98412698413	1.74111862867
21	27	8.22222222222	1.98761598
22	27	8.03174603175	1.9997480315
23	27	9.11111111111	1.66295883857
24	27	8.22222222222	1.98761598
25	27	8.4126984127	1.95695682634
26	27	8.73015873016	1.86195279982
27	27	-1	0
28	27	8.66666666667	1.88561808316
29	27	8.22222222222	1.98761598
30	27	8.60317460317	1.9068771324
31	27	8.4126984127	1.95695682634
0	28	8.60317460317	1.9068771324
1	28	9.11111111111	1.66295883857
2	28	8.47619047619	1.94248362423
3	28	8.28571428571	1.97948663722
4	28	8.34920634921	1.96927776753
5	28	8.92063492063	1.77550875608
6	28	8.85714285714	1.80701580581
7	28	8.4126984127	1.95695682634
8	28	8.66666666667	1.88561808316
9	28	8.60317460317	1.9068771324
10	28	9.04761904762	1.70367084
11	28	8.73015873016	1.86195279982
12	28	8.79365079365	1.83578822791
13	28	8.47619047619	1.94248362423
14	28	8.53968253968	1.92580963658
15	28	8.66666666667	1.88561808316
16	28	8.53968253968	1.92580963658
17	28	8.92063492063	1.77550875608
18	28	8.60317460317	1.9068771324
19	28	8.79365079365	1.83578822791
20	28	8.47619047619	1.94248362423
21	28	8.28571428571	1.97948663722
22	28	8.60317460317	1.9068771324
23	28	9.42857142857	1.39970842445
24	28	8.4126984127	1.95695682634
25	28	8.53968253968	1.92580963658
26	28	8.60317460317	1.9068771324
27	28	8.66666666667	1.88561808316
28	28	-1	0
29	28	8.53968253968	1.92580963658
30	28	8.28571428571	1.97948663722
31	28	8.53968253968	1.92580963658
0	29	8.47619047619	1.94248362423
1	29	9.04761904762	1.70367084
2	29	8.60317460317	1.9068771324
3	29	8.60317460317	1.9068771324
4	29	9.11111111111	1.66295883857
5	29	8.4126984127	1.95695682634
6	29	8.09523809524	1.99773113937
7	29	8.53968253968	1.92580963658
8	29	8.92063492063	1.77550875608
9	29	8.60317460317	1.9068771324
10	29	8.09523809524	1.99773113937
11	29	8.53968253968	1.92580963658
12	29	8.34920634921	1.96927776753
13	29	8.73015873016	1.86195279982
14	29	8.60317460317	1.9068771324
15	29	8.66666666667	1.88561808316
16	29	8.22222222222	1.98761598
17	29	8.73015873016	1.86195279982
18	29	8.79365079365	1.83578822791
19	29	8.98412698413	1.74111862867
20	29	8.79365079365	1.83578822791
21	29	8.22222222222	1.98761598
22	29	8.15873015873	1.99369123405
23	29	8.47619047619	1.94248362423
24	29	8.53968253968	1.92580963658
25	29	8.79365079365	1.83578822791
26	29	9.04761904762	1.70367084
27	29	8.60317460317	1.9068771324
28	29	8.34920634921	1.96927776753
29	29	-1	0
30	29	8.66666666667	1.88561808316
31	29	8.47619047619	1.94248362423
0	30	8.22222222222	1.98761598
1	30	9.11111111111	1.66295883857
2	30	8.92063492063	1.77550875608
3	30	8.34920634921	1.96927776753
4	30	9.1746031746	1.61873635352
5	30	8.85714285714	1.80701580581
6	30	8.15873015873	1.99369123405
7	30	8.73015873016	1.86195279982
8	30	8.53968253968	1.92580963658
9	30	8.47619047619	1.94248362423
10	30	8.28571428571	1.97948663722
11	30	8.66666666667	1.88561808316
12	30	8.73015873016	1.86195279982
13	30	8.66666666667	1.88561808316
14	30	8.34920634921	1.96927776753
15	30	8.79365079365	1.83578822791
16	30	8.4126984127	1.95695682634
17	30	8.47619047619	1.94248362423
18	30	8.22222222222	1.98761598
19	30	8.92063492063	1.77550875608
20	30	8.4126984127	1.95695682634
21	30	8.79365079365	1.83578822791
22	30	8.4126984127	1.95695682634
23	30	8.92063492063	1.77550875608
24	30	8.79365079365	1.83578822791
25	30	8.79365079365	1.83578822791
26	30	8.60317460317	1.9068771324
27	30	8.22222222222	1.98761598
28	30	8.22222222222	1.98761598
29	30	8.73015873016	1.86195279982
30	30	-1	0
31	30	8.98412698413	1.74111862867
0	31	8.66666666667	1.88561808316
1	31	8.79365079365	1.83578822791
2	31	8.28571428571	1.97948663722
3	31	8.79365079365	1.83578822791
4	31	8.60317460317	1.9068771324
5	31	8.79365079365	1.83578822791
6	31	8.60317460317	1.9068771324
7	31	8.22222222222	1.98761598
8	31	8.28571428571	1.97948663722
9	31	8.4126984127	1.95695682634
10	31	8.73015873016	1.86195279982
11	31	8.85714285714	1.80701580581
12	31	8.66666666667	1.88561808316
13	31	8.73015873016	1.86195279982
14	31	9.1746031746	1.61873635352
15	31	8.92063492063	1.77550875608
16	31	8.09523809524	1.99773113937
17	31	8.85714285714	1.80701580581
18	31	8.34920634921	1.96927776753
19	31	8.98412698413	1.74111862867
20	31	8.28571428571	1.97948663722
21	31	8.60317460317	1.9068771324
22	31	8.60317460317	1.9068771324
23	31	8.47619047619	1.94248362423
24	31	8.60317460317	1.9068771324
25	31	8.92063492063	1.77550875608
26	31	8.79365079365	1.83578822791
27	31	8.34920634921	1.96927776753
28	31	8.85714285714	1.80701580581
29	31	8.79365079365	1.83578822791
30	31	8.92063492063	1.77550875608
31	31	-1	0
