# src_core	dest_core	cost	stderr
0	0	-1	0
1	0	244.904761905	6.08071185712
2	0	242.666666667	4.77094380201
3	0	245.825396825	7.10363127024
4	0	245.031746032	5.7789114534
5	0	247.365079365	7.32532373693
6	0	283.206349206	5.28897844776
7	0	286.492063492	6.52680192445
8	0	287.968253968	6.83122674606
9	0	289.53968254	8.55017942228
10	0	285.031746032	5.98402172448
11	0	285.777777778	6.44745414121
12	0	287.555555556	6.35654337978
13	0	284.841269841	7.65777196078
14	0	286.476190476	8.6664050196
15	0	289.492063492	9.06217153252
16	0	287.015873016	8.16980904265
17	0	284.111111111	6.89861065173
18	0	297.73015873	10.8762247611
19	0	301.904761905	12.1938239451
20	0	298.793650794	11.5059111518
21	0	297.063492063	8.36446189101
22	0	300.492063492	11.4543580337
23	0	299.936507937	11.4917127018
24	0	248.253968254	7.12021101428
25	0	254.984126984	9.04923405246
26	0	250.253968254	7.68624467922
27	0	247.031746032	5.76791413418
28	0	253.968253968	7.96214905577
29	0	247.619047619	4.8154136496
30	0	334.015873016	9.20057290054
31	0	331.492063492	8.84769365674
32	0	330.619047619	8.22969569039
33	0	330.047619048	8.44107224707
34	0	329.111111111	6.85938381959
35	0	329.936507937	10.2102858438
36	0	289.142857143	9.90727989972
37	0	289.365079365	8.35958073548
38	0	292.936507937	9.45645494815
39	0	290.015873016	8.44495164964
40	0	291.936507937	7.76821569648
41	0	292.142857143	9.58646059593
42	0	328.238095238	8.04888691055
43	0	331.952380952	10.4675288869
44	0	334.095238095	8.19352102872
45	0	329.968253968	8.30942905602
46	0	331.111111111	7.3702773119
47	0	332.301587302	9.23697696826
0	1	245.682539683	6.41383771115
1	1	-1	0
2	1	243.063492063	6.22048080588
3	1	242.698412698	27.0980787233
4	1	245.952380952	6.16294243121
5	1	246.523809524	6.34674555487
6	1	285.174603175	7.1548400369
7	1	285.634920635	7.07623249078
8	1	287.412698413	7.39075982655
9	1	285.746031746	6.16690669795
10	1	284.825396825	6.59374326459
11	1	287.365079365	8.61762974686
12	1	287.587301587	9.16278692032
13	1	287.396825397	7.06104826639
14	1	285.111111111	7.92847212229
15	1	289.507936508	9.53834869052
16	1	285.396825397	8.14265602029
17	1	282.349206349	5.86666323095
18	1	299.26984127	11.0125561083
19	1	300.079365079	8.54177704886
20	1	300.063492063	10.8713589283
21	1	294.857142857	7.18432407897
22	1	298.904761905	9.65222942536
23	1	298.571428571	11.0104053033
24	1	249.428571429	6.34638826349
25	1	250.015873016	5.74454071683
26	1	251.238095238	6.88848656568
27	1	248.428571429	5.70912465343
28	1	251.428571429	7.61934523228
29	1	246.317460317	5.29097883591
30	1	329.015873016	8.28939284638
31	1	330.53968254	8.17045664599
32	1	330.0	7.7888809637
33	1	329.301587302	8.36780474262
34	1	330.111111111	6.97867752767
35	1	328.53968254	7.56731777527
36	1	286.53968254	8.84940209051
37	1	290.206349206	8.10674563354
38	1	290.634920635	8.38801410044
39	1	292.761904762	9.4696076681
40	1	288.587301587	7.88334575784
41	1	290.523809524	7.46389647348
42	1	330.0	9.3384339804
43	1	333.047619048	8.48982317282
44	1	335.619047619	7.73864466914
45	1	328.587301587	8.83649524835
46	1	329.634920635	6.9745605478
47	1	332.46031746	7.73740737683
0	2	243.746031746	5.51180048355
1	2	244.095238095	5.26357439574
2	2	-1	0
3	2	246.238095238	5.95409499131
4	2	245.936507937	5.95451813484
5	2	245.873015873	4.92641749319
6	2	285.174603175	7.45044940061
7	2	280.746031746	35.807230029
8	2	288.666666667	6.45865974598
9	2	285.714285714	6.42027683582
10	2	283.063492063	6.76562979594
11	2	285.063492063	8.28437622231
12	2	287.365079365	9.36101606767
13	2	280.380952381	35.9043829713
14	2	285.53968254	8.72294073907
15	2	287.349206349	8.576747321
16	2	286.825396825	7.0946876673
17	2	284.603174603	5.81606882598
18	2	299.507936508	13.3617233656
19	2	299.047619048	10.4508351173
20	2	299.317460317	9.36529458994
21	2	291.873015873	10.6286406476
22	2	296.682539683	7.25679844758
23	2	301.523809524	13.1340550235
24	2	247.0	6.06577701483
25	2	250.777777778	7.60000928246
26	2	251.46031746	7.57779839206
27	2	247.936507937	5.99172184456
28	2	250.253968254	5.81450909355
29	2	248.841269841	6.95154738788
30	2	331.158730159	7.23133909136
31	2	331.507936508	8.10422781272
32	2	330.19047619	6.99173467328
33	2	334.428571429	9.39725438746
34	2	331.841269841	9.13254488986
35	2	330.031746032	7.47263420962
36	2	289.825396825	8.13680582105
37	2	287.476190476	7.70045791847
38	2	286.380952381	7.61249718415
39	2	290.063492063	14.1509694725
40	2	289.682539683	6.9186323009
41	2	288.571428571	9.7634145174
42	2	330.063492063	7.59672656295
43	2	328.19047619	42.0822539769
44	2	333.650793651	8.35930947661
45	2	330.936507937	8.37962952523
46	2	328.888888889	8.24450006399
47	2	333.349206349	8.41419573378
0	3	241.428571429	5.2090101601
1	3	241.238095238	4.22657610581
2	3	242.73015873	4.18692730917
3	3	-1	0
4	3	240.634920635	3.72593479184
5	3	243.761904762	6.01773644549
6	3	285.492063492	7.55061863517
7	3	284.603174603	7.22767977993
8	3	284.825396825	6.45261035536
9	3	286.619047619	7.50328726145
10	3	283.396825397	6.1735217562
11	3	283.333333333	6.3496031622
12	3	285.571428571	7.21267465903
13	3	285.619047619	8.3503228175
14	3	284.095238095	5.92737605084
15	3	285.095238095	7.33054987373
16	3	283.952380952	6.65338813659
17	3	281.46031746	6.82857069063
18	3	293.492063492	5.90096310641
19	3	295.206349206	7.87231179647
20	3	296.698412698	7.60249524751
21	3	295.047619048	10.5806480604
22	3	297.825396825	9.65358668857
23	3	294.698412698	7.68349069281
24	3	244.619047619	4.4665549788
25	3	249.142857143	5.49706167646
26	3	247.0	5.08030745226
27	3	249.031746032	6.15918015047
28	3	250.047619048	6.06689840329
29	3	247.238095238	7.31754639622
30	3	329.444444444	7.62572458754
31	3	327.380952381	6.17323606688
32	3	328.968253968	7.33542882175
33	3	327.936507937	7.01443639676
34	3	326.142857143	7.07299165024
35	3	327.079365079	6.79005245159
36	3	285.285714286	9.60064245772
37	3	287.031746032	6.97835259126
38	3	288.095238095	7.28275694726
39	3	289.031746032	7.24835669163
40	3	289.857142857	8.51675685882
41	3	289.920634921	8.0893847497
42	3	326.984126984	5.84588327133
43	3	330.952380952	9.52761828602
44	3	328.079365079	6.91743045078
45	3	368.380952381	21.75799694
46	3	327.428571429	7.53134041425
47	3	329.365079365	8.46336941289
0	4	242.936507937	4.91151228084
1	4	241.0	5.33928239635
2	4	243.650793651	5.6291721181
3	4	242.53968254	5.39789905287
4	4	-1	0
5	4	243.222222222	5.62151322463
6	4	283.333333333	5.43650214343
7	4	283.19047619	5.81147508214
8	4	285.0	6.10750254209
9	4	284.920634921	7.50301862491
10	4	282.936507937	5.61424779304
11	4	285.396825397	6.9773776912
12	4	284.603174603	6.4624426129
13	4	285.396825397	7.13929364373
14	4	285.841269841	7.32728397505
15	4	284.031746032	5.64834082667
16	4	283.285714286	5.56470901257
17	4	282.126984127	5.1961281785
18	4	293.777777778	5.77472446795
19	4	296.0	6.44143334143
20	4	295.380952381	8.62706809147
21	4	292.428571429	7.83705946984
22	4	300.333333333	10.4820330029
23	4	295.222222222	12.0111647063
24	4	245.952380952	4.45944181655
25	4	246.349206349	6.81305639675
26	4	248.380952381	5.78840815201
27	4	245.587301587	4.79958635994
28	4	249.222222222	6.21428064627
29	4	248.095238095	5.84920096487
30	4	330.031746032	7.80713603967
31	4	329.523809524	9.19947745731
32	4	329.777777778	7.62919298078
33	4	328.428571429	6.42345475387
34	4	327.476190476	6.30660309758
35	4	327.396825397	7.76549078068
36	4	286.206349206	7.93257045183
37	4	287.015873016	6.29812787374
38	4	286.26984127	6.45670894891
39	4	287.222222222	5.37024265493
40	4	290.031746032	7.51922035381
41	4	288.174603175	7.2976179687
42	4	324.80952381	7.01892485516
43	4	328.873015873	8.52352871164
44	4	330.920634921	6.63875487298
45	4	368.46031746	19.4486098551
46	4	327.873015873	6.40062512694
47	4	330.111111111	9.62488690696
0	5	244.174603175	5.38233348385
1	5	243.222222222	6.39306281876
2	5	244.031746032	5.41006778694
3	5	242.984126984	6.09056533851
4	5	243.301587302	6.31861678814
5	5	-1	0
6	5	284.0	5.8255049512
7	5	283.936507937	6.50243670047
8	5	285.333333333	6.96248450456
9	5	286.603174603	6.32339993574
10	5	282.015873016	5.78583948304
11	5	283.698412698	6.19430081283
12	5	285.301587302	6.92507502827
13	5	285.984126984	7.08786591898
14	5	283.380952381	7.53284568887
15	5	285.920634921	6.16776460574
16	5	283.380952381	6.73401357108
17	5	281.888888889	7.14500849436
18	5	294.444444444	8.43796744084
19	5	294.666666667	9.61645415297
20	5	293.746031746	10.7156142621
21	5	290.015873016	8.59954237153
22	5	297.507936508	10.0172438878
23	5	293.571428571	7.76175868983
24	5	245.968253968	4.04721442111
25	5	246.984126984	5.21137968355
26	5	248.444444444	6.70175948889
27	5	245.920634921	5.88056143336
28	5	249.777777778	6.3482142082
29	5	248.920634921	6.22922346635
30	5	327.73015873	8.19253696236
31	5	329.857142857	7.88379318674
32	5	329.26984127	7.79948380304
33	5	327.984126984	6.6320340041
34	5	327.46031746	8.53531486819
35	5	327.015873016	7.69145488228
36	5	285.904761905	6.030910552
37	5	287.206349206	7.02412787369
38	5	287.0	7.89615136311
39	5	288.936507937	9.01827600438
40	5	290.206349206	6.22376074274
41	5	289.873015873	8.55327295286
42	5	327.793650794	7.28590448277
43	5	329.047619048	8.08963391451
44	5	331.476190476	8.58728691722
45	5	326.333333333	7.43650370144
46	5	330.253968254	7.22862092265
47	5	328.603174603	9.1747404834
0	6	281.666666667	7.21330340633
1	6	279.285714286	6.33816500266
2	6	281.174603175	5.02229847633
3	6	280.174603175	5.44391223277
4	6	281.365079365	5.41983888738
5	6	282.253968254	5.93608350915
6	6	-1	0
7	6	239.238095238	3.83266779197
8	6	240.19047619	3.10072773259
9	6	238.714285714	4.33307168232
10	6	237.714285714	2.67515655337
11	6	238.238095238	2.07566616359
12	6	247.349206349	4.25070948386
13	6	248.238095238	4.13546137889
14	6	248.73015873	5.19830970454
15	6	248.888888889	5.07127331655
16	6	247.53968254	4.43945297941
17	6	247.396825397	3.84847808526
18	6	325.333333333	6.45128263364
19	6	325.317460317	8.79362214195
20	6	325.53968254	9.02874667747
21	6	324.841269841	7.80558682541
22	6	325.031746032	9.16163195757
23	6	324.396825397	8.03077351537
24	6	281.015873016	3.79009596349
25	6	281.428571429	5.43858725153
26	6	280.841269841	3.94890520977
27	6	279.285714286	3.17444444048
28	6	280.46031746	5.42137274488
29	6	281.301587302	4.97177723848
30	6	281.428571429	6.20474545917
31	6	280.825396825	5.54502403144
32	6	281.825396825	4.4952874179
33	6	282.412698413	5.84627115086
34	6	281.095238095	5.64762707781
35	6	277.777777778	5.68049976687
36	6	321.523809524	6.24336382383
37	6	323.492063492	6.35178519056
38	6	322.523809524	4.80362674778
39	6	324.825396825	6.25018014354
40	6	368.0	22.0
41	6	324.825396825	5.8324208335
42	6	252.714285714	4.91007571606
43	6	254.031746032	5.88236064796
44	6	253.301587302	5.12273154019
45	6	250.698412698	4.70607483341
46	6	253.079365079	4.51207053904
47	6	254.0	5.43650214343
0	7	281.333333333	7.51295177972
1	7	280.761904762	6.46532702303
2	7	282.698412698	6.71088885517
3	7	281.857142857	5.59721343044
4	7	281.777777778	6.469573339
5	7	281.444444444	6.1432057651
6	7	238.523809524	3.22124467148
7	7	-1	0
8	7	239.603174603	3.31681470136
9	7	238.857142857	3.25067584112
10	7	237.714285714	2.58462223716
11	7	237.174603175	4.01797422914
12	7	248.333333333	6.26656534873
13	7	249.015873016	5.7803500292
14	7	248.698412698	5.81632874072
15	7	249.206349206	5.96859168244
16	7	248.952380952	4.51954686389
17	7	247.301587302	4.30073792352
18	7	326.476190476	7.33302411222
19	7	324.53968254	7.51469543749
20	7	326.222222222	9.3391893949
21	7	325.333333333	8.5542155207
22	7	322.682539683	9.59302887903
23	7	325.492063492	7.73545335447
24	7	279.555555556	3.37487343809
25	7	280.53968254	5.38907005797
26	7	281.761904762	4.35603680992
27	7	279.380952381	4.78565505768
28	7	282.396825397	4.26703749333
29	7	280.746031746	5.24621784844
30	7	281.285714286	6.19120874786
31	7	281.920634921	6.46676874564
32	7	281.555555556	6.11471755056
33	7	281.920634921	6.08485391903
34	7	280.571428571	4.81635535562
35	7	280.396825397	5.14716652686
36	7	320.841269841	8.00834158209
37	7	323.714285714	5.72498997415
38	7	323.0	5.56633874141
39	7	325.761904762	7.14412687127
40	7	369.238095238	20.8111037866
41	7	324.777777778	6.54518954445
42	7	250.634920635	5.55006531436
43	7	255.126984127	8.00890786501
44	7	253.920634921	4.51207053904
45	7	251.619047619	5.89169060123
46	7	253.285714286	4.2591771
47	7	252.507936508	5.49132943071
0	8	280.793650794	4.8244046599
1	8	281.047619048	5.86739327597
2	8	282.603174603	6.73427547048
3	8	281.714285714	6.24481644456
4	8	282.317460317	6.51451467774
5	8	281.206349206	6.58559932107
6	8	239.19047619	3.29914439537
7	8	238.079365079	4.10304411693
8	8	-1	0
9	8	237.761904762	3.89429491434
10	8	237.46031746	3.89067014599
11	8	238.73015873	3.59985162484
12	8	248.968253968	5.52330776776
13	8	247.698412698	4.93974782672
14	8	247.0	6.58039416005
15	8	246.19047619	6.2102249093
16	8	247.603174603	4.57924816224
17	8	246.888888889	3.76327749383
18	8	325.571428571	6.68738277919
19	8	326.888888889	7.4260611686
20	8	325.492063492	8.02945572465
21	8	326.793650794	8.11848513932
22	8	326.746031746	7.07099654854
23	8	325.53968254	6.22035929352
24	8	281.126984127	4.36978101769
25	8	281.904761905	3.86976183884
26	8	281.126984127	4.70221853581
27	8	279.777777778	4.28153823583
28	8	281.888888889	5.51796808448
29	8	280.26984127	4.51173548844
30	8	281.253968254	5.88775499288
31	8	282.666666667	6.64997911442
32	8	282.063492063	8.44002748787
33	8	280.317460317	5.52577049666
34	8	281.650793651	5.56393925246
35	8	279.714285714	5.37905571293
36	8	320.968253968	5.72093968852
37	8	322.507936508	5.792367764
38	8	321.746031746	4.2723483523
39	8	324.206349206	6.23395395474
40	8	368.825396825	22.5793413675
41	8	323.825396825	6.38584665811
42	8	251.380952381	4.00962560667
43	8	253.063492063	5.38331642596
44	8	252.968253968	5.53192252229
45	8	253.031746032	4.67675187096
46	8	252.317460317	6.19991140957
47	8	254.253968254	6.10742003558
0	9	283.682539683	7.10426966818
1	9	280.968253968	5.34513056537
2	9	282.333333333	6.52711073931
3	9	281.412698413	7.41220555107
4	9	281.365079365	5.5814363154
5	9	283.428571429	6.11455273115
6	9	239.253968254	2.82824896172
7	9	237.19047619	3.54945621973
8	9	239.476190476	3.65086266325
9	9	-1	0
10	9	237.492063492	3.22132288646
11	9	237.015873016	4.45254364075
12	9	248.904761905	5.26960221298
13	9	247.682539683	5.77577149887
14	9	247.904761905	5.37399465892
15	9	247.80952381	5.01381311932
16	9	248.761904762	4.21905836825
17	9	248.095238095	4.46401586486
18	9	324.444444444	7.86145464503
19	9	325.428571429	9.13168960828
20	9	327.714285714	8.67660340871
21	9	323.761904762	8.53882688815
22	9	325.396825397	8.32387974738
23	9	323.746031746	8.26345608539
24	9	280.650793651	4.61247008906
25	9	280.873015873	5.04736946573
26	9	280.238095238	5.40345064857
27	9	279.301587302	2.75240109108
28	9	281.396825397	4.99695044316
29	9	281.0	3.90766442646
30	9	283.063492063	7.27219758029
31	9	282.619047619	5.78840815201
32	9	281.825396825	5.98288480224
33	9	283.492063492	8.3909872584
34	9	280.365079365	5.69405590179
35	9	280.476190476	6.15115718332
36	9	320.26984127	6.49836694799
37	9	323.714285714	5.44941695273
38	9	321.746031746	4.46847246357
39	9	324.777777778	6.96349767169
40	9	366.888888889	23.1661432699
41	9	324.285714286	5.93998709696
42	9	250.158730159	4.86061707888
43	9	253.174603175	6.03045098879
44	9	253.285714286	4.3659162257
45	9	250.793650794	4.12948642089
46	9	253.793650794	4.51156795381
47	9	253.650793651	4.93821743483
0	10	281.507936508	5.51152620776
1	10	276.904761905	35.2035867066
2	10	281.650793651	5.86666323095
3	10	276.317460317	34.9910761398
4	10	280.555555556	6.18440891114
5	10	273.507936508	49.0532179472
6	10	238.126984127	3.84415476082
7	10	228.158730159	48.6579269221
8	10	235.698412698	29.3596391357
9	10	240.079365079	3.524524452
10	10	-1	0
11	10	228.158730159	50.5830156416
12	10	238.920634921	43.3689602949
13	10	242.349206349	30.9737004315
14	10	236.158730159	52.3387035004
15	10	239.80952381	43.2834354264
16	10	245.952380952	7.2010329317
17	10	239.444444444	42.8884776689
18	10	323.904761905	8.16246594726
19	10	325.761904762	6.43826429758
20	10	323.476190476	39.5040111055
21	10	319.253968254	40.2286986931
22	10	319.952380952	40.648875332
23	10	324.015873016	7.53929823582
24	10	275.984126984	35.108219118
25	10	281.682539683	4.91135838328
26	10	271.26984127	48.7325732301
27	10	270.079365079	48.9338074414
28	10	267.476190476	59.7491733735
29	10	269.301587302	59.5799142997
30	10	279.571428571	4.75332560513
31	10	276.365079365	35.2664693429
32	10	281.206349206	6.47377795089
33	10	275.380952381	34.9613975654
34	10	280.333333333	4.78091443734
35	10	276.047619048	35.1894774006
36	10	314.873015873	40.452398859
37	10	321.158730159	5.15230368943
38	10	322.603174603	6.31837753571
39	10	318.587301587	40.5281148429
40	10	363.301587302	49.3332158688
41	10	312.80952381	56.3604772989
42	10	251.984126984	5.68342637402
43	10	250.714285714	30.9281956794
44	10	254.126984127	6.27540440357
45	10	247.26984127	31.4921034946
46	10	252.761904762	4.65888564138
47	10	252.523809524	5.93845991166
0	11	282.888888889	6.2719104482
1	11	280.253968254	6.57549142099
2	11	282.80952381	6.73502369838
3	11	280.095238095	6.06241160489
4	11	280.349206349	6.10271532113
5	11	281.238095238	5.94609191573
6	11	238.952380952	3.69224228095
7	11	237.777777778	3.59649054887
8	11	239.444444444	4.09714487417
9	11	237.317460317	4.40715650626
10	11	238.698412698	3.98264058784
11	11	-1	0
12	11	248.841269841	6.91262096069
13	11	247.063492063	7.53799479857
14	11	249.047619048	4.8971276694
15	11	247.682539683	5.26993688955
16	11	246.222222222	4.318452267
17	11	246.904761905	4.82294214925
18	11	324.936507937	7.52745876273
19	11	325.714285714	7.79993604253
20	11	325.396825397	10.6137671641
21	11	324.126984127	10.20191713
22	11	325.492063492	8.05905389672
23	11	325.396825397	6.49918110236
24	11	279.73015873	3.12799113589
25	11	282.142857143	5.37441659545
26	11	282.365079365	4.46254816274
27	11	278.936507937	3.4266602551
28	11	281.174603175	5.06948443745
29	11	281.174603175	3.82780007497
30	11	279.158730159	5.01808269592
31	11	280.746031746	5.10514292189
32	11	280.571428571	4.64865328071
33	11	280.412698413	4.81279683277
34	11	280.555555556	4.80336448811
35	11	280.26984127	5.20136230387
36	11	320.19047619	6.08108475823
37	11	323.253968254	6.56341049065
38	11	341.841269841	8.00040941255
39	11	324.26984127	7.51550006617
40	11	364.396825397	21.3225714541
41	11	325.380952381	6.53058390017
42	11	251.253968254	5.98136856975
43	11	252.841269841	7.36617397449
44	11	251.650793651	5.58103002998
45	11	250.952380952	5.32865441018
46	11	252.111111111	3.74636802365
47	11	254.904761905	5.61379900148
0	12	246.603174603	7.84277988159
1	12	243.476190476	6.62572462131
2	12	244.0	5.40135197655
3	12	242.206349206	7.97846054721
4	12	243.761904762	6.49960752347
5	12	244.158730159	7.11405126293
6	12	288.111111111	8.61359411206
7	12	286.19047619	9.58646059593
8	12	285.349206349	6.79439248288
9	12	284.015873016	6.45495272748
10	12	286.0	8.43085790886
11	12	283.650793651	8.28109096823
12	12	-1	0
13	12	283.507936508	6.16923502724
14	12	283.492063492	5.79510744898
15	12	284.174603175	5.88929532675
16	12	280.476190476	5.86855257257
17	12	281.365079365	6.88061825226
18	12	294.936507937	7.23938306561
19	12	301.0	12.6867009483
20	12	299.634920635	10.1219572536
21	12	296.031746032	9.05006928671
22	12	298.396825397	11.6285631952
23	12	294.920634921	10.7042516213
24	12	247.571428571	6.14820734155
25	12	249.793650794	8.03397296438
26	12	249.507936508	7.95398076611
27	12	246.857142857	5.40387028517
28	12	250.587301587	7.34335877616
29	12	251.238095238	7.02086298163
30	12	329.126984127	8.53841378431
31	12	329.047619048	7.45447254993
32	12	331.587301587	8.04675803916
33	12	329.507936508	6.72326691157
34	12	326.603174603	6.95002496864
35	12	327.46031746	7.93790463901
36	12	286.222222222	7.44811565483
37	12	286.015873016	5.48444282737
38	12	288.253968254	5.729257283
39	12	289.444444444	6.4531960281
40	12	331.444444444	21.1245571215
41	12	289.698412698	6.85596697737
42	12	327.238095238	7.73307529478
43	12	329.53968254	6.15107526237
44	12	330.888888889	9.39623550272
45	12	325.555555556	6.22533935526
46	12	389.80952381	4.53857240284
47	12	328.80952381	7.70869874111
0	13	243.714285714	7.07876002824
1	13	243.412698413	6.11434670065
2	13	244.888888889	6.13631167622
3	13	244.380952381	8.88270760135
4	13	244.825396825	13.7984812628
5	13	246.380952381	7.7897543035
6	13	289.80952381	10.7730662727
7	13	287.285714286	8.79110042668
8	13	287.666666667	8.44026630137
9	13	286.746031746	8.62438082244
10	13	288.507936508	8.64626355831
11	13	287.825396825	8.4318739233
12	13	284.619047619	5.31672584361
13	13	-1	0
14	13	287.19047619	8.57989000347
15	13	286.285714286	6.49646685766
16	13	284.888888889	6.21087400519
17	13	283.46031746	5.39495766
18	13	295.571428571	7.48270871444
19	13	301.714285714	12.1216434679
20	13	300.476190476	9.49495629328
21	13	294.126984127	7.05194347521
22	13	298.380952381	10.7355344851
23	13	295.444444444	7.92379934879
24	13	247.904761905	6.01245872035
25	13	252.19047619	7.3221931463
26	13	250.80952381	7.0662559244
27	13	252.253968254	10.4318928778
28	13	249.857142857	7.21738892868
29	13	256.46031746	11.7430498145
30	13	328.206349206	5.88557216314
31	13	327.825396825	8.84530129511
32	13	329.111111111	9.47027280597
33	13	328.507936508	8.60024550383
34	13	326.412698413	6.82812791428
35	13	331.507936508	8.60024550383
36	13	283.936507937	7.37191800735
37	13	287.555555556	6.89323979346
38	13	289.095238095	7.59221465424
39	13	288.301587302	6.67769307336
40	13	292.587301587	7.3778624698
41	13	291.53968254	8.04318778473
42	13	327.698412698	6.38608338284
43	13	332.333333333	6.13602425442
44	13	330.238095238	7.56498677747
45	13	327.063492063	6.52193616172
46	13	393.142857143	6.58728246316
47	13	328.857142857	6.89572479208
0	14	248.904761905	10.3474777016
1	14	244.714285714	8.38825439477
2	14	245.507936508	6.23322642097
3	14	245.031746032	6.77523092553
4	14	246.904761905	9.4612229246
5	14	246.587301587	6.60839994715
6	14	293.031746032	10.8011878447
7	14	286.285714286	8.2412600582
8	14	288.555555556	8.56863564139
9	14	289.031746032	8.59118827631
10	14	285.079365079	6.41501608283
11	14	288.666666667	7.99404540297
12	14	284.666666667	10.1293225145
13	14	284.079365079	7.13209065122
14	14	-1	0
15	14	287.396825397	8.53478351245
16	14	285.396825397	6.97054957306
17	14	282.666666667	6.44882172085
18	14	298.365079365	10.1141133317
19	14	301.825396825	10.2253027006
20	14	301.714285714	9.83261267969
21	14	298.984126984	11.164700699
22	14	301.968253968	13.1196789715
23	14	295.206349206	7.80345615362
24	14	311.555555556	4.3123218722
25	14	251.079365079	8.41446522327
26	14	256.047619048	11.2636915929
27	14	251.46031746	9.68688427119
28	14	251.333333333	6.81967275666
29	14	255.031746032	10.9442573968
30	14	332.26984127	9.49219620866
31	14	330.603174603	8.26647404257
32	14	332.682539683	8.69560260483
33	14	330.301587302	8.4113206419
34	14	327.73015873	6.74526606299
35	14	329.317460317	7.85549124857
36	14	286.428571429	6.70634451019
37	14	288.317460317	7.15990909942
38	14	289.015873016	6.15021502655
39	14	291.253968254	8.46836925882
40	14	296.73015873	11.8471835099
41	14	291.222222222	8.64914794307
42	14	328.873015873	6.552576286
43	14	332.349206349	6.22376074274
44	14	332.253968254	7.99596774168
45	14	328.984126984	7.15251551596
46	14	328.619047619	6.55968585056
47	14	332.761904762	7.90160579564
0	15	248.650793651	9.71034259634
1	15	249.587301587	7.5206275503
2	15	247.793650794	8.99234017983
3	15	245.777777778	7.28870499187
4	15	246.126984127	6.76238913236
5	15	245.682539683	7.32429182194
6	15	296.444444444	12.4998765426
7	15	287.634920635	9.29635802951
8	15	287.761904762	10.446711772
9	15	288.428571429	9.82015143211
10	15	286.476190476	8.93158679241
11	15	290.873015873	9.09472560123
12	15	284.126984127	9.41544166241
13	15	284.047619048	9.65504814325
14	15	287.650793651	7.67010012178
15	15	-1	0
16	15	285.825396825	7.91931471009
17	15	282.888888889	7.07356157594
18	15	297.523809524	9.19084627925
19	15	300.714285714	9.89537100603
20	15	300.698412698	11.255524105
21	15	296.936507937	9.87199504752
22	15	301.317460317	11.2445053909
23	15	300.253968254	12.6866612291
24	15	312.746031746	6.60679845616
25	15	252.301587302	7.1216970526
26	15	257.26984127	11.6376596529
27	15	253.841269841	8.58978047136
28	15	255.666666667	7.60116950066
29	15	256.142857143	11.1950345326
30	15	332.73015873	8.1536949443
31	15	330.015873016	7.58128871127
32	15	330.206349206	7.27718489562
33	15	332.714285714	9.3187446723
34	15	326.841269841	7.50070123538
35	15	331.031746032	9.04305092141
36	15	289.412698413	7.54380839494
37	15	289.253968254	7.51922035381
38	15	290.968253968	7.49172719181
39	15	292.603174603	7.53518662947
40	15	295.46031746	17.9282745536
41	15	293.46031746	9.08483019003
42	15	330.825396825	6.86962414937
43	15	332.079365079	7.56202204272
44	15	334.507936508	9.25798328321
45	15	327.857142857	7.83937384699
46	15	329.349206349	6.77333410705
47	15	330.063492063	7.63632300753
0	16	254.26984127	12.4800874402
1	16	250.920634921	9.33214548105
2	16	251.380952381	9.9847956977
3	16	247.682539683	6.87028429167
4	16	249.396825397	8.91323197317
5	16	250.714285714	9.55589832218
6	16	291.380952381	14.9320456199
7	16	292.555555556	11.1991748247
8	16	288.873015873	8.9256044453
9	16	293.333333333	12.5874717257
10	16	289.793650794	11.0929102629
11	16	291.365079365	8.42765965235
12	16	294.126984127	14.5443951606
13	16	288.412698413	13.8100893882
14	16	289.761904762	6.50936879322
15	16	288.492063492	9.03234578308
16	16	-1	0
17	16	285.587301587	16.0788088091
18	16	300.206349206	9.0626719669
19	16	302.111111111	10.8160831321
20	16	300.285714286	10.3822629142
21	16	300.333333333	11.9695380558
22	16	307.53968254	12.5948155079
23	16	300.253968254	10.609920865
24	16	313.158730159	5.9740346878
25	16	252.904761905	7.36295809627
26	16	260.80952381	12.0644527604
27	16	255.650793651	12.8867579754
28	16	252.0	9.28730145166
29	16	259.73015873	18.2775830687
30	16	331.444444444	7.8148775042
31	16	332.73015873	8.77443318697
32	16	331.650793651	9.2206785037
33	16	335.920634921	11.8218275214
34	16	329.095238095	6.95727160013
35	16	332.396825397	8.6106978176
36	16	289.253968254	8.16101505896
37	16	290.476190476	7.468148541
38	16	294.095238095	9.57628400892
39	16	292.73015873	8.39918051408
40	16	299.0	14.6439217577
41	16	296.26984127	8.56942951409
42	16	330.428571429	7.1107213612
43	16	333.714285714	10.1378257138
44	16	333.158730159	6.89882978162
45	16	329.80952381	8.07672954176
46	16	330.841269841	7.00613415857
47	16	341.015873016	10.1363592968
0	17	266.73015873	19.1014055406
1	17	258.587301587	13.4301661404
2	17	263.174603175	14.2378209526
3	17	246.53968254	7.88171562346
4	17	261.349206349	14.2596764475
5	17	255.206349206	11.8511384895
6	17	310.174603175	32.6363025462
7	17	302.80952381	15.1163289644
8	17	287.238095238	9.57794139945
9	17	311.634920635	16.0873622758
10	17	298.349206349	13.9023336287
11	17	303.888888889	15.4098619331
12	17	311.46031746	25.7230829553
13	17	295.619047619	13.9936817618
14	17	301.73015873	20.5381614216
15	17	301.857142857	14.8183253588
16	17	287.380952381	8.43166475386
17	17	-1	0
18	17	318.222222222	16.4755176178
19	17	311.650793651	16.6791940825
20	17	310.476190476	40.9877477407
21	17	306.222222222	11.3744972949
22	17	321.396825397	22.7250925453
23	17	306.73015873	57.1656480124
24	17	319.46031746	9.25104094842
25	17	262.920634921	12.3163352456
26	17	271.19047619	21.7750819748
27	17	272.412698413	23.0985706427
28	17	265.73015873	14.3772376856
29	17	273.619047619	23.3608195737
30	17	344.507936508	16.5700753568
31	17	345.46031746	14.3480825519
32	17	340.428571429	11.2429368102
33	17	349.238095238	18.9240036417
34	17	335.396825397	43.8860500244
35	17	338.825396825	13.4016578962
36	17	301.825396825	17.8677146837
37	17	301.301587302	12.0008398127
38	17	316.825396825	26.0619163145
39	17	301.063492063	10.9005213446
40	17	310.095238095	21.1800402339
41	17	305.412698413	13.1531092596
42	17	344.349206349	13.8966236966
43	17	342.396825397	12.7758945669
44	17	344.857142857	15.4979334443
45	17	347.603174603	18.4636405313
46	17	338.317460317	10.6276449882
47	17	342.714285714	10.3807339427
0	18	297.936507937	9.74251526447
1	18	295.555555556	7.38891872532
2	18	299.777777778	8.7911290866
3	18	292.222222222	8.83794927812
4	18	295.063492063	7.89388554993
5	18	295.333333333	7.2702918
6	18	264.174603175	10.4007626133
7	18	256.301587302	8.41320753176
8	18	259.761904762	7.70634511958
9	18	261.777777778	10.8107008193
10	18	258.238095238	9.74551469597
11	18	262.095238095	7.40809142722
12	18	236.968253968	14.2772638146
13	18	234.634920635	14.5037505684
14	18	235.523809524	11.9706746741
15	18	236.555555556	12.4528033151
16	18	230.650793651	13.8783361271
17	18	236.095238095	10.5825767044
18	18	-1	0
19	18	264.079365079	5.60130820123
20	18	263.888888889	6.21087400519
21	18	263.650793651	5.16139125504
22	18	263.777777778	5.32572208218
23	18	262.936507937	6.03921842907
24	18	249.380952381	7.65201202181
25	18	248.968253968	6.85673867122
26	18	250.888888889	11.7987235133
27	18	246.031746032	5.21891630778
28	18	248.73015873	6.22133132592
29	18	249.126984127	9.01584507038
30	18	282.396825397	4.79927138167
31	18	283.507936508	6.59213821292
32	18	282.380952381	5.52750287036
33	18	282.238095238	4.14313080651
34	18	282.301587302	5.43251504395
35	18	281.587301587	4.638126745
36	18	254.619047619	5.64401233906
37	18	258.111111111	5.26477094005
38	18	257.968253968	4.3240495936
39	18	259.079365079	5.24420038634
40	18	260.714285714	6.71040076732
41	18	258.777777778	5.11904146671
42	18	295.301587302	5.53383509095
43	18	297.476190476	8.06296086239
44	18	298.396825397	8.2875689708
45	18	296.285714286	6.79034929421
46	18	298.301587302	7.76977236216
47	18	298.142857143	6.04180447884
0	19	297.53968254	8.73748610249
1	19	293.476190476	8.39284869976
2	19	297.19047619	9.85426689124
3	19	289.492063492	7.81303960092
4	19	294.523809524	8.16274374751
5	19	293.396825397	7.52675583595
6	19	263.095238095	10.9916480352
7	19	257.619047619	8.79110042668
8	19	261.174603175	7.66260696352
9	19	259.142857143	10.1915887243
10	19	259.666666667	9.12870929175
11	19	260.952380952	10.6732547682
12	19	242.888888889	12.6642994168
13	19	232.476190476	12.2135198869
14	19	237.650793651	10.9937337565
15	19	237.285714286	10.4826819715
16	19	235.984126984	12.7285356999
17	19	238.349206349	11.5320928732
18	19	262.111111111	5.04931587732
19	19	-1	0
20	19	262.984126984	6.53559742959
21	19	263.777777778	5.89173336514
22	19	262.80952381	7.42124180525
23	19	265.555555556	7.54831585921
24	19	247.492063492	6.42384698041
25	19	248.904761905	7.26529975286
26	19	252.507936508	12.2485801132
27	19	248.015873016	5.45251380352
28	19	247.349206349	5.62635163347
29	19	249.111111111	6.76149488288
30	19	282.253968254	4.97603224983
31	19	282.507936508	5.24592968707
32	19	284.222222222	6.13717386084
33	19	283.444444444	4.99135054338
34	19	282.349206349	4.93821743483
35	19	281.174603175	5.16563640278
36	19	254.682539683	5.21543921913
37	19	259.126984127	5.39103330641
38	19	258.920634921	5.01838394054
39	19	258.26984127	5.84510743504
40	19	262.492063492	7.91196204244
41	19	259.73015873	5.20136230387
42	19	298.19047619	5.96512920563
43	19	299.285714286	7.20323686374
44	19	298.015873016	6.72708824837
45	19	300.031746032	10.2971228128
46	19	298.158730159	7.10065132091
47	19	298.301587302	8.04675803916
0	20	299.666666667	9.21868358195
1	20	297.396825397	7.64809278547
2	20	298.19047619	8.25555540296
3	20	295.746031746	6.80328644665
4	20	295.238095238	9.08463605462
5	20	296.793650794	7.61610392869
6	20	263.0	10.0348598744
7	20	260.746031746	7.52765958689
8	20	260.253968254	9.00787707134
9	20	261.714285714	9.3900125453
10	20	262.301587302	12.1493809636
11	20	261.73015873	9.70224380726
12	20	237.523809524	13.701879309
13	20	233.571428571	12.0339655364
14	20	234.142857143	9.73597019543
15	20	233.873015873	11.2623717701
16	20	236.841269841	11.6117159625
17	20	237.650793651	8.82485438552
18	20	264.873015873	7.91921926465
19	20	264.968253968	6.89828194384
20	20	-1	0
21	20	264.873015873	9.62881268702
22	20	264.46031746	7.28081932601
23	20	264.904761905	10.1053408568
24	20	247.26984127	6.08721363319
25	20	247.396825397	5.66677782115
26	20	248.206349206	5.92856611631
27	20	246.0	5.89053585834
28	20	246.619047619	5.76367544615
29	20	249.349206349	8.3193382104
30	20	280.920634921	3.14870387696
31	20	282.063492063	5.90365239619
32	20	280.063492063	3.55845969832
33	20	283.111111111	4.89933947965
34	20	284.206349206	5.89096356728
35	20	282.19047619	4.5941893696
36	20	256.53968254	5.93302673586
37	20	257.857142857	6.54133897962
38	20	257.650793651	5.50370360197
39	20	258.476190476	4.20452191517
40	20	261.317460317	6.77489623144
41	20	258.777777778	4.96477894597
42	20	296.523809524	5.52298844472
43	20	298.0	7.54036755451
44	20	298.920634921	7.43287760145
45	20	300.952380952	9.39508242093
46	20	298.952380952	6.37063843061
47	20	299.253968254	7.32026596353
0	21	297.777777778	7.79386092239
1	21	294.761904762	7.38878232921
2	21	297.523809524	8.39852054783
3	21	296.365079365	8.26409635022
4	21	294.904761905	7.24999022597
5	21	297.047619048	8.53085635819
6	21	263.777777778	12.3833534505
7	21	261.825396825	7.3798087525
8	21	259.952380952	11.7235735538
9	21	260.857142857	12.9747705645
10	21	264.206349206	13.7369374953
11	21	258.492063492	11.934840309
12	21	240.206349206	10.536646149
13	21	235.285714286	8.9716105532
14	21	238.73015873	9.0837485256
15	21	238.396825397	11.62583287
16	21	239.873015873	13.1154725825
17	21	236.428571429	12.9745957954
18	21	266.650793651	8.27342030221
19	21	266.111111111	8.53770555979
20	21	265.714285714	9.74830644051
21	21	-1	0
22	21	263.079365079	8.15777278059
23	21	265.095238095	10.2379844955
24	21	247.222222222	5.20513923222
25	21	248.285714286	6.14488707693
26	21	248.571428571	7.9815546994
27	21	245.682539683	4.87893234751
28	21	247.920634921	6.1056871415
29	21	246.317460317	6.16396439332
30	21	281.73015873	3.43283098131
31	21	283.222222222	5.56760597848
32	21	280.587301587	3.75704595472
33	21	284.158730159	4.18313450184
34	21	283.80952381	5.72617810116
35	21	282.746031746	5.0394263152
36	21	254.444444444	4.94020685184
37	21	259.317460317	5.95439119494
38	21	257.793650794	5.77393907017
39	21	258.761904762	5.28464167581
40	21	259.603174603	7.8791258933
41	21	259.111111111	5.37516662307
42	21	297.841269841	6.35011898203
43	21	299.555555556	8.84213896728
44	21	299.206349206	8.26766263232
45	21	298.111111111	7.83988806025
46	21	298.111111111	6.33486475498
47	21	298.650793651	6.91251161521
0	22	297.825396825	7.14373892264
1	22	294.333333333	7.03957069398
2	22	296.777777778	7.4053700902
3	22	294.714285714	7.23621529471
4	22	291.857142857	7.55688930472
5	22	294.952380952	6.98167345071
6	22	262.968253968	8.30178457382
7	22	261.174603175	8.87575560394
8	22	260.888888889	8.52654326414
9	22	259.603174603	9.08258351215
10	22	261.444444444	10.9816264701
11	22	260.968253968	7.44283666261
12	22	235.0	12.5369295752
13	22	236.396825397	8.4318739233
14	22	236.412698413	11.187627691
15	22	235.841269841	8.35750085909
16	22	237.079365079	10.6700910981
17	22	238.095238095	8.34896493103
18	22	263.095238095	10.7033806938
19	22	262.587301587	11.8731856367
20	22	264.650793651	9.09239823805
21	22	265.158730159	6.67905123289
22	22	-1	0
23	22	267.476190476	8.93158679241
24	22	247.523809524	5.77035979417
25	22	247.111111111	5.47754756591
26	22	245.984126984	4.66493867154
27	22	244.936507937	4.75719343655
28	22	246.253968254	5.10825119632
29	22	247.634920635	6.11607714118
30	22	280.126984127	4.13076749659
31	22	282.761904762	5.17538215969
32	22	281.380952381	3.86448448862
33	22	282.746031746	5.50891990672
34	22	283.380952381	5.93464022907
35	22	281.555555556	5.43293243563
36	22	254.634920635	6.14197524534
37	22	257.904761905	5.95676029376
38	22	256.920634921	4.49797692549
39	22	258.047619048	4.76238092857
40	22	258.698412698	6.484743807
41	22	259.761904762	6.0414291532
42	22	296.936507937	5.99966405375
43	22	299.396825397	7.84682664104
44	22	299.111111111	8.0673968798
45	22	298.095238095	8.62943336387
46	22	298.73015873	6.54703701117
47	22	299.095238095	7.0479407906
0	23	299.428571429	8.15078978686
1	23	296.746031746	7.00332858269
2	23	296.984126984	9.52605793565
3	23	295.079365079	6.05084694925
4	23	293.666666667	6.11269820661
5	23	296.19047619	7.28960369262
6	23	264.333333333	8.4628037682
7	23	258.158730159	8.81594217782
8	23	263.031746032	7.61153730372
9	23	262.904761905	10.2488315799
10	23	262.380952381	11.3367341836
11	23	260.793650794	8.86612732008
12	23	233.920634921	12.2075979298
13	23	236.333333333	9.94907669003
14	23	235.333333333	10.9935045758
15	23	236.0	9.58172864412
16	23	238.936507937	13.8882993072
17	23	234.031746032	10.5559255216
18	23	266.380952381	9.38832197835
19	23	265.587301587	11.5794493943
20	23	264.936507937	7.70049063758
21	23	263.73015873	8.44817318321
22	23	263.428571429	9.71451913819
23	23	-1	0
24	23	245.492063492	6.80539705494
25	23	247.555555556	5.46497586448
26	23	247.73015873	6.2264320064
27	23	245.523809524	4.64914104665
28	23	247.0	6.421689438
29	23	247.365079365	5.42569310122
30	23	281.047619048	3.53409053624
31	23	282.380952381	5.8484255687
32	23	282.26984127	4.30653379275
33	23	283.317460317	5.22152260475
34	23	282.746031746	9.23239337483
35	23	281.73015873	5.12759837099
36	23	254.952380952	5.61016246668
37	23	259.936507937	4.56652073411
38	23	256.984126984	4.73920515569
39	23	255.746031746	3.38516021036
40	23	260.174603175	7.97125725986
41	23	259.523809524	4.69331555346
42	23	297.301587302	5.86253891755
43	23	299.841269841	7.29906788832
44	23	302.111111111	9.51208272741
45	23	300.46031746	8.276617277
46	23	297.841269841	7.01066387094
47	23	301.873015873	9.27446068854
0	24	317.26984127	9.09946160836
1	24	311.634920635	8.75105723736
2	24	313.365079365	9.94157789415
3	24	312.873015873	9.57425791976
4	24	313.26984127	10.4429004504
5	24	310.365079365	8.95012917758
6	24	336.619047619	14.3520681231
7	24	332.873015873	9.95942891123
8	24	333.26984127	8.44253469275
9	24	330.523809524	11.0509026319
10	24	331.873015873	10.567233068
11	24	333.53968254	11.4348748049
12	24	268.317460317	14.0541192028
13	24	262.333333333	12.6139252856
14	24	266.507936508	16.1056758366
15	24	263.0	12.9099444874
16	24	266.428571429	15.8512072403
17	24	264.952380952	12.6584291152
18	24	255.650793651	11.7001678595
19	24	254.095238095	13.0939393295
20	24	256.841269841	8.47630937435
21	24	253.777777778	9.06142082913
22	24	257.603174603	12.2403699531
23	24	260.238095238	12.3220209197
24	24	-1	0
25	24	288.634920635	4.87071451784
26	24	287.301587302	4.89779646156
27	24	286.111111111	4.14465083107
28	24	288.53968254	5.05156080493
29	24	287.984126984	6.06444769333
30	24	294.952380952	6.71985584555
31	24	296.285714286	5.55900119905
32	24	293.333333333	5.16397779494
33	24	298.587301587	8.04281187628
34	24	297.968253968	7.96613517647
35	24	295.111111111	6.11298672516
36	24	329.317460317	6.05746396939
37	24	332.619047619	7.20764270609
38	24	329.968253968	5.58048827006
39	24	330.174603175	6.20941344402
40	24	332.825396825	7.09245000439
41	24	333.746031746	5.27939466819
42	24	361.222222222	7.07430953374
43	24	298.174603175	8.22990999303
44	24	299.0	7.39583752515
45	24	298.634920635	8.54920693862
46	24	299.206349206	7.92456243879
47	24	297.238095238	7.12187394127
0	25	320.111111111	11.3949461244
1	25	312.952380952	9.60064245772
2	25	314.555555556	9.73910099462
3	25	310.444444444	9.20106580745
4	25	314.444444444	9.16822978496
5	25	313.206349206	7.88238689609
6	25	335.095238095	13.3508388485
7	25	333.079365079	10.320732082
8	25	337.031746032	10.5559255216
9	25	336.650793651	12.4520142186
10	25	337.761904762	13.7779606454
11	25	330.555555556	11.187830375
12	25	266.26984127	13.8371553518
13	25	263.428571429	15.821137444
14	25	265.063492063	15.8913703405
15	25	266.952380952	13.4038949225
16	25	268.158730159	13.4119188277
17	25	265.206349206	17.1835642497
18	25	256.746031746	10.8846305709
19	25	255.984126984	10.0908446065
20	25	256.301587302	10.4009079589
21	25	259.555555556	12.5353820233
22	25	255.904761905	9.81691815623
23	25	258.015873016	10.1410560539
24	25	286.619047619	4.81870881549
25	25	-1	0
26	25	289.015873016	4.62049287377
27	25	288.063492063	6.07590352775
28	25	288.047619048	5.87009794523
29	25	288.301587302	6.32363899815
30	25	298.841269841	7.45399935095
31	25	297.46031746	7.12880451881
32	25	298.777777778	6.58869749983
33	25	300.095238095	8.97388501402
34	25	299.73015873	7.79948380304
35	25	298.53968254	7.06843059033
36	25	329.412698413	6.32363899815
37	25	334.428571429	6.58211691164
38	25	333.015873016	6.29308530457
39	25	331.793650794	5.33678082076
40	25	335.650793651	7.14289241614
41	25	334.063492063	7.18435914866
42	25	362.412698413	6.44299772642
43	25	299.301587302	10.0832013697
44	25	299.492063492	8.12574395299
45	25	302.079365079	8.02437079035
46	25	300.047619048	7.49482058497
47	25	300.158730159	7.06254675322
0	26	318.936507937	13.0187569395
1	26	316.349206349	10.5140249949
2	26	323.333333333	13.1644060748
3	26	313.80952381	9.82846068598
4	26	314.587301587	9.92773079562
5	26	318.063492063	7.81913204267
6	26	335.285714286	12.0691507196
7	26	335.587301587	9.30375401385
8	26	333.301587302	8.69525490126
9	26	335.222222222	11.1788411877
10	26	337.46031746	11.0910022116
11	26	334.063492063	10.1197167535
12	26	271.349206349	15.9634092812
13	26	271.746031746	13.6985322513
14	26	273.111111111	11.6457105818
15	26	266.650793651	11.1699124354
16	26	268.80952381	15.3103939618
17	26	270.349206349	15.3044850052
18	26	260.047619048	10.1284270256
19	26	260.53968254	11.9094805463
20	26	260.380952381	10.8473222084
21	26	256.904761905	10.8169682777
22	26	259.047619048	13.2118616395
23	26	261.920634921	11.3645251262
24	26	289.111111111	6.97867752767
25	26	288.761904762	6.73939916712
26	26	-1	0
27	26	287.285714286	6.30048768943
28	26	290.587301587	7.93952323673
29	26	292.857142857	7.7025189507
30	26	298.063492063	8.45881341049
31	26	298.46031746	5.68156416208
32	26	300.841269841	8.28501487044
33	26	302.873015873	7.6396876515
34	26	304.301587302	11.3677836634
35	26	298.222222222	7.94114150454
36	26	332.603174603	6.58651745189
37	26	333.968253968	8.44020659863
38	26	333.904761905	5.87897595476
39	26	333.079365079	6.11088434953
40	26	336.555555556	7.57350808353
41	26	335.444444444	7.40394098786
42	26	300.333333333	7.92824967172
43	26	303.571428571	8.80063902029
44	26	301.46031746	7.20190758862
45	26	302.587301587	6.85133498898
46	26	304.380952381	8.2796912975
47	26	301.015873016	7.57290924259
0	27	322.904761905	12.766168442
1	27	319.682539683	11.6888569876
2	27	317.111111111	10.0634670272
3	27	317.952380952	11.7856902357
4	27	319.952380952	8.92549153229
5	27	317.063492063	8.76477983655
6	27	336.904761905	9.46625466192
7	27	335.492063492	9.70660553335
8	27	339.0	11.9310186635
9	27	335.19047619	9.50331127398
10	27	336.857142857	10.7686451711
11	27	333.111111111	12.254071058
12	27	267.349206349	15.8636639117
13	27	268.761904762	15.6364595166
14	27	268.253968254	12.5140787433
15	27	272.238095238	15.5825648252
16	27	272.650793651	16.2736116421
17	27	273.698412698	13.1615540654
18	27	264.111111111	12.3160897617
19	27	258.984126984	12.3281740348
20	27	261.952380952	10.0260431851
21	27	263.523809524	11.5413090271
22	27	259.825396825	10.1395652556
23	27	267.111111111	10.477657425
24	27	289.126984127	8.630863893
25	27	290.317460317	8.63515405847
26	27	293.428571429	6.85151885771
27	27	-1	0
28	27	289.682539683	6.54611334299
29	27	295.031746032	9.36723139116
30	27	301.0	7.69250305002
31	27	349.80952381	18.5179939457
32	27	302.777777778	9.07367454039
33	27	304.047619048	8.2931001564
34	27	304.968253968	10.5874562707
35	27	304.142857143	9.70003623436
36	27	334.174603175	6.67033157011
37	27	335.126984127	5.84045025306
38	27	335.603174603	6.533283971
39	27	334.825396825	6.11150277038
40	27	337.984126984	7.42473785223
41	27	337.238095238	5.83561665711
42	27	302.047619048	6.75049338921
43	27	306.015873016	6.98636327834
44	27	304.19047619	7.27870811592
45	27	302.873015873	9.12956485253
46	27	305.952380952	7.18337713262
47	27	304.746031746	8.29604658948
0	28	322.333333333	11.8187368057
1	28	318.063492063	10.2521743971
2	28	324.428571429	12.4629155112
3	28	318.952380952	10.2018183431
4	28	320.714285714	10.2189189181
5	28	317.317460317	10.4347182967
6	28	335.984126984	12.3538979948
7	28	336.333333333	10.9065292808
8	28	335.603174603	9.10178716541
9	28	338.079365079	13.9059215288
10	28	339.714285714	12.3345283481
11	28	338.111111111	9.85306512798
12	28	272.095238095	15.1203786441
13	28	272.396825397	16.1260310929
14	28	270.015873016	13.0012112543
15	28	273.619047619	12.4638252064
16	28	274.920634921	15.0915740049
17	28	272.650793651	11.2110471739
18	28	262.777777778	10.3501314223
19	28	265.650793651	12.831210375
20	28	262.26984127	10.6057881011
21	28	262.333333333	8.97615889852
22	28	262.26984127	9.93343935579
23	28	263.920634921	9.74158421864
24	28	290.841269841	6.41478042581
25	28	294.095238095	7.76789135187
26	28	289.174603175	10.1144869897
27	28	288.873015873	6.76238913236
28	28	-1	0
29	28	299.301587302	11.2935364583
30	28	304.793650794	9.08016979451
31	28	363.126984127	15.5548104778
32	28	305.968253968	9.13213105394
33	28	306.0	8.22886904224
34	28	311.666666667	11.3361341077
35	28	306.19047619	9.69512582964
36	28	333.158730159	6.8919238432
37	28	337.714285714	6.58865925959
38	28	334.73015873	4.8671439727
39	28	335.047619048	6.98621902289
40	28	338.73015873	6.46162382954
41	28	338.396825397	7.11256362716
42	28	302.428571429	6.8166795569
43	28	303.682539683	8.60200308312
44	28	305.46031746	6.09924636725
45	28	303.777777778	6.25755275569
46	28	305.650793651	7.96053505851
47	28	306.80952381	6.80069357541
0	29	321.333333333	13.3297614263
1	29	321.523809524	9.78638046626
2	29	325.80952381	13.5352064653
3	29	322.904761905	10.8301669889
4	29	317.396825397	10.4418870802
5	29	322.523809524	10.9106866833
6	29	338.73015873	13.1151267919
7	29	336.761904762	9.67850553483
8	29	337.666666667	11.7581447624
9	29	343.26984127	12.0570158055
10	29	337.206349206	12.1722540727
11	29	335.444444444	9.2543902542
12	29	274.365079365	17.3372720683
13	29	273.761904762	12.7263185436
14	29	278.19047619	14.354753809
15	29	276.380952381	12.6722150397
16	29	270.380952381	12.5640310125
17	29	275.365079365	10.2249330922
18	29	262.841269841	11.3629952864
19	29	262.761904762	12.1442576223
20	29	262.873015873	9.43901404505
21	29	262.841269841	11.4672845199
22	29	263.492063492	10.4393532243
23	29	261.984126984	11.6475926575
24	29	293.746031746	10.1230026507
25	29	292.904761905	8.64597215281
26	29	293.682539683	10.3030668833
27	29	291.825396825	8.72424041818
28	29	293.222222222	10.1956175528
29	29	-1	0
30	29	305.904761905	8.26488899034
31	29	366.412698413	13.3733149606
32	29	306.428571429	8.45100592437
33	29	314.53968254	10.6857350347
34	29	310.682539683	11.0134483403
35	29	309.047619048	8.42413119524
36	29	336.761904762	6.28102278021
37	29	338.222222222	6.54033746143
38	29	339.317460317	6.41878541847
39	29	337.253968254	5.79536830381
40	29	338.079365079	7.91282179777
41	29	338.80952381	6.62572462131
42	29	305.365079365	5.92091152169
43	29	305.698412698	6.67055819904
44	29	304.714285714	7.64786217961
45	29	305.968253968	7.61362240709
46	29	306.873015873	7.33872542779
47	29	309.158730159	7.31210422715
0	30	873.587301587	90.3423181124
1	30	881.19047619	78.8139978589
2	30	885.888888889	86.0767673449
3	30	870.142857143	73.2839351249
4	30	860.587301587	76.6336647232
5	30	872.984126984	69.6869398763
6	30	962.079365079	109.335119263
7	30	914.825396825	78.8155450952
8	30	908.619047619	85.84434577
9	30	927.492063492	88.1618052519
10	30	920.079365079	72.780448619
11	30	916.746031746	93.3933426562
12	30	1475.33333333	262.677423033
13	30	1416.6031746	254.480893329
14	30	1554.63492063	254.412195324
15	30	1490.63492063	241.702447373
16	30	1483.26984127	258.510950083
17	30	1414.14285714	250.977128987
18	30	2739.3015873	1002.73256234
19	30	2352.14285714	673.860846102
20	30	2231.42857143	771.341044417
21	30	2319.28571429	693.561144546
22	30	2263.96825397	712.854377886
23	30	2067.53968254	774.152682234
24	30	864.666666667	76.1131154875
25	30	884.396825397	103.884786561
26	30	906.666666667	137.919231022
27	30	870.095238095	96.1588821287
28	30	861.682539683	80.8409815521
29	30	921.682539683	118.525842791
30	30	-1	0
31	30	1024.3015873	85.0060007071
32	30	1006.77777778	105.111043995
33	30	981.46031746	90.7971444549
34	30	994.936507937	111.642978726
35	30	959.888888889	101.917506497
36	30	944.507936508	92.2742415374
37	30	935.968253968	81.0363367945
38	30	970.777777778	104.682959673
39	30	930.555555556	87.1877699625
40	30	964.571428571	101.276881877
41	30	941.349206349	106.986449035
42	30	992.825396825	90.4462551424
43	30	1010.34920635	97.0243233667
44	30	1016.11111111	106.838568494
45	30	1008.0952381	112.633372692
46	30	976.682539683	84.1487393254
47	30	1036.0952381	112.060459062
0	31	889.285714286	89.7758104677
1	31	881.015873016	65.1777769273
2	31	905.634920635	86.1840595115
3	31	896.095238095	76.0682054612
4	31	877.841269841	91.3675998196
5	31	880.253968254	64.0488326236
6	31	937.158730159	98.0390602996
7	31	954.015873016	87.9824102304
8	31	934.063492063	93.2063546127
9	31	905.333333333	218.697224926
10	31	962.587301587	101.647013701
11	31	946.111111111	107.417315726
12	31	1762.82539683	462.706651891
13	31	1568.77777778	301.158105628
14	31	1551.28571429	279.855258994
15	31	1546.9047619	286.858613163
16	31	1788.38095238	403.828127379
17	31	1615.95238095	280.652438762
18	31	3328.66666667	1211.94869974
19	31	3209.07936508	1087.41813487
20	31	3051.01587302	874.887248827
21	31	3076.49206349	1015.9339885
22	31	2978.9047619	986.021631404
23	31	3350.80952381	1274.15464484
24	31	919.587301587	96.1829663368
25	31	919.349206349	101.88308873
26	31	924.301587302	101.923038958
27	31	944.825396825	113.798142044
28	31	934.412698413	109.5450382
29	31	926.095238095	109.36711358
30	31	999.349206349	99.1721541067
31	31	-1	0
32	31	1008.85714286	102.469020815
33	31	1022.96825397	108.267301232
34	31	1047.76190476	135.686580297
35	31	1011.9047619	120.691751442
36	31	950.777777778	81.6942508215
37	31	955.968253968	76.9844280799
38	31	983.603174603	105.16993651
39	31	934.920634921	86.1735608529
40	31	941.857142857	86.568416313
41	31	950.412698413	95.0354378215
42	31	1023.77777778	140.689847384
43	31	1049.34920635	104.668055607
44	31	1063.95238095	106.971799959
45	31	1139.25396825	156.931586374
46	31	1016.01587302	106.530641253
47	31	1047.98412698	124.530800941
0	32	915.063492063	65.3952265177
1	32	890.603174603	73.577847702
2	32	908.253968254	86.0055310613
3	32	909.777777778	79.3676285305
4	32	904.46031746	78.5862836687
5	32	902.380952381	78.4270824157
6	32	985.476190476	114.167915481
7	32	993.380952381	92.7432757279
8	32	974.714285714	105.952434457
9	32	981.301587302	121.950241599
10	32	1053.93650794	145.536977575
11	32	974.015873016	112.879552616
12	32	1745.28571429	278.66834293
13	32	1684.88888889	267.183078016
14	32	1786.03174603	292.754947541
15	32	1706.73015873	326.601607047
16	32	1952.34920635	432.333577807
17	32	1771.82539683	270.417756748
18	32	4499.44444444	1538.6668088
19	32	3789.95238095	1219.49045342
20	32	3737.80952381	1130.82005441
21	32	3700.68253968	1008.90222953
22	32	4012.79365079	947.861907408
23	32	4019.53968254	1204.368198
24	32	911.619047619	146.108399482
25	32	906.047619048	94.637223552
26	32	975.380952381	115.840260645
27	32	966.666666667	101.765993634
28	32	946.222222222	95.2857764239
29	32	956.841269841	112.126941433
30	32	1005.15873016	93.985004942
31	32	998.793650794	92.7151566743
32	32	-1	0
33	32	1077.80952381	127.884230526
34	32	1104.52380952	147.282996911
35	32	1092.9047619	149.530133321
36	32	966.095238095	76.394073211
37	32	925.634920635	88.0828076458
38	32	983.396825397	101.943267709
39	32	969.952380952	72.6757155946
40	32	1002.47619048	103.84082097
41	32	963.238095238	91.003700306
42	32	1073.57142857	128.423742339
43	32	1072.6984127	120.379510322
44	32	1123.3968254	146.404477736
45	32	1121.76190476	141.729869855
46	32	1142.36507937	145.828046335
47	32	1081.06349206	137.91852587
0	33	925.126984127	91.4501324886
1	33	898.666666667	88.2091670001
2	33	923.714285714	107.748594595
3	33	897.142857143	80.4994049358
4	33	871.476190476	67.6301466411
5	33	909.412698413	86.9969229379
6	33	1075.57142857	150.567994901
7	33	1018.84126984	123.795172143
8	33	1013.07936508	126.400258889
9	33	1008.25396825	115.68196252
10	33	1040.01587302	134.827166504
11	33	1032.23809524	123.161490875
12	33	1914.38095238	422.990578475
13	33	1957.55555556	352.107341938
14	33	1898.63492063	243.464693936
15	33	1896.84126984	288.327701919
16	33	1979.0952381	307.442946793
17	33	1849.87301587	289.841417618
18	33	5378.0952381	1843.41464312
19	33	4251.0	1420.9637016
20	33	4619.6031746	1185.14760369
21	33	4800.9047619	1525.88740472
22	33	4730.58730159	1522.25204549
23	33	5211.58730159	2104.42914353
24	33	949.587301587	109.486483172
25	33	931.111111111	97.3630272891
26	33	949.857142857	122.370742579
27	33	958.841269841	118.77993609
28	33	931.936507937	91.8526896921
29	33	921.19047619	96.8526711521
30	33	1051.41269841	111.882965343
31	33	1091.22222222	115.892731526
32	33	1074.84126984	119.385490909
33	33	-1	0
34	33	1177.44444444	185.604527327
35	33	1162.87301587	141.462709435
36	33	959.73015873	81.6084741844
37	33	991.428571429	75.3269517494
38	33	982.095238095	109.258062691
39	33	955.714285714	70.959954853
40	33	997.80952381	80.4390446817
41	33	973.666666667	75.083234237
42	33	1128.3968254	156.993128925
43	33	1130.61904762	146.486624187
44	33	1114.20634921	133.690136727
45	33	1182.04761905	166.223451497
46	33	1160.55555556	170.746054618
47	33	1163.6031746	170.507974927
0	34	898.444444444	91.3447642791
1	34	876.253968254	72.6684071993
2	34	884.396825397	85.9810868244
3	34	873.920634921	76.5125369097
4	34	876.476190476	77.0336675814
5	34	863.095238095	82.8103042215
6	34	1120.88888889	172.830048746
7	34	1000.01587302	101.800846983
8	34	995.015873016	114.380108725
9	34	1060.98412698	157.648845471
10	34	1037.20634921	148.781949615
11	34	1024.65079365	143.396127854
12	34	2141.66666667	394.927399396
13	34	1972.22222222	307.070357712
14	34	2030.22222222	280.086859795
15	34	2066.0	283.552352323
16	34	1982.31746032	552.820124177
17	34	1922.96825397	260.315130652
18	34	6453.85714286	2654.99713841
19	34	5124.12698413	1290.10076501
20	34	5471.58730159	1446.68612709
21	34	5352.12698413	1792.38297966
22	34	5398.92063492	1617.217749
23	34	6084.41269841	2030.0242444
24	34	911.619047619	81.0325093632
25	34	925.333333333	97.4972527085
26	34	935.968253968	90.418948754
27	34	953.206349206	111.07928796
28	34	950.19047619	98.5415643741
29	34	971.174603175	113.835517609
30	34	1097.07936508	128.096727042
31	34	1204.0	163.518553872
32	34	1128.34920635	157.924148834
33	34	1119.66666667	127.696813549
34	34	-1	0
35	34	1215.3968254	189.241723283
36	34	942.26984127	72.3740737472
37	34	951.841269841	108.272613951
38	34	974.73015873	99.5938109808
39	34	945.365079365	77.483700608
40	34	979.777777778	89.1979152088
41	34	943.079365079	86.1322905707
42	34	1262.20634921	190.2753359
43	34	1220.76190476	185.584166871
44	34	1262.85714286	199.763817461
45	34	1301.55555556	253.353807304
46	34	1204.55555556	177.864829877
47	34	1249.96825397	191.445708517
0	35	854.412698413	85.4219470927
1	35	846.444444444	77.7996567866
2	35	855.333333333	64.912395177
3	35	853.047619048	71.9317199544
4	35	864.73015873	64.8250897805
5	35	830.380952381	134.341714092
6	35	1097.77777778	186.150941012
7	35	1132.19047619	172.423146638
8	35	1097.55555556	176.709139349
9	35	1159.53968254	195.026398327
10	35	1195.85714286	222.341426078
11	35	1162.77777778	163.987653856
12	35	2190.14285714	332.119067248
13	35	2132.23809524	256.615623514
14	35	2173.12698413	307.576986985
15	35	2078.6984127	255.271696833
16	35	2162.17460317	383.909485847
17	35	2107.01587302	346.946475542
18	35	7248.95238095	2379.37996077
19	35	5867.80952381	1587.56349062
20	35	6123.53968254	1476.99248072
21	35	6087.96825397	1154.54391419
22	35	5861.87301587	1233.89929732
23	35	7213.6984127	2501.6011992
24	35	930.412698413	98.4358037393
25	35	928.761904762	101.605010857
26	35	903.777777778	143.762308728
27	35	916.936507937	102.058475771
28	35	906.873015873	68.9583476912
29	35	922.238095238	105.345495724
30	35	1223.36507937	204.357320241
31	35	1285.55555556	190.92371765
32	35	1210.11111111	175.964652936
33	35	1202.49206349	164.451746482
34	35	1246.79365079	201.634051572
35	35	-1	0
36	35	933.492063492	84.5033807938
37	35	933.126984127	78.8471481026
38	35	949.587301587	81.1321937003
39	35	921.555555556	86.8444655651
40	35	944.73015873	95.0235069245
41	35	923.19047619	78.0860040998
42	35	1345.19047619	242.370885748
43	35	1330.74603175	204.617720862
44	35	1364.01587302	204.110497001
45	35	1445.3968254	261.642160799
46	35	1346.49206349	209.890286761
47	35	1342.31746032	215.254653575
0	36	869.555555556	88.3619500417
1	36	857.206349206	72.3703347824
2	36	838.666666667	132.843505018
3	36	823.952380952	71.2766638655
4	36	854.396825397	77.7702231511
5	36	827.46031746	77.2406721952
6	36	1285.52380952	254.170974648
7	36	1215.87301587	199.202815374
8	36	1185.66666667	178.840888759
9	36	1187.15873016	188.212410092
10	36	1248.74603175	227.188822121
11	36	1235.31746032	193.342103692
12	36	2257.57142857	445.117595102
13	36	2243.0952381	226.638073427
14	36	2272.19047619	256.335522756
15	36	2234.82539683	275.495659499
16	36	2218.19047619	311.230270345
17	36	2176.17460317	284.325519888
18	36	8371.04761905	2413.21819923
19	36	5889.33333333	1648.24982696
20	36	6706.9047619	1487.23039402
21	36	6528.95238095	1308.97144195
22	36	6099.01587302	1909.69386304
23	36	7380.61904762	1807.68065403
24	36	886.444444444	100.881476548
25	36	926.476190476	97.9009634246
26	36	929.968253968	99.087258043
27	36	868.253968254	100.660354304
28	36	875.777777778	84.3702054618
29	36	854.825396825	215.017868559
30	36	1309.12698413	182.224394379
31	36	1405.0952381	224.541134513
32	36	1304.96825397	216.92533777
33	36	1324.42857143	200.954524927
34	36	1324.0952381	220.44455188
35	36	1355.50793651	218.296352594
36	36	-1	0
37	36	927.015873016	78.6818976505
38	36	891.253968254	179.781875621
39	36	909.714285714	87.4670783548
40	36	934.365079365	150.22462563
41	36	903.095238095	93.354200777
42	36	1947.38095238	759.13949674
43	36	1474.85714286	236.023395205
44	36	1455.74603175	180.558917813
45	36	1475.42857143	269.361780339
46	36	1462.93650794	220.232119467
47	36	1483.80952381	223.36118214
0	37	875.936507937	91.5691902535
1	37	861.936507937	59.5733169778
2	37	860.380952381	78.094657373
3	37	854.206349206	79.5072441005
4	37	856.079365079	84.4694556587
5	37	862.793650794	75.9444573001
6	37	1443.96825397	229.773246972
7	37	1307.65079365	212.40932024
8	37	1383.47619048	217.874935521
9	37	1395.3015873	230.811311304
10	37	1382.03174603	251.09556571
11	37	1388.96825397	201.954416376
12	37	2389.76190476	383.115661357
13	37	2313.73015873	239.690819788
14	37	2256.79365079	278.408467688
15	37	2260.28571429	311.114505974
16	37	2384.52380952	369.230037865
17	37	2326.95238095	308.2746883
18	37	8919.52380952	2950.30250726
19	37	7242.6984127	1595.83784667
20	37	7216.11111111	1247.16292785
21	37	7129.19047619	1459.86947511
22	37	6871.95238095	1937.94366905
23	37	8340.11111111	2340.06541159
24	37	912.285714286	77.4109685373
25	37	900.507936508	72.3560142224
26	37	959.238095238	110.730577398
27	37	926.682539683	100.103728012
28	37	939.015873016	116.642241261
29	37	949.412698413	115.756124994
30	37	1557.84126984	243.68488671
31	37	1564.04761905	252.216676096
32	37	1517.25396825	252.139352265
33	37	1442.34920635	245.07816432
34	37	1515.68253968	280.930078031
35	37	1458.68253968	296.20219528
36	37	903.714285714	78.4274871987
37	37	-1	0
38	37	997.603174603	114.567168859
39	37	942.587301587	84.6877804421
40	37	984.492063492	103.189588655
41	37	981.349206349	96.9297174164
42	37	1624.0952381	228.7777541
43	37	1634.49206349	246.870049552
44	37	1654.66666667	251.415484869
45	37	1639.3968254	245.188851069
46	37	1610.9047619	262.148189903
47	37	1676.26984127	224.386798012
0	38	311.0	10.8803011163
1	38	307.507936508	38.75886914
2	38	311.507936508	10.2227151611
3	38	313.238095238	9.71615294846
4	38	312.571428571	10.543506669
5	38	315.777777778	11.5228474827
6	38	260.222222222	7.47789216639
7	38	258.603174603	7.69361657178
8	38	260.888888889	8.85708596443
9	38	260.095238095	9.92306002105
10	38	259.46031746	11.1310026029
11	38	260.603174603	7.64394081556
12	38	263.777777778	8.51225902989
13	38	263.904761905	7.68984959853
14	38	264.587301587	9.78764190132
15	38	264.555555556	8.34908564099
16	38	264.777777778	10.705946196
17	38	263.587301587	8.47523923085
18	38	6376.55555556	2397.96463811
19	38	4723.38095238	1481.59731938
20	38	4800.73015873	1539.42711676
21	38	4981.53968254	1636.95756144
22	38	4554.19047619	2007.19349086
23	38	5703.65079365	2227.11723527
24	38	335.317460317	37.6431976598
25	38	336.301587302	38.325935071
26	38	340.174603175	43.3840507899
27	38	332.587301587	41.8423476991
28	38	325.968253968	28.4498825584
29	38	347.238095238	53.7500725096
30	38	327.603174603	57.0637459429
31	38	409.365079365	138.786155202
32	38	351.095238095	85.9432655765
33	38	378.142857143	112.250549847
34	38	402.301587302	163.604792389
35	38	319.015873016	33.7697582675
36	38	340.952380952	15.7232297779
37	38	344.492063492	11.7647212959
38	38	-1	0
39	38	362.142857143	39.6255718071
40	38	370.793650794	48.7035602917
41	38	382.523809524	58.293416858
42	38	263.888888889	4.2765922909
43	38	265.492063492	5.78414092309
44	38	265.619047619	5.33460869105
45	38	264.603174603	5.92422972701
46	38	265.063492063	5.62554552098
47	38	265.285714286	5.90783330258
0	39	316.46031746	10.5992293772
1	39	311.777777778	10.2453155295
2	39	316.206349206	11.9697485488
3	39	311.0	10.0174451009
4	39	314.523809524	8.67555797182
5	39	314.301587302	10.3596208189
6	39	262.396825397	7.71010403351
7	39	261.015873016	8.86493370729
8	39	260.714285714	10.6702800002
9	39	261.46031746	11.1038751949
10	39	262.079365079	10.7619281734
11	39	260.015873016	9.14346338378
12	39	264.126984127	9.00174950102
13	39	263.253968254	8.66111223835
14	39	264.0	7.79295571206
15	39	263.650793651	9.21379009646
16	39	264.46031746	11.4390384167
17	39	265.714285714	9.54925173073
18	39	7371.92063492	3693.89388174
19	39	5414.25396825	1587.13725483
20	39	5772.12698413	1830.51290836
21	39	5912.19047619	1992.34354991
22	39	6119.82539683	1715.58823768
23	39	6866.07936508	2118.54268795
24	39	333.73015873	39.8717015252
25	39	328.396825397	32.8012483708
26	39	342.523809524	44.9666038839
27	39	356.777777778	55.0755453595
28	39	330.047619048	33.0998626437
29	39	345.428571429	45.7899671155
30	39	421.047619048	161.361118089
31	39	394.476190476	126.700854677
32	39	361.777777778	97.419473371
33	39	447.698412698	218.810974081
34	39	450.444444444	178.685125004
35	39	432.587301587	133.621193419
36	39	396.698412698	93.7068435983
37	39	373.222222222	59.4707996761
38	39	366.634920635	49.8812245071
39	39	-1	0
40	39	534.380952381	150.093032374
41	39	430.285714286	95.2314521493
42	39	264.365079365	4.13003550199
43	39	264.619047619	5.55614509344
44	39	266.158730159	6.22388218868
45	39	265.349206349	5.52959922816
46	39	265.26984127	5.63775917774
47	39	267.063492063	6.34928571379
0	40	315.73015873	12.3727893317
1	40	313.253968254	10.3386595397
2	40	312.285714286	12.0480895824
3	40	310.73015873	10.7676858565
4	40	314.476190476	10.7583222018
5	40	314.142857143	9.80906147778
6	40	264.095238095	9.38034805885
7	40	262.031746032	7.50654371456
8	40	264.19047619	8.42682252504
9	40	263.111111111	10.2401499107
10	40	264.761904762	9.19232648534
11	40	262.746031746	7.14246912526
12	40	266.492063492	12.2835197581
13	40	263.301587302	9.58443665804
14	40	262.920634921	12.1971914375
15	40	262.333333333	9.88986975695
16	40	267.031746032	10.0110546104
17	40	260.476190476	33.3713388779
18	40	8479.44444444	3707.04285423
19	40	5914.25396825	1709.62010974
20	40	5820.23809524	1987.46621586
21	40	6157.92063492	1730.96320834
22	40	6434.96825397	1352.95782931
23	40	7618.44444444	2285.76436299
24	40	335.793650794	38.5211377678
25	40	349.095238095	50.9140933137
26	40	352.111111111	53.5635244022
27	40	373.285714286	67.6241782091
28	40	327.126984127	26.1385150739
29	40	345.031746032	50.5330218152
30	40	448.285714286	183.748312038
31	40	499.031746032	195.090696715
32	40	395.285714286	135.432924717
33	40	438.301587302	184.963714581
34	40	445.206349206	176.523676071
35	40	448.73015873	146.769034227
36	40	459.952380952	125.509808454
37	40	510.857142857	136.406122977
38	40	502.015873016	151.352683057
39	40	507.428571429	157.055314721
40	40	-1	0
41	40	657.857142857	211.470276882
42	40	263.222222222	3.6097066866
43	40	263.396825397	3.72694897363
44	40	264.523809524	5.54020555133
45	40	264.857142857	6.49262620296
46	40	266.53968254	5.60279237871
47	40	266.777777778	5.12833536668
0	41	317.587301587	13.761730835
1	41	312.936507937	10.3477211905
2	41	318.746031746	11.0711526392
3	41	313.396825397	9.68805463549
4	41	312.46031746	8.97938626394
5	41	315.507936508	9.65742253542
6	41	262.968253968	10.0837260907
7	41	261.079365079	9.71384478717
8	41	263.126984127	7.4822373012
9	41	263.53968254	8.99175177033
10	41	265.492063492	9.56161807365
11	41	261.0	9.53689577129
12	41	264.46031746	9.98860524898
13	41	261.761904762	9.00037792101
14	41	265.063492063	7.28963825582
15	41	266.126984127	9.74026508471
16	41	265.063492063	11.8721670183
17	41	261.793650794	10.0192809839
18	41	7477.20634921	3232.72228472
19	41	6672.36507937	1771.45970033
20	41	6006.11111111	1912.0050318
21	41	6381.17460317	1873.89666619
22	41	5655.61904762	2234.90322527
23	41	7985.53968254	2953.72881812
24	41	338.777777778	39.6073764352
25	41	339.936507937	35.1698251869
26	41	363.222222222	68.9399196551
27	41	332.603174603	36.4628707359
28	41	334.380952381	39.045934923
29	41	364.746031746	69.4997929091
30	41	450.031746032	195.083862167
31	41	412.841269841	141.097760363
32	41	520.634920635	226.860442492
33	41	465.428571429	209.13106047
34	41	558.603174603	253.357300851
35	41	442.507936508	180.864754612
36	41	724.142857143	268.187381611
37	41	614.714285714	169.625959058
38	41	715.444444444	244.144231232
39	41	691.857142857	205.16975992
40	41	714.015873016	242.268412871
41	41	-1	0
42	41	263.46031746	3.79149171475
43	41	264.507936508	3.76648973825
44	41	266.666666667	4.82059075613
45	41	266.777777778	5.99853009626
46	41	266.714285714	5.02826478141
47	41	267.634920635	5.77158223554
0	42	313.682539683	10.4483998879
1	42	311.396825397	7.35179425792
2	42	313.80952381	10.6738921106
3	42	311.26984127	7.83400473152
4	42	311.650793651	9.50214467046
5	42	312.80952381	10.1603917292
6	42	258.380952381	8.92904760635
7	42	258.666666667	7.61785704984
8	42	256.158730159	6.81549669598
9	42	259.015873016	10.3961104807
10	42	254.333333333	8.83355794863
11	42	255.26984127	7.80558682541
12	42	265.761904762	9.86208755665
13	42	266.349206349	8.66512574242
14	42	267.682539683	9.88156114654
15	42	266.380952381	9.37139953538
16	42	266.507936508	11.0192803842
17	42	267.428571429	10.0454748333
18	42	8476.50793651	3570.10343487
19	42	6061.11111111	1636.60140604
20	42	6346.58730159	1822.11492881
21	42	5800.77777778	2094.66874636
22	42	6146.74603175	1851.59682238
23	42	7053.85714286	2709.92597484
24	42	334.412698413	41.698705747
25	42	336.333333333	51.4858587458
26	42	335.428571429	46.9470198813
27	42	356.571428571	58.219266512
28	42	326.111111111	32.2653242101
29	42	336.26984127	44.6030842229
30	42	397.523809524	145.283178015
31	42	478.666666667	227.467841788
32	42	386.73015873	128.784698681
33	42	408.619047619	164.890481072
34	42	482.015873016	191.937778614
35	42	439.253968254	206.763262238
36	42	1055.98412698	309.457820398
37	42	982.555555556	294.346236991
38	42	1048.6984127	320.421529651
39	42	1041.36507937	313.96012797
40	42	1195.68253968	348.293792488
41	42	1072.0952381	312.568555745
42	42	-1	0
43	42	262.761904762	5.82200065355
44	42	265.73015873	6.04534807171
45	42	264.698412698	6.19942373317
46	42	266.333333333	6.05530070819
47	42	266.015873016	6.52587539221
0	43	312.888888889	9.65452622055
1	43	307.873015873	39.4113399455
2	43	315.285714286	10.2142579642
3	43	313.079365079	9.2878168831
4	43	311.492063492	8.21897343428
5	43	317.714285714	11.3912087677
6	43	258.793650794	9.19136711969
7	43	256.428571429	6.70397722681
8	43	257.126984127	7.67285891441
9	43	258.761904762	9.45786694586
10	43	259.523809524	8.16663195883
11	43	258.095238095	8.83124734707
12	43	270.015873016	10.9174275467
13	43	267.634920635	10.4110771096
14	43	265.142857143	7.79470138071
15	43	267.222222222	7.15462874802
16	43	267.26984127	9.13428279598
17	43	267.365079365	8.78545259931
18	43	8070.9047619	2796.12206352
19	43	6398.44444444	2329.72561759
20	43	5078.58730159	2148.57330024
21	43	6117.58730159	2153.49749953
22	43	6565.03174603	1913.12587201
23	43	7213.6984127	3835.1027454
24	43	339.19047619	42.2959554308
25	43	334.317460317	38.2235801056
26	43	346.238095238	56.933186764
27	43	344.0	61.3209097148
28	43	333.476190476	42.613753329
29	43	350.555555556	60.7609883661
30	43	579.19047619	285.854100711
31	43	573.555555556	286.279404965
32	43	628.603174603	310.18594217
33	43	579.857142857	303.23168664
34	43	651.619047619	317.166043768
35	43	619.444444444	292.647725701
36	43	1057.22222222	372.421780195
37	43	1023.19047619	371.921217854
38	43	1193.11111111	397.403401904
39	43	1130.57142857	320.923801186
40	43	1170.55555556	382.688226445
41	43	1086.38095238	322.810545872
42	43	266.666666667	5.98145281498
43	43	-1	0
44	43	286.476190476	46.2532219874
45	43	288.365079365	51.7626762597
46	43	274.523809524	22.3200793243
47	43	293.777777778	63.9953977622
0	44	982.571428571	112.506185267
1	44	941.015873016	87.7399642999
2	44	995.428571429	105.61410955
3	44	953.222222222	76.985969541
4	44	899.746031746	82.6370853859
5	44	928.904761905	70.8218678196
6	44	2080.50793651	245.582099098
7	44	1894.88888889	237.334611494
8	44	1930.61904762	199.466067335
9	44	1969.17460317	225.890585938
10	44	1999.82539683	261.311620799
11	44	1828.22222222	512.336088986
12	44	2766.87301587	702.966672471
13	44	2737.33333333	283.362967638
14	44	2711.0	309.220987398
15	44	2701.07936508	337.046758641
16	44	3061.50793651	580.805102765
17	44	2772.73015873	343.849644437
18	44	13012.7619048	3764.31803606
19	44	9617.6984127	1908.13070361
20	44	9238.55555556	2638.98619169
21	44	9219.63492063	3000.34704501
22	44	9167.20634921	1881.05061963
23	44	14032.8253968	4631.61038037
24	44	1028.41269841	112.110154861
25	44	1007.19047619	109.29497834
26	44	1043.65079365	130.116206759
27	44	1049.65079365	143.982049006
28	44	1013.25396825	121.430621416
29	44	1037.36507937	210.843905369
30	44	3156.80952381	624.131672543
31	44	2860.3968254	627.705535546
32	44	3013.65079365	589.263709492
33	44	2998.85714286	648.863691928
34	44	3652.23809524	998.571212844
35	44	3051.55555556	697.920648097
36	44	1874.66666667	330.226954184
37	44	1889.03174603	362.599913686
38	44	2085.22222222	446.002293554
39	44	1806.26984127	323.454233967
40	44	1941.96825397	421.510020527
41	44	1803.25396825	311.486246136
42	44	2281.50793651	381.744611422
43	44	2236.6984127	361.378166034
44	44	-1	0
45	44	3470.3015873	1096.11802219
46	44	2990.93650794	605.696735711
47	44	3027.38095238	700.076014661
0	45	980.26984127	170.283256673
1	45	922.80952381	89.4717933991
2	45	977.714285714	110.316921319
3	45	897.46031746	145.588005938
4	45	964.380952381	74.0305446552
5	45	931.126984127	84.8210987648
6	45	2056.84126984	238.026889661
7	45	1984.95238095	197.067745065
8	45	1960.12698413	172.347792712
9	45	2260.47619048	532.328424021
10	45	2047.74603175	209.067921541
11	45	1901.46031746	179.466212534
12	45	3032.31746032	704.954097918
13	45	2730.85714286	346.045866175
14	45	2657.61904762	352.282508772
15	45	2629.65079365	279.635202199
16	45	3001.66666667	729.888880432
17	45	2716.12698413	303.987859619
18	45	12917.2222222	4313.74010169
19	45	9653.58730159	1998.68163401
20	45	9748.07936508	1918.96814453
21	45	10051.8888889	2075.92873162
22	45	9803.0952381	1881.36853865
23	45	13904.8095238	4506.53890653
24	45	966.26984127	88.5834207049
25	45	1012.33333333	175.861958852
26	45	1072.03174603	140.116841068
27	45	1060.58730159	164.009062363
28	45	988.444444444	113.653857368
29	45	1074.96825397	164.344968993
30	45	3309.6031746	771.215049162
31	45	3108.61904762	546.235120856
32	45	3195.04761905	550.646645219
33	45	3091.22222222	619.489534981
34	45	4109.55555556	1471.32308212
35	45	3158.68253968	603.36868682
36	45	1805.82539683	310.760640788
37	45	1859.20634921	321.24283248
38	45	2136.07936508	449.341928051
39	45	1864.58730159	305.697258422
40	45	2071.58730159	554.902984082
41	45	1912.20634921	261.343789801
42	45	2768.15873016	567.319825432
43	45	2874.96825397	622.224987846
44	45	2847.47619048	629.560059471
45	45	-1	0
46	45	4111.44444444	1043.1967015
47	45	4304.98412698	1007.73547001
0	46	1004.20634921	171.557492675
1	46	920.952380952	87.2110063994
2	46	945.936507937	154.114868829
3	46	919.380952381	86.709042492
4	46	939.047619048	83.8782997026
5	46	924.936507937	89.7152237114
6	46	2329.55555556	543.189749587
7	46	1966.85714286	228.424407082
8	46	1945.3968254	204.392443845
9	46	2299.63492063	595.158250306
10	46	2027.19047619	212.622615018
11	46	1949.22222222	175.05295747
12	46	4037.15873016	1209.00800484
13	46	2661.3015873	331.933376128
14	46	2682.66666667	367.297941429
15	46	2641.84126984	363.889840576
16	46	3161.71428571	843.28526926
17	46	2757.88888889	325.314895609
18	46	13191.6984127	4354.24116413
19	46	8974.15873016	1832.07864604
20	46	9476.3015873	2193.77405208
21	46	9390.20634921	1897.52261344
22	46	9995.52380952	1773.32460486
23	46	15206.4444444	4317.51398846
24	46	984.349206349	94.8663485472
25	46	1003.84126984	119.884495516
26	46	1156.73015873	296.617502954
27	46	1116.20634921	235.812150065
28	46	975.920634921	151.97350454
29	46	1149.38095238	324.346983933
30	46	3191.33333333	757.183188504
31	46	3189.46031746	615.184469054
32	46	3008.76190476	494.123168062
33	46	3299.85714286	634.313648749
34	46	4373.58730159	1660.9044642
35	46	3221.23809524	602.066328527
36	46	1910.52380952	286.599984334
37	46	1829.49206349	295.516382755
38	46	2048.74603175	450.7891482
39	46	1871.33333333	334.305629579
40	46	2288.66666667	563.550958246
41	46	1913.42857143	306.422817869
42	46	4426.77777778	857.063766486
43	46	3844.04761905	769.217194926
44	46	4226.73015873	994.721947371
45	46	5137.9047619	1651.34325039
46	46	-1	0
47	46	5578.28571429	999.789683099
0	47	1060.31746032	249.612641201
1	47	974.476190476	84.5114544961
2	47	1078.65079365	183.921408227
3	47	923.571428571	79.6254554268
4	47	935.317460317	92.0937799111
5	47	951.174603175	82.972464295
6	47	2303.6031746	582.357647697
7	47	1962.06349206	206.095745435
8	47	1930.25396825	224.08267807
9	47	2263.41269841	518.67889675
10	47	2083.74603175	259.874693141
11	47	1934.87301587	163.393525553
12	47	3140.61904762	761.065698697
13	47	2771.76190476	384.78696288
14	47	2696.23809524	300.883498748
15	47	2558.84126984	342.339811055
16	47	3387.34920635	1040.45114084
17	47	2680.36507937	367.713842399
18	47	13580.0952381	4543.65948141
19	47	9638.25396825	2036.71015438
20	47	8923.92063492	1731.96004483
21	47	9806.71428571	1877.56121307
22	47	9365.07936508	2443.14764643
23	47	15322.4761905	5571.71911534
24	47	958.841269841	160.755775166
25	47	1038.20634921	116.273099256
26	47	1200.85714286	309.845115283
27	47	1145.50793651	250.243111826
28	47	1001.61904762	84.0287986482
29	47	1208.82539683	335.354280312
30	47	3155.49206349	679.495958688
31	47	3139.26984127	636.646601687
32	47	3263.46031746	708.05516836
33	47	3189.25396825	531.237129615
34	47	4050.88888889	1155.58618549
35	47	3192.28571429	718.135912073
36	47	1901.17460317	306.757881863
37	47	1870.82539683	317.348966186
38	47	2236.55555556	643.599396691
39	47	1900.47619048	395.647624894
40	47	2622.9047619	862.082044383
41	47	1832.76190476	379.135345197
42	47	5587.84126984	1245.50940947
43	47	5446.77777778	1150.73231955
44	47	5343.57142857	1055.56810423
45	47	7653.88888889	2374.11158395
46	47	5998.0	1171.06536762
47	47	-1	0
