
0 1 367.3 18.1 304.0 429.0 368.0
0 2 363.1 20.6 299.0 425.0 364.0
0 3 366.4 20.8 301.0 428.0 367.0
0 4 362.2 23.7 297.0 421.0 366.0
0 5 364.3 19.2 302.0 423.0 365.0
0 6 470.9 14.9 420.0 516.0 469.0
0 7 463.1 15.7 407.0 519.0 465.0
0 8 462.9 16.1 405.0 514.0 465.0
0 9 462.8 12.0 416.0 507.0 463.0
0 10 462.2 17.2 408.0 515.0 464.5
0 11 461.3 17.9 406.0 514.0 465.0
0 12 386.0 20.5 362.0 431.0 382.0
0 13 378.1 15.9 362.0 420.0 370.0
0 14 376.5 13.2 362.0 414.0 370.0
0 15 385.3 18.5 362.0 426.0 383.0
0 16 385.2 19.1 362.0 421.0 381.0
0 17 381.4 16.1 362.0 426.0 379.0
0 18 515.2 16.3 451.0 573.0 518.0
0 19 516.2 14.6 454.0 563.0 520.0
0 20 515.9 16.4 450.0 578.0 520.0
0 21 518.1 10.7 463.0 569.0 519.0
0 22 515.5 15.9 450.0 561.0 519.0
0 23 514.4 17.4 448.0 562.0 519.0
1 0 361.7 25.6 298.0 424.0 367.0
1 2 369.5 19.7 304.0 431.0 370.0
1 3 363.9 23.1 297.0 429.0 364.5
1 4 364.0 19.7 297.0 424.0 367.0
1 5 367.4 16.2 303.0 429.0 366.0
1 6 420.7 27.8 352.0 493.0 409.0
1 7 464.0 12.8 416.0 510.0 465.0
1 8 463.8 16.4 408.0 519.0 465.0
1 9 464.4 13.9 416.0 512.0 466.0
1 10 464.8 16.1 408.0 520.0 466.0
1 11 463.0 17.2 407.0 516.0 465.0
1 12 384.2 19.1 363.0 424.0 378.0
1 13 383.4 18.3 362.0 423.0 376.0
1 14 375.5 11.8 362.0 409.0 370.0
1 15 386.4 19.1 361.0 430.0 383.5
1 16 383.5 16.9 362.0 423.0 382.0
1 17 386.2 18.9 362.0 427.0 384.0
1 18 515.5 16.0 452.0 572.0 519.0
1 19 517.7 14.6 457.0 578.0 520.0
1 20 518.2 6.4 500.0 537.0 520.0
1 21 517.4 14.8 454.0 580.0 519.0
1 22 518.9 13.6 457.0 573.0 522.0
1 23 516.8 14.7 454.0 577.0 519.0
2 0 366.2 20.2 302.0 427.0 367.0
2 1 360.3 21.7 302.0 417.0 365.0
2 3 366.4 23.1 302.0 430.0 366.0
2 4 362.3 25.3 299.0 424.0 369.0
2 5 365.3 18.1 301.0 430.0 365.0
2 6 428.4 32.8 370.0 499.0 412.0
2 7 462.6 10.8 420.0 500.0 463.0
2 8 464.1 15.8 410.0 516.0 466.0
2 9 462.0 14.2 411.0 510.0 464.0
2 10 464.3 16.1 412.0 516.0 465.0
2 11 465.3 14.6 414.0 517.0 466.0
2 12 375.9 11.5 361.0 407.0 370.0
2 13 383.3 18.0 362.0 421.0 377.0
2 14 384.5 19.0 361.0 423.0 382.0
2 15 381.9 17.9 363.0 423.0 372.0
2 16 383.8 18.8 362.0 422.0 376.0
2 17 387.3 18.5 362.0 422.0 384.0
2 18 517.8 14.3 457.0 576.0 520.0
2 19 518.2 12.9 457.0 572.0 521.0
2 20 515.1 17.4 452.0 577.0 519.0
2 21 517.0 13.8 455.0 574.0 519.0
2 22 518.7 9.8 474.0 558.0 520.0
2 23 517.1 14.7 456.0 578.0 519.0
3 0 366.3 18.3 303.0 427.0 366.0
3 1 370.0 10.5 328.0 411.0 369.0
3 2 363.5 23.2 300.0 421.0 367.0
3 4 363.5 24.3 301.0 425.0 368.0
3 5 363.1 22.6 299.0 422.0 367.0
3 6 418.8 25.2 353.0 497.0 411.0
3 7 463.0 16.5 409.0 516.0 465.0
3 8 463.7 13.5 415.0 511.0 464.0
3 9 464.2 14.6 414.0 512.0 465.0
3 10 463.2 15.7 411.0 514.0 464.0
3 11 463.4 13.5 416.0 508.0 465.0
3 12 376.8 14.3 361.0 419.0 370.0
3 13 385.3 18.2 362.0 421.0 385.0
3 14 384.6 19.6 363.0 424.0 378.0
3 15 382.2 18.4 362.0 422.0 372.0
3 16 378.4 14.3 361.0 417.0 371.0
3 17 385.7 19.2 362.0 425.0 383.0
3 18 517.6 11.6 456.0 562.0 519.0
3 19 517.9 13.4 456.0 574.0 519.0
3 20 516.1 16.1 451.0 563.0 519.0
3 21 516.6 15.6 453.0 576.0 520.0
3 22 518.6 12.6 458.0 562.0 520.0
3 23 518.0 12.9 456.0 577.0 520.0
4 0 364.9 21.2 302.0 425.0 366.0
4 1 362.4 25.7 299.0 424.0 369.0
4 2 369.9 19.9 307.0 430.0 369.0
4 3 362.2 23.0 300.0 419.0 366.0
4 5 364.6 22.9 300.0 422.0 368.0
4 6 419.1 27.2 345.0 497.0 410.0
4 7 462.9 16.3 407.0 517.0 465.0
4 8 461.9 16.6 406.0 514.0 464.0
4 9 462.1 15.2 408.0 516.0 464.0
4 10 463.0 17.9 406.0 519.0 465.0
4 11 463.7 14.1 410.0 517.0 465.0
4 12 384.1 16.9 362.0 420.0 384.0
4 13 384.1 20.0 362.0 442.0 377.0
4 14 382.2 17.3 362.0 421.0 377.0
4 15 383.5 19.5 362.0 429.0 377.0
4 16 384.0 17.2 362.0 423.0 383.0
4 17 378.7 15.6 363.0 420.0 371.0
4 18 516.6 15.6 453.0 569.0 519.0
4 19 513.4 18.7 449.0 565.0 519.0
4 20 514.9 16.3 450.0 571.0 518.0
4 21 515.4 15.7 454.0 563.0 518.0
4 22 516.7 15.2 454.0 568.0 519.0
4 23 517.7 11.8 456.0 565.0 520.0
5 0 369.0 14.7 314.0 424.0 368.0
5 1 366.0 17.3 302.0 424.0 366.0
5 2 367.1 12.8 314.0 421.0 366.0
5 3 367.2 20.5 302.0 427.0 369.0
5 4 369.2 20.9 299.0 435.0 369.0
5 6 423.6 28.6 368.0 498.0 412.0
5 7 464.2 15.2 409.0 519.0 465.0
5 8 462.2 16.7 407.0 514.0 465.0
5 9 466.7 15.4 415.0 519.0 467.0
5 10 465.2 13.5 415.0 514.0 465.0
5 11 464.2 16.7 408.0 520.0 465.0
5 12 385.0 19.2 363.0 428.0 380.0
5 13 383.0 17.3 362.0 423.0 380.0
5 14 378.1 15.0 363.0 419.0 371.0
5 15 376.9 13.2 362.0 413.0 370.0
5 16 377.6 13.9 360.0 417.0 370.0
5 17 383.4 18.9 363.0 426.0 372.0
5 18 517.2 6.8 495.0 540.0 518.0
5 19 516.6 14.5 455.0 576.0 519.5
5 20 515.4 15.4 454.0 574.0 518.0
5 21 514.0 17.4 449.0 574.0 518.0
5 22 514.9 18.1 450.0 571.0 519.0
5 23 517.1 13.6 456.0 576.0 519.0
6 0 369.7 28.5 317.0 423.0 376.0
6 1 366.3 26.3 318.0 414.0 376.0
6 2 368.2 26.4 320.0 417.0 376.0
6 3 371.8 26.5 323.0 420.0 380.0
6 4 375.0 26.3 318.0 433.0 379.0
6 5 364.7 24.1 318.0 411.0 375.0
6 7 353.4 17.6 289.0 412.0 352.0
6 8 351.5 20.8 279.0 420.0 352.0
6 9 355.1 17.8 289.0 419.0 353.0
6 10 352.2 18.3 285.0 418.0 352.0
6 11 355.3 14.2 297.0 410.0 352.0
6 12 405.2 6.0 387.0 424.0 404.0
6 13 405.2 6.5 392.0 426.0 404.0
6 14 405.8 7.0 384.0 428.0 404.0
6 15 406.1 7.1 388.0 427.0 404.0
6 16 406.1 6.7 393.0 428.0 404.0
6 17 405.3 6.7 385.0 427.0 403.0
6 18 389.0 15.7 328.0 449.0 387.0
6 19 377.1 24.4 308.0 445.0 384.0
6 20 387.5 20.9 316.0 452.0 390.0
6 21 390.4 13.5 333.0 448.0 391.0
6 22 385.0 22.6 316.0 447.0 387.0
6 23 382.5 24.4 314.0 448.0 387.0
7 0 371.2 21.1 312.0 429.0 376.0
7 1 368.8 23.8 309.0 428.0 374.0
7 2 372.4 24.8 306.0 437.0 376.0
7 3 373.3 22.1 313.0 433.0 376.0
7 4 375.0 22.3 316.0 432.0 378.0
7 5 371.8 23.4 310.0 433.0 376.0
7 6 351.5 8.9 308.0 394.0 350.0
7 8 313.3 33.7 242.0 391.0 296.0
7 9 312.8 32.3 238.0 391.0 297.0
7 10 306.7 32.0 223.0 392.0 295.0
7 11 314.4 33.4 247.0 397.0 298.0
7 12 411.0 18.0 379.0 445.0 407.0
7 13 416.8 20.6 381.0 452.0 426.0
7 14 413.8 17.4 382.0 445.0 413.0
7 15 413.8 18.1 381.0 447.0 411.5
7 16 412.7 18.7 379.0 446.0 409.0
7 17 414.0 18.5 378.0 449.0 413.0
7 18 366.7 26.1 308.0 424.0 376.0
7 19 370.5 26.4 314.0 427.0 379.0
7 20 371.1 26.2 313.0 428.0 380.0
7 21 364.7 26.9 306.0 418.0 375.0
7 22 369.9 26.0 311.0 427.0 379.0
7 23 370.1 26.0 311.0 427.0 378.0
8 0 375.0 22.7 311.0 438.0 378.0
8 1 376.7 23.5 314.0 439.0 380.0
8 2 371.8 22.5 313.0 430.0 376.0
8 3 375.5 18.1 319.0 431.0 377.0
8 4 370.7 22.6 312.0 428.0 375.0
8 5 376.5 20.5 316.0 436.0 378.0
8 6 351.9 7.8 312.0 395.0 351.0
8 7 302.0 25.8 245.0 379.0 294.0
8 9 307.6 29.2 246.0 386.0 297.0
8 10 309.8 30.4 239.0 383.0 297.0
8 11 301.9 23.0 235.0 372.0 296.0
8 12 409.3 19.8 377.0 443.0 405.0
8 13 416.3 20.1 384.0 448.0 425.0
8 14 417.0 17.9 384.0 449.0 420.0
8 15 417.7 19.9 382.0 452.0 426.0
8 16 417.5 19.6 383.0 450.0 425.0
8 17 415.2 17.7 383.0 447.0 416.0
8 18 367.6 25.0 314.0 419.0 375.0
8 19 371.3 26.1 316.0 427.0 379.0
8 20 369.6 26.0 310.0 429.0 377.0
8 21 369.5 25.9 311.0 426.0 378.0
8 22 368.9 26.2 312.0 422.0 379.0
8 23 370.3 25.0 314.0 426.0 378.0
9 0 373.7 23.0 315.0 431.0 377.0
9 1 373.3 20.9 317.0 428.0 377.0
9 2 374.9 21.4 315.0 434.0 375.0
9 3 370.7 22.3 312.0 428.0 375.0
9 4 372.3 20.7 316.0 426.0 376.0
9 5 374.3 20.8 315.0 429.0 377.0
9 6 352.8 9.7 299.0 406.0 352.0
9 7 306.6 26.8 240.0 379.0 298.0
9 8 300.3 25.3 215.0 385.0 293.0
9 10 303.4 25.8 237.0 380.0 295.0
9 11 311.4 29.7 248.0 382.0 299.0
9 12 416.3 17.1 383.0 449.0 418.0
9 13 413.9 18.3 379.0 448.0 416.0
9 14 416.3 20.5 382.0 450.0 426.0
9 15 414.3 17.7 383.0 446.0 412.5
9 16 415.3 17.9 381.0 449.0 418.0
9 17 414.1 18.6 381.0 446.0 412.0
9 18 369.8 24.8 314.0 425.0 377.0
9 19 366.1 26.2 309.0 419.0 375.0
9 20 377.5 17.1 322.0 420.0 380.5
9 21 366.9 25.1 313.0 420.0 376.0
9 22 366.9 26.9 312.0 421.0 376.0
9 23 365.5 28.1 301.0 424.0 376.0
10 0 371.2 24.0 311.0 430.0 376.0
10 1 375.1 20.9 315.0 432.0 377.0
10 2 372.4 22.4 313.0 430.0 376.0
10 3 372.2 22.9 312.0 430.0 376.0
10 4 374.5 22.1 309.0 439.0 377.0
10 5 372.7 22.9 310.0 435.0 376.0
10 6 353.2 7.4 320.0 386.0 353.0
10 7 307.8 29.4 238.0 391.0 297.0
10 8 308.6 29.4 244.0 384.0 296.0
10 9 311.6 31.1 248.0 388.0 297.0
10 11 311.8 30.5 246.0 394.0 299.0
10 12 416.4 20.8 378.0 457.0 424.0
10 13 412.1 17.9 381.0 444.0 409.0
10 14 413.0 18.9 379.0 447.0 413.0
10 15 414.2 18.9 379.0 452.0 413.0
10 16 412.0 17.8 379.0 446.0 409.0
10 17 413.5 19.3 379.0 449.0 410.0
10 18 368.2 26.3 312.0 424.0 377.0
10 19 369.0 26.3 311.0 425.0 377.0
10 20 369.4 26.6 311.0 425.0 378.0
10 21 371.2 25.5 312.0 428.0 378.0
10 22 375.9 18.2 319.0 429.0 379.0
10 23 367.8 26.3 308.0 424.0 375.0
11 0 372.8 23.7 310.0 436.0 376.0
11 1 370.9 22.0 311.0 430.0 374.0
11 2 373.0 18.0 321.0 423.0 376.0
11 3 373.5 22.3 313.0 432.0 377.0
11 4 377.3 14.4 324.0 429.0 376.0
11 5 373.8 21.4 316.0 432.0 376.0
11 6 350.5 6.8 321.0 382.0 350.0
11 7 302.8 24.3 248.0 382.0 295.0
11 8 306.9 28.9 224.0 391.0 298.0
11 9 305.9 27.9 228.0 392.0 296.0
11 10 299.5 21.1 240.0 374.0 294.0
11 12 413.0 18.0 379.0 447.0 413.0
11 13 414.4 18.7 378.0 450.0 416.0
11 14 413.2 17.7 379.0 448.0 412.0
11 15 416.2 18.0 381.0 452.0 416.0
11 16 411.5 18.8 379.0 448.0 410.0
11 17 416.2 18.0 382.0 450.0 416.0
11 18 371.1 24.9 310.0 420.0 379.0
11 19 368.9 24.4 309.0 427.0 376.0
11 20 367.2 26.4 310.0 423.0 376.0
11 21 367.6 26.2 311.0 423.0 376.0
11 22 367.1 26.5 311.0 423.0 377.0
11 23 371.8 25.1 311.0 433.0 380.0
12 0 504.7 11.8 448.0 557.0 506.0
12 1 501.4 17.6 437.0 559.0 504.0
12 2 504.0 11.7 449.0 558.0 505.0
12 3 499.3 19.5 435.0 556.0 504.0
12 4 503.7 11.3 454.0 551.0 504.0
12 5 502.7 15.5 440.0 558.0 504.0
12 6 603.6 19.4 552.0 652.0 605.0
12 7 588.4 19.3 532.0 644.0 590.0
12 8 590.3 20.2 533.0 647.0 592.0
12 9 589.8 19.2 535.0 644.0 591.5
12 10 590.4 17.9 534.0 644.0 591.0
12 11 588.8 21.7 530.0 647.0 591.0
12 13 364.9 20.1 325.0 421.0 359.0
12 14 360.4 15.2 333.0 406.0 356.0
12 15 361.2 16.0 333.0 409.0 355.0
12 16 367.9 21.4 331.0 415.0 361.0
12 17 365.2 17.8 332.0 410.0 361.0
12 18 498.7 18.5 433.0 559.0 501.0
12 19 499.4 18.2 435.0 561.0 501.0
12 20 498.1 19.0 432.0 562.0 501.0
12 21 502.5 11.0 461.0 544.0 501.0
12 22 502.2 14.1 440.0 564.0 501.0
12 23 499.7 16.4 435.0 563.0 501.0
13 0 500.0 18.8 435.0 556.0 504.0
13 1 499.7 17.6 436.0 558.0 501.0
13 2 500.2 17.7 436.0 552.0 505.0
13 3 501.0 15.5 437.0 559.0 503.0
13 4 503.6 11.8 447.0 554.0 505.0
13 5 502.2 16.4 438.0 559.0 505.0
13 6 602.7 21.9 550.0 656.0 605.0
13 7 589.3 19.3 531.0 645.0 591.0
13 8 591.0 18.4 532.0 649.0 591.0
13 9 591.3 16.7 538.0 645.0 592.0
13 10 589.1 17.9 535.0 642.0 590.0
13 11 592.2 16.7 536.0 648.0 593.0
13 12 364.4 17.9 333.0 409.0 361.0
13 14 359.9 16.3 331.0 408.0 353.0
13 15 362.1 16.5 332.0 406.0 357.0
13 16 365.3 17.3 336.0 408.0 362.0
13 17 365.2 17.0 334.0 412.0 363.0
13 18 502.5 10.3 451.0 553.0 503.0
13 19 498.5 19.4 431.0 565.0 500.0
13 20 501.2 15.9 437.0 561.0 502.5
13 21 498.0 20.9 431.0 558.0 502.0
13 22 498.3 20.3 431.0 560.0 501.0
13 23 502.8 10.8 462.0 547.0 502.0
14 0 502.3 15.0 441.0 562.0 504.0
14 1 501.6 7.7 470.0 533.0 503.0
14 2 501.8 15.2 441.0 561.0 504.0
14 3 500.9 16.0 438.0 559.0 504.0
14 4 503.8 14.8 442.0 565.0 505.0
14 5 501.9 16.8 438.0 560.0 505.0
14 6 599.6 22.7 548.0 650.0 604.0
14 7 590.3 18.4 533.0 648.0 590.0
14 8 587.6 22.0 531.0 643.0 591.0
14 9 591.8 15.9 539.0 643.0 591.0
14 10 591.3 17.8 537.0 643.0 592.0
14 11 588.3 20.4 533.0 640.0 591.0
14 12 372.7 22.3 330.0 418.0 367.0
14 13 361.2 17.6 332.0 411.0 355.0
14 15 366.9 21.4 333.0 417.0 358.5
14 16 369.3 20.6 330.0 419.0 365.0
14 17 365.1 18.7 328.0 410.0 359.0
14 18 499.5 18.1 435.0 561.0 501.0
14 19 498.9 19.5 434.0 564.0 501.0
14 20 497.4 19.5 432.0 562.0 500.0
14 21 499.3 18.3 435.0 560.0 502.0
14 22 502.6 10.0 460.0 546.0 502.0
14 23 500.2 16.9 436.0 562.0 501.0
15 0 504.0 10.6 462.0 547.0 504.0
15 1 501.7 15.3 438.0 564.0 504.0
15 2 501.2 14.3 440.0 561.0 503.0
15 3 502.3 14.8 444.0 558.0 504.0
15 4 503.8 10.5 451.0 557.0 504.0
15 5 502.6 14.4 442.0 562.0 504.5
15 6 598.9 23.5 547.0 650.0 603.0
15 7 589.3 16.7 533.0 641.0 591.0
15 8 588.8 18.7 532.0 643.0 590.0
15 9 589.0 19.2 534.0 641.0 591.0
15 10 591.0 17.4 536.0 643.0 592.0
15 11 590.3 17.1 534.0 647.0 591.0
15 12 362.5 17.7 323.0 410.0 360.0
15 13 364.3 17.2 333.0 415.0 360.0
15 14 367.5 19.4 330.0 411.0 364.0
15 16 366.2 18.0 331.0 414.0 363.5
15 17 365.7 19.0 331.0 412.0 361.5
15 18 501.1 11.3 444.0 552.0 501.0
15 19 496.9 19.1 433.0 555.0 500.0
15 20 498.9 16.6 436.0 556.0 501.0
15 21 501.1 17.3 436.0 563.0 503.0
15 22 498.7 16.3 436.0 561.0 500.0
15 23 497.6 20.6 431.0 562.0 501.0
16 0 501.8 17.7 437.0 563.0 505.0
16 1 502.4 16.1 440.0 564.0 505.0
16 2 501.4 17.1 436.0 562.0 505.0
16 3 502.3 15.7 440.0 564.0 504.0
16 4 499.9 19.0 437.0 550.0 504.0
16 5 502.0 13.8 441.0 560.0 504.0
16 6 600.4 23.1 548.0 652.0 604.0
16 7 589.4 17.8 536.0 640.0 590.0
16 8 590.5 18.3 534.0 646.0 590.0
16 9 590.8 17.6 536.0 646.0 591.0
16 10 591.3 18.7 534.0 647.0 591.5
16 11 591.8 17.3 536.0 648.0 591.0
16 12 369.5 21.4 333.0 416.0 364.0
16 13 365.3 19.2 334.0 416.0 360.0
16 14 367.0 18.7 331.0 412.0 364.0
16 15 368.0 17.8 333.0 415.0 365.0
16 17 368.8 19.3 334.0 414.0 365.0
16 18 497.1 19.7 430.0 559.0 500.0
16 19 497.8 18.5 433.0 561.0 501.0
16 20 500.1 13.0 438.0 561.0 500.0
16 21 501.5 17.3 435.0 567.0 502.0
16 22 498.2 19.9 433.0 561.0 501.0
16 23 499.4 18.7 432.0 563.0 501.0
17 0 502.4 16.3 439.0 560.0 505.0
17 1 501.1 16.9 436.0 564.0 504.0
17 2 501.0 16.2 438.0 559.0 504.0
17 3 501.7 14.9 438.0 559.0 504.0
17 4 503.4 11.6 447.0 559.0 504.0
17 5 503.4 10.3 461.0 547.0 504.0
17 6 593.9 25.1 544.0 642.0 601.0
17 7 590.4 19.8 534.0 646.0 591.0
17 8 592.1 17.4 536.0 647.0 592.0
17 9 591.1 18.2 535.0 645.0 591.0
17 10 589.2 17.2 538.0 640.0 590.0
17 11 588.6 19.9 533.0 642.0 590.0
17 12 362.5 16.9 332.0 412.0 358.0
17 13 362.6 17.6 333.0 411.0 358.0
17 14 370.6 21.2 332.0 416.0 366.0
17 15 364.3 18.2 333.0 412.0 359.0
17 16 369.4 21.7 333.0 415.0 364.0
17 18 500.1 14.2 440.0 557.0 501.0
17 19 498.7 18.7 434.0 562.0 501.0
17 20 502.1 9.4 472.0 533.0 501.0
17 21 501.5 17.1 435.0 567.0 502.0
17 22 500.0 17.4 434.0 565.0 502.0
17 23 499.7 19.5 431.0 566.0 501.0
18 0 520.5 14.1 461.0 576.0 523.0
18 1 521.4 13.2 462.0 574.0 524.0
18 2 520.4 13.9 458.0 574.0 522.0
18 3 519.4 14.9 459.0 576.0 522.0
18 4 519.6 15.3 458.0 580.0 522.0
18 5 519.6 15.6 457.0 576.0 522.0
18 6 442.7 28.7 378.0 508.0 429.0
18 7 474.2 16.3 415.0 533.0 476.0
18 8 473.7 17.3 413.0 534.0 475.0
18 9 474.1 13.1 426.0 523.0 474.0
18 10 473.0 15.9 418.0 528.0 475.0
18 11 473.3 16.0 417.0 528.0 475.0
18 12 380.6 17.4 360.0 420.0 376.0
18 13 381.8 17.7 361.0 423.0 375.5
18 14 380.1 15.1 360.0 419.0 378.0
18 15 373.2 12.8 360.0 415.0 368.0
18 16 374.1 13.4 359.0 416.0 368.0
18 17 381.8 18.6 359.0 423.0 373.0
18 19 372.0 20.4 306.0 428.0 376.0
18 20 378.6 13.4 321.0 427.0 378.0
18 21 380.1 18.1 313.0 442.0 383.0
18 22 371.9 17.7 307.0 424.0 373.0
18 23 371.8 20.6 304.0 429.0 375.0
19 0 521.0 12.5 462.0 579.0 523.0
19 1 521.3 10.6 471.0 570.0 523.0
19 2 520.3 16.6 458.0 580.0 524.0
19 3 522.2 14.4 460.0 584.0 524.0
19 4 521.3 14.5 461.0 581.0 523.0
19 5 522.3 11.8 467.0 574.0 523.0
19 6 444.3 28.5 387.0 507.0 431.0
19 7 473.8 15.2 423.0 525.0 475.0
19 8 474.0 14.4 424.0 523.0 475.0
19 9 474.8 15.6 420.0 528.0 475.0
19 10 473.7 16.0 420.0 526.0 474.0
19 11 474.3 15.1 422.0 525.0 474.0
19 12 382.4 16.6 360.0 420.0 381.0
19 13 383.3 18.4 360.0 422.0 382.0
19 14 377.2 16.1 360.0 419.0 369.0
19 15 383.9 18.1 360.0 424.0 382.0
19 16 384.6 20.6 359.0 428.0 380.5
19 17 384.0 17.8 360.0 425.0 382.0
19 18 372.8 16.3 311.0 431.0 374.0
19 20 375.8 14.1 319.0 423.0 377.0
19 21 368.4 18.8 304.0 420.0 372.0
19 22 372.5 17.8 311.0 427.0 375.0
19 23 373.0 19.3 305.0 426.0 375.0
20 0 520.7 15.9 458.0 576.0 523.0
20 1 519.8 14.1 460.0 578.0 522.0
20 2 520.3 14.0 458.0 579.0 522.0
20 3 519.8 13.5 458.0 559.0 522.0
20 4 519.6 12.7 458.0 560.0 522.0
20 5 522.8 7.7 496.0 549.0 523.0
20 6 445.2 28.3 389.0 502.0 431.0
20 7 474.0 15.0 419.0 527.0 474.0
20 8 474.1 13.5 423.0 524.0 475.0
20 9 472.8 14.1 420.0 524.0 474.0
20 10 473.4 15.5 422.0 524.0 475.0
20 11 472.7 16.0 420.0 524.0 473.0
20 12 380.2 17.7 360.0 422.0 371.0
20 13 379.8 15.7 360.0 419.0 374.0
20 14 382.1 19.1 359.0 429.0 372.0
20 15 382.8 17.5 361.0 422.0 380.0
20 16 380.1 17.3 360.0 419.0 371.5
20 17 385.9 18.0 360.0 423.0 383.0
20 18 379.3 16.1 318.0 435.0 381.0
20 19 376.0 14.9 317.0 433.0 375.0
20 21 371.5 19.6 308.0 419.0 374.0
20 22 373.2 14.9 312.0 424.0 374.0
20 23 374.0 17.4 312.0 425.0 374.0
21 0 520.1 14.2 459.0 576.0 522.0
21 1 521.8 11.1 465.0 563.0 523.0
21 2 520.8 13.7 461.0 562.0 523.0
21 3 521.5 12.7 463.0 575.0 523.0
21 4 520.6 8.6 490.0 552.0 521.0
21 5 519.1 14.5 457.0 570.0 522.0
21 6 446.2 29.4 385.0 510.0 431.0
21 7 471.0 15.6 417.0 523.0 472.0
21 8 474.7 15.1 425.0 525.0 475.0
21 9 475.4 13.6 426.0 520.0 476.0
21 10 473.7 16.8 416.0 530.0 474.0
21 11 474.0 13.0 427.0 519.0 474.0
21 12 381.1 16.3 360.0 419.0 379.0
21 13 380.9 18.9 359.0 426.0 371.0
21 14 381.3 19.5 359.0 426.0 370.0
21 15 380.0 17.0 361.0 420.0 372.0
21 16 381.6 18.6 357.0 421.0 380.0
21 17 379.1 16.6 360.0 419.0 371.0
21 18 371.8 19.2 305.0 434.0 374.0
21 19 376.0 15.0 319.0 432.0 377.0
21 20 371.5 16.7 313.0 423.0 373.0
21 22 374.3 16.5 314.0 433.0 377.0
21 23 375.1 15.9 314.0 435.0 375.0
22 0 520.3 9.0 484.0 558.0 521.0
22 1 518.5 14.8 459.0 577.0 521.0
22 2 521.5 14.4 460.0 574.0 524.0
22 3 521.5 8.5 487.0 556.0 522.0
22 4 518.9 16.3 457.0 573.0 522.0
22 5 520.7 11.2 461.0 561.0 523.0
22 6 444.9 29.2 388.0 511.0 430.0
22 7 473.0 16.1 418.0 528.0 475.0
22 8 473.1 16.2 417.0 518.0 474.0
22 9 476.0 13.7 427.0 526.0 476.0
22 10 472.1 16.2 416.0 527.0 474.0
22 11 473.5 17.4 418.0 528.0 475.0
22 12 380.8 18.6 360.0 422.0 373.0
22 13 378.8 16.0 360.0 421.0 372.0
22 14 384.3 18.7 360.0 427.0 381.0
22 15 382.1 17.4 360.0 420.0 380.0
22 16 383.0 18.6 359.0 422.0 379.0
22 17 381.7 16.8 360.0 419.0 380.0
22 18 375.0 19.1 305.0 436.0 375.0
22 19 373.2 18.8 308.0 432.0 375.0
22 20 376.5 15.3 315.0 424.0 377.0
22 21 374.2 17.0 312.0 431.0 375.0
22 23 375.3 18.2 309.0 441.0 377.0
23 0 521.0 12.7 462.0 575.0 523.0
23 1 520.9 13.5 460.0 573.0 523.0
23 2 520.0 15.1 455.0 584.0 522.0
23 3 520.8 16.5 457.0 583.0 523.0
23 4 521.6 10.9 468.0 573.0 523.0
23 5 521.0 12.9 460.0 580.0 522.0
23 6 444.7 28.0 385.0 507.0 431.0
23 7 472.3 15.3 420.0 524.0 473.0
23 8 473.7 17.7 419.0 528.0 475.0
23 9 473.1 16.3 417.0 529.0 473.0
23 10 473.0 14.8 419.0 528.0 474.0
23 11 472.9 17.6 417.0 527.0 475.0
23 12 382.9 19.8 360.0 423.0 372.0
23 13 382.9 18.7 360.0 422.0 379.5
23 14 381.3 18.3 360.0 421.0 372.0
23 15 381.2 18.1 360.0 428.0 373.0
23 16 382.3 18.7 360.0 431.0 379.0
23 17 383.2 19.0 361.0 425.0 379.0
23 18 376.5 14.4 317.0 431.0 377.0
23 19 375.5 15.8 311.0 430.0 376.0
23 20 372.9 19.1 305.0 433.0 375.0
23 21 372.5 21.5 304.0 438.0 376.0
23 22 372.7 19.7 304.0 427.0 376.0
