# src_core	dest_core	cost	stderr
0	0	-1	0
1	0	257.095238095	11.4610649187
2	0	247.698412698	5.03522487521
3	0	252.333333333	10.5634890821
4	0	258.571428571	10.3213667818
5	0	261.46031746	10.5105017729
6	0	320.698412698	10.6363183161
7	0	315.777777778	26.7809719494
8	0	315.746031746	20.8995847562
9	0	330.952380952	8.83253108923
10	0	316.031746032	21.1817293642
11	0	319.174603175	19.040091105
12	0	274.126984127	8.80204172471
13	0	284.634920635	24.487315529
14	0	286.238095238	25.6970841936
15	0	271.984126984	6.73180572839
16	0	287.587301587	28.6636958154
17	0	275.095238095	7.78218210251
18	0	339.19047619	6.05754715632
19	0	344.555555556	7.84123770959
20	0	347.444444444	2.96956935458
21	0	340.126984127	7.83053052895
22	0	343.619047619	6.03279021872
23	0	346.555555556	4.23056819246
0	1	259.412698413	10.2021393969
1	1	-1	0
2	1	261.333333333	27.6043474837
3	1	259.317460317	9.58806367201
4	1	256.952380952	9.29998902786
5	1	255.952380952	11.4398753621
6	1	331.206349206	10.3956015274
7	1	316.206349206	25.6652187162
8	1	319.063492063	30.3706588855
9	1	329.873015873	12.0178333936
10	1	320.238095238	19.4892842236
11	1	320.793650794	22.2433572964
12	1	275.936507937	12.5494235824
13	1	289.031746032	26.2660189997
14	1	276.634920635	7.88468796838
15	1	276.857142857	9.18911907078
16	1	278.365079365	6.439712079
17	1	280.301587302	7.62958926818
18	1	343.349206349	7.54070168551
19	1	350.571428571	10.3182905649
20	1	340.619047619	5.34946539809
21	1	345.142857143	7.69220826728
22	1	352.904761905	12.0194475822
23	1	352.0	8.28461952264
0	2	279.031746032	14.2894880377
1	2	277.793650794	14.8539543451
2	2	-1	0
3	2	265.031746032	10.5258084242
4	2	273.650793651	15.7259857037
5	2	270.650793651	13.0203244421
6	2	322.238095238	27.229019467
7	2	296.968253968	12.8532229964
8	2	296.063492063	16.8568887674
9	2	331.984126984	18.7163387271
10	2	294.428571429	14.7106637552
11	2	301.158730159	13.3061703663
12	2	297.873015873	13.6550380998
13	2	291.714285714	12.2544822657
14	2	302.888888889	14.124290808
15	2	294.80952381	10.9788500032
16	2	296.714285714	13.0304022662
17	2	300.603174603	15.1359339936
18	2	336.841269841	16.1895580194
19	2	338.825396825	15.8910373886
20	2	353.904761905	3.33197251134
21	2	339.53968254	15.0331120212
22	2	341.158730159	16.5262718687
23	2	340.19047619	6.45585041146
0	3	249.238095238	4.88832196259
1	3	255.968253968	7.72127190355
2	3	250.746031746	5.46552907434
3	3	-1	0
4	3	254.015873016	21.6681260047
5	3	248.904761905	6.54341856606
6	3	334.984126984	14.12134719
7	3	332.238095238	12.5441623503
8	3	330.888888889	11.8282834444
9	3	327.666666667	24.9863454774
10	3	323.285714286	10.8794674406
11	3	334.095238095	12.311711144
12	3	303.603174603	34.2537402349
13	3	305.920634921	34.5356046262
14	3	274.285714286	6.4866861729
15	3	276.111111111	3.51464559893
16	3	285.047619048	28.2103372765
17	3	274.80952381	5.01381311932
18	3	346.095238095	5.43274693217
19	3	347.634920635	6.63875487298
20	3	352.095238095	9.63247530487
21	3	344.19047619	5.93043573671
22	3	348.73015873	7.71764901534
23	3	339.746031746	5.36587765264
0	4	249.396825397	6.94316995108
1	4	261.555555556	9.70644979117
2	4	250.984126984	5.99336157494
3	4	268.428571429	31.8721226081
4	4	-1	0
5	4	251.46031746	7.90584553037
6	4	330.53968254	22.4794971113
7	4	334.126984127	16.0094139602
8	4	331.238095238	10.9945358517
9	4	332.111111111	20.4699633696
10	4	324.412698413	10.9944212703
11	4	329.873015873	13.8638413599
12	4	273.80952381	5.97044876901
13	4	265.777777778	5.99853009626
14	4	272.857142857	5.65925886352
15	4	298.555555556	33.5614942711
16	4	270.015873016	5.5762878461
17	4	285.476190476	27.0911788741
18	4	341.952380952	6.33064747918
19	4	347.714285714	7.23402140995
20	4	351.031746032	5.95743700609
21	4	341.365079365	4.82487465846
22	4	350.079365079	4.92258026062
23	4	340.587301587	5.29640465244
0	5	249.825396825	8.54593504509
1	5	251.19047619	8.40041031284
2	5	248.984126984	19.6343496087
3	5	246.968253968	19.5236675695
4	5	251.380952381	17.6378278289
5	5	-1	0
6	5	328.285714286	21.2874719632
7	5	321.238095238	15.5733943713
8	5	323.523809524	17.753923906
9	5	328.031746032	18.4476679422
10	5	326.666666667	11.4946502394
11	5	334.079365079	15.5556365401
12	5	270.349206349	6.84791413071
13	5	308.285714286	34.1004252505
14	5	268.523809524	7.53374870928
15	5	317.476190476	30.7002182624
16	5	275.412698413	17.0746585832
17	5	271.888888889	6.50301788576
18	5	341.650793651	4.08310001339
19	5	354.444444444	6.90244442043
20	5	341.206349206	6.21099570311
21	5	346.126984127	4.85828392033
22	5	352.126984127	8.89888893277
23	5	354.095238095	5.83833604724
0	6	411.031746032	8.49270135566
1	6	411.0	6.05005575207
2	6	404.126984127	5.73070832347
3	6	404.031746032	5.40125868331
4	6	409.73015873	50.7371709797
5	6	401.301587302	6.76741708397
6	6	-1	0
7	6	307.714285714	3.57428457234
8	6	309.031746032	6.58031758284
9	6	318.80952381	8.95111439875
10	6	306.968253968	4.76417935094
11	6	312.619047619	4.58925097263
12	6	446.412698413	5.00360162548
13	6	434.079365079	3.34427531382
14	6	438.53968254	6.12262366426
15	6	431.317460317	5.98629492118
16	6	444.555555556	3.83706972264
17	6	438.063492063	4.83660977904
18	6	315.238095238	5.20596204523
19	6	325.19047619	4.29047354791
20	6	322.365079365	4.32527304323
21	6	314.857142857	4.44314039826
22	6	321.761904762	3.04836300443
23	6	317.015873016	5.12848275311
0	7	405.714285714	16.3021359701
1	7	414.26984127	8.9375369449
2	7	408.111111111	6.60714166547
3	7	400.26984127	6.95383039178
4	7	408.634920635	25.1555803947
5	7	404.095238095	10.2457335847
6	7	315.904761905	14.2201670851
7	7	-1	0
8	7	314.825396825	5.51344585173
9	7	311.936507937	16.6073927083
10	7	302.174603175	12.4154789237
11	7	312.428571429	5.7313238054
12	7	445.253968254	7.0462604153
13	7	435.253968254	5.06769492689
14	7	447.650793651	4.26933967668
15	7	445.634920635	8.21593802874
16	7	430.920634921	5.63802731262
17	7	441.301587302	4.64496628257
18	7	319.523809524	4.49640824157
19	7	320.952380952	5.28978821981
20	7	322.746031746	7.07099654854
21	7	320.444444444	5.01356185452
22	7	320.634920635	5.63239379965
23	7	314.714285714	4.80881654394
0	8	409.428571429	6.45795752692
1	8	414.142857143	8.50929863533
2	8	402.904761905	7.98354316399
3	8	404.73015873	8.43312883096
4	8	404.952380952	8.03450608201
5	8	404.428571429	7.63599306067
6	8	316.492063492	10.7347130374
7	8	317.26984127	5.51248611331
8	8	-1	0
9	8	314.682539683	12.6927368268
10	8	305.063492063	10.5648008205
11	8	317.682539683	6.5751465596
12	8	444.714285714	4.0372415989
13	8	437.015873016	5.66103940059
14	8	443.396825397	9.0843309763
15	8	446.571428571	3.63280592814
16	8	440.73015873	5.88839684763
17	8	443.952380952	4.967924326
18	8	318.698412698	5.53956883496
19	8	318.523809524	6.06016695997
20	8	328.777777778	9.27951224164
21	8	322.079365079	4.04067253282
22	8	321.317460317	5.4796170554
23	8	315.222222222	5.03777616737
0	9	407.063492063	9.4379729729
1	9	407.793650794	6.13125930295
2	9	407.825396825	13.5488998939
3	9	407.714285714	7.49058365799
4	9	411.412698413	9.45269747448
5	9	399.063492063	6.49510930996
6	9	311.238095238	8.18382897483
7	9	313.412698413	4.03805281
8	9	309.873015873	8.5514169688
9	9	-1	0
10	9	305.936507937	9.94249021196
11	9	309.111111111	11.8296253226
12	9	437.793650794	6.54449660998
13	9	430.047619048	3.37793292399
14	9	437.920634921	6.22667479173
15	9	434.73015873	6.08721363319
16	9	435.333333333	9.85127499604
17	9	443.777777778	7.41393891935
18	9	314.26984127	5.44294023369
19	9	328.428571429	5.93540436224
20	9	317.412698413	5.80813583906
21	9	316.238095238	3.38865654755
22	9	324.634920635	4.57148368573
23	9	316.26984127	3.81811201249
0	10	410.857142857	8.77741897714
1	10	414.444444444	9.55481724722
2	10	404.492063492	10.7065815923
3	10	401.746031746	10.1010265924
4	10	410.349206349	10.9735016046
5	10	401.920634921	13.1370088974
6	10	311.888888889	10.3756600266
7	10	315.587301587	15.3732760506
8	10	314.253968254	6.12558582613
9	10	312.746031746	15.1835000816
10	10	-1	0
11	10	315.015873016	6.55499824681
12	10	445.174603175	5.64994643194
13	10	437.126984127	4.91028096533
14	10	437.841269841	5.17689110974
15	10	436.682539683	4.94035985074
16	10	437.761904762	5.77821383319
17	10	446.285714286	4.95512744355
18	10	318.936507937	4.78712895988
19	10	321.492063492	5.5028795229
20	10	324.158730159	5.43418441832
21	10	321.634920635	5.21384477853
22	10	323.936507937	7.42127575537
23	10	315.206349206	4.62964474676
0	11	410.126984127	8.58106454248
1	11	403.19047619	6.43615073481
2	11	402.920634921	17.6925251792
3	11	407.888888889	7.92246376443
4	11	408.476190476	10.7612726321
5	11	402.333333333	8.73780329083
6	11	314.317460317	5.67317664387
7	11	308.285714286	6.83229625447
8	11	309.206349206	14.0973471896
9	11	311.158730159	6.17266464857
10	11	300.19047619	9.82199854046
11	11	-1	0
12	11	429.825396825	4.00610519218
13	11	434.111111111	6.18012973386
14	11	447.365079365	7.90880880662
15	11	437.047619048	4.85480802893
16	11	432.587301587	7.49737503404
17	11	446.396825397	6.98647146796
18	11	317.825396825	7.25836065828
19	11	325.793650794	6.74750684153
20	11	317.412698413	5.33522264344
21	11	320.26984127	6.53733198626
22	11	331.142857143	7.55898948243
23	11	332.476190476	6.4262782506
0	12	419.682539683	14.3801289228
1	12	426.317460317	13.1943054056
2	12	424.571428571	9.45115141338
3	12	421.333333333	14.2305283285
4	12	422.904761905	29.4045209167
5	12	416.079365079	13.6396964861
6	12	438.984126984	8.97702899821
7	12	435.412698413	7.85914677027
8	12	437.365079365	7.8382488879
9	12	436.396825397	9.89073589722
10	12	428.857142857	10.5602686697
11	12	433.444444444	9.60452568221
12	12	-1	0
13	12	323.0	21.9573901939
14	12	301.412698413	32.0285759911
15	12	309.571428571	32.666041921
16	12	312.714285714	27.8974474405
17	12	312.793650794	29.1874939136
18	12	321.253968254	7.95417082161
19	12	329.523809524	11.4182493069
20	12	329.047619048	9.27435202277
21	12	320.698412698	6.46758687767
22	12	326.507936508	11.0552336466
23	12	324.158730159	7.63701584953
0	13	419.476190476	13.9703281288
1	13	420.507936508	12.4363433301
2	13	425.666666667	12.4543611282
3	13	421.53968254	14.8418385427
4	13	427.603174603	10.7268239394
5	13	421.174603175	11.9290757004
6	13	442.095238095	9.93744607367
7	13	431.952380952	8.84689627475
8	13	434.047619048	9.36801137853
9	13	436.936507937	9.71314445003
10	13	434.0	9.03959543975
11	13	442.365079365	8.73835113447
12	13	316.857142857	27.3819875581
13	13	-1	0
14	13	306.46031746	31.1498301337
15	13	315.412698413	21.5764678698
16	13	309.984126984	29.1495825141
17	13	308.698412698	31.653197597
18	13	321.53968254	7.63622402497
19	13	332.841269841	13.453277584
20	13	323.714285714	6.10081590023
21	13	327.634920635	10.505178749
22	13	330.174603175	13.1481662461
23	13	331.650793651	11.7218541387
0	14	414.968253968	20.6643380055
1	14	423.015873016	14.4271482002
2	14	424.142857143	14.3724351946
3	14	422.317460317	15.260515913
4	14	428.253968254	19.8789737
5	14	420.111111111	14.5864811418
6	14	440.873015873	12.2273335014
7	14	436.015873016	9.71578990326
8	14	433.714285714	7.25155390338
9	14	440.952380952	22.7215222575
10	14	433.73015873	12.5990757399
11	14	433.53968254	12.2355524091
12	14	315.492063492	23.5499287337
13	14	314.507936508	24.3544416052
14	14	-1	0
15	14	310.301587302	25.0976726428
16	14	303.825396825	31.5547091963
17	14	301.888888889	28.5624412673
18	14	323.19047619	10.8859267571
19	14	330.825396825	10.7652286855
20	14	333.111111111	11.4060845794
21	14	329.111111111	10.2385997169
22	14	332.761904762	12.2716789523
23	14	329.968253968	12.0105353937
0	15	422.142857143	17.9937000817
1	15	423.0	18.6087537005
2	15	423.444444444	17.3028833066
3	15	420.634920635	18.072430628
4	15	425.793650794	17.7264565347
5	15	420.079365079	20.7794935448
6	15	443.904761905	9.85725787833
7	15	438.476190476	10.6545424292
8	15	434.285714286	8.33129226705
9	15	442.857142857	29.2866821365
10	15	438.19047619	11.9494399721
11	15	436.507936508	14.6643645551
12	15	304.587301587	27.5678872999
13	15	306.507936508	29.962343041
14	15	298.841269841	36.4731718535
15	15	-1	0
16	15	312.984126984	26.5488421195
17	15	297.476190476	31.0605436143
18	15	337.142857143	9.87357728205
19	15	332.761904762	12.5023353827
20	15	335.888888889	11.9457917291
21	15	328.936507937	43.0447803063
22	15	336.111111111	12.9260547893
23	15	334.380952381	13.2968889683
0	16	428.158730159	19.5344273619
1	16	428.619047619	23.5624321456
2	16	416.873015873	46.2678509741
3	16	418.19047619	25.8031972566
4	16	416.761904762	59.1762807174
5	16	420.555555556	19.8628454121
6	16	448.841269841	14.559354544
7	16	453.253968254	10.3017462751
8	16	445.682539683	13.8665125871
9	16	444.19047619	22.3875370253
10	16	439.285714286	11.1332885249
11	16	447.047619048	12.857495586
12	16	292.968253968	28.9794498912
13	16	303.238095238	32.1236274048
14	16	298.333333333	30.7013261696
15	16	296.365079365	30.391781255
16	16	-1	0
17	16	298.904761905	27.1671570424
18	16	331.888888889	13.6301615953
19	16	341.317460317	13.3509709496
20	16	334.507936508	13.7620054554
21	16	334.523809524	14.9664780377
22	16	331.365079365	12.3985426528
23	16	325.380952381	41.9926027391
0	17	427.603174603	19.94320482
1	17	427.238095238	26.3376815492
2	17	420.746031746	31.2876913036
3	17	428.079365079	21.0594785712
4	17	415.952380952	37.4921911749
5	17	423.158730159	22.217686612
6	17	452.634920635	16.4551353371
7	17	457.111111111	17.9541842946
8	17	440.365079365	12.4674835323
9	17	454.888888889	14.9571993719
10	17	447.031746032	13.739028239
11	17	451.111111111	15.4438163627
12	17	291.412698413	19.714336835
13	17	300.46031746	28.6144737473
14	17	290.634920635	19.3688520915
15	17	294.714285714	20.6400970308
16	17	298.571428571	32.5482373578
17	17	-1	0
18	17	332.714285714	13.9732494675
19	17	340.285714286	17.3967964314
20	17	340.904761905	14.4064737275
21	17	337.825396825	13.1879450516
22	17	344.920634921	16.409735387
23	17	338.571428571	18.3784849072
0	18	532.761904762	18.4955715727
1	18	533.412698413	20.153092575
2	18	533.984126984	17.823198779
3	18	531.523809524	15.1047739146
4	18	543.761904762	32.0994062575
5	18	532.555555556	15.6963020392
6	18	425.888888889	16.8316699896
7	18	430.984126984	14.8489666825
8	18	415.19047619	12.6852709775
9	18	424.603174603	19.3041978185
10	18	420.26984127	13.4933332736
11	18	424.333333333	15.6306577059
12	18	422.428571429	12.3990709915
13	18	422.015873016	16.0480351005
14	18	429.777777778	13.5018451936
15	18	434.111111111	19.1900363624
16	18	415.285714286	15.3658336428
17	18	422.761904762	13.8537878445
18	18	-1	0
19	18	321.222222222	17.8374000209
20	18	327.079365079	16.7817943564
21	18	327.047619048	19.9979590795
22	18	322.904761905	15.4125431146
23	18	320.619047619	15.1284747513
0	19	535.825396825	17.1811447801
1	19	539.571428571	23.2048943152
2	19	528.666666667	27.4197241022
3	19	532.523809524	16.0206782478
4	19	557.317460317	25.5453691618
5	19	541.746031746	16.9208880531
6	19	435.857142857	18.7174963925
7	19	427.0	17.9496650718
8	19	425.285714286	14.8210795522
9	19	422.031746032	29.8429584122
10	19	424.253968254	16.5164355411
11	19	435.746031746	19.1277810543
12	19	424.015873016	15.4698806836
13	19	427.222222222	17.8915999129
14	19	428.53968254	19.9466155755
15	19	428.682539683	18.7944819636
16	19	417.412698413	12.5529164646
17	19	426.317460317	14.232564267
18	19	318.904761905	19.9298088027
19	19	-1	0
20	19	337.80952381	24.0402157392
21	19	326.634920635	18.941263922
22	19	336.80952381	18.1211593788
23	19	337.349206349	23.2311768694
0	20	576.888888889	32.5093935685
1	20	578.904761905	41.6979746323
2	20	536.888888889	27.4151569196
3	20	541.904761905	22.9351842316
4	20	587.126984127	34.8905281473
5	20	552.920634921	24.4061543028
6	20	483.126984127	49.0472697373
7	20	450.349206349	24.8098538604
8	20	428.825396825	17.8009627727
9	20	440.920634921	22.5320241852
10	20	447.968253968	29.7080867907
11	20	468.238095238	39.418678308
12	20	436.317460317	16.2547432851
13	20	437.19047619	19.0361870456
14	20	477.634920635	44.9766435285
15	20	473.158730159	40.8466766728
16	20	432.920634921	19.258724337
17	20	438.063492063	23.624625984
18	20	355.111111111	49.235137508
19	20	337.333333333	21.1277294658
20	20	-1	0
21	20	361.015873016	41.8999155447
22	20	358.301587302	30.1744320027
23	20	362.428571429	44.794314508
0	21	741.603174603	119.540594112
1	21	596.365079365	44.5169137064
2	21	633.936507937	101.697165295
3	21	601.888888889	60.1086611595
4	21	751.126984127	121.931478554
5	21	617.142857143	69.0113533661
6	21	646.777777778	133.187473128
7	21	556.46031746	107.106804046
8	21	467.888888889	49.1056881298
9	21	514.714285714	97.0950162309
10	21	466.825396825	42.64937882
11	21	705.761904762	143.755382429
12	21	535.73015873	76.9650933761
13	21	489.53968254	50.1539931458
14	21	511.380952381	59.1045424547
15	21	635.047619048	138.819104464
16	21	471.333333333	37.6504389822
17	21	563.317460317	107.274876923
18	21	396.825396825	69.3387222454
19	21	444.984126984	107.351890153
20	21	387.476190476	56.7304562929
21	21	-1	0
22	21	522.920634921	128.744030725
23	21	516.73015873	113.898897851
0	22	841.523809524	139.540385819
1	22	676.587301587	91.2134484168
2	22	719.825396825	102.566515728
3	22	795.571428571	144.854575601
4	22	796.126984127	132.417268819
5	22	753.873015873	122.449923949
6	22	697.968253968	123.231485393
7	22	612.714285714	111.880666099
8	22	681.333333333	143.742605055
9	22	630.968253968	120.798660806
10	22	569.095238095	111.274109467
11	22	759.904761905	141.32296843
12	22	606.73015873	108.394518451
13	22	653.015873016	125.457068109
14	22	578.793650794	90.9568463404
15	22	788.349206349	174.249880666
16	22	637.301587302	114.242242614
17	22	687.555555556	139.048441688
18	22	512.476190476	111.598750796
19	22	515.746031746	106.540098756
20	22	451.53968254	93.0381088325
21	22	560.142857143	130.585842003
22	22	-1	0
23	22	664.761904762	154.760615379
0	23	941.523809524	168.702034419
1	23	810.174603175	123.476819968
2	23	887.761904762	133.832958463
3	23	925.857142857	135.041187972
4	23	814.46031746	142.310060035
5	23	922.761904762	175.417028212
6	23	723.158730159	122.31811328
7	23	809.222222222	140.148271195
8	23	821.841269841	144.320433422
9	23	784.46031746	156.745858951
10	23	679.603174603	139.148606149
11	23	657.253968254	120.184245891
12	23	766.380952381	147.920552311
13	23	779.555555556	147.140768123
14	23	772.873015873	146.976241689
15	23	709.380952381	140.884555754
16	23	735.206349206	153.236217561
17	23	841.158730159	149.101138184
18	23	607.095238095	159.907881645
19	23	732.698412698	164.322624486
20	23	607.80952381	135.188974983
21	23	692.222222222	128.462760269
22	23	605.682539683	112.688336236
23	23	-1	0
