0	1	119.079365079	16.3642094822
0	2	120.666666667	16.4847211607
0	3	128.031746032	16.3123949892
0	4	119.46031746	16.241066308
0	5	130.761904762	18.2380330721
0	6	129.80952381	18.7539262707
0	7	119.587301587	17.6676863323
0	8	643.523809524	34.92525222
0	9	647.206349206	29.7343576218
0	10	643.396825397	30.7630677782
0	11	650.253968254	31.2196357899
0	12	643.650793651	31.6940526844
0	13	656.095238095	20.7400496591
0	14	660.793650794	22.2155091901
0	15	656.920634921	25.6492220169
0	16	652.285714286	30.8912216284
0	17	666.19047619	17.0962328932
0	18	653.619047619	32.2743342776
0	19	659.841269841	31.129634913
0	20	653.238095238	30.3784145828
0	21	667.015873016	20.0313183865
0	22	651.396825397	30.4560780196
0	23	661.555555556	29.169334723
0	24	667.142857143	31.3864075033
0	25	662.698412698	35.1073794624
0	26	673.365079365	27.7970545358
0	27	663.206349206	35.3962417206
0	28	674.317460317	22.7985138731
0	29	677.047619048	24.3645778347
0	30	682.380952381	21.2822517691
0	31	675.587301587	24.037427774
1	0	132.158730159	16.1866164089
1	2	124.920634921	19.2455326396
1	3	132.349206349	14.8240031975
1	4	130.761904762	17.2062320619
1	5	125.746031746	16.1559544814
1	6	130.507936508	18.8223718761
1	7	122.634920635	17.7489562289
1	8	637.238095238	31.8078128995
1	9	658.571428571	19.3068079823
1	10	658.317460317	21.2653868825
1	11	650.952380952	32.6965017164
1	12	647.015873016	28.7912531159
1	13	644.984126984	30.5793228529
1	14	663.142857143	19.0761690797
1	15	656.476190476	22.2930390893
1	16	651.841269841	32.7981834327
1	17	651.523809524	32.7175779864
1	18	665.873015873	23.872340416
1	19	649.682539683	31.5387518735
1	20	652.857142857	29.0849097091
1	21	658.380952381	25.1038658703
1	22	647.904761905	29.9574906687
1	23	669.873015873	18.6253727467
1	24	678.444444444	21.1192966587
1	25	680.476190476	20.8325578087
1	26	676.857142857	21.1711522378
1	27	678.698412698	24.4667801481
1	28	660.984126984	29.3330584746
1	29	681.746031746	24.2513087547
1	30	680.285714286	19.5532878504
1	31	663.015873016	29.9329897443
2	0	122.317460317	16.2879109877
2	1	124.349206349	17.7121236662
2	3	130.063492063	15.9919354834
2	4	129.047619048	15.0464134538
2	5	123.714285714	17.784805867
2	6	114.380952381	16.2005570857
2	7	120.349206349	16.2306380183
2	8	659.142857143	26.3064100722
2	9	660.73015873	21.7556461193
2	10	647.777777778	33.1903813014
2	11	652.158730159	30.2524858479
2	12	651.142857143	31.6683494003
2	13	656.285714286	29.3395169735
2	14	651.904761905	33.7825512798
2	15	644.920634921	30.1210792547
2	16	666.126984127	15.5650117031
2	17	655.26984127	31.8952682709
2	18	670.952380952	17.8844870008
2	19	664.285714286	26.1542606753
2	20	668.095238095	17.411649344
2	21	665.047619048	26.9764321428
2	22	644.349206349	35.7034339775
2	23	659.714285714	32.9980415828
2	24	667.777777778	28.5415010809
2	25	669.428571429	29.444440166
2	26	681.936507937	18.3855300383
2	27	674.952380952	21.6372903942
2	28	674.888888889	26.005561744
2	29	667.904761905	32.1808946011
2	30	666.825396825	33.3840279663
2	31	670.698412698	29.2165613616
3	0	109.492063492	13.9202638817
3	1	124.349206349	18.1091564406
3	2	123.333333333	18.3649078753
3	4	125.238095238	20.2944313933
3	5	136.603174603	13.0085926212
3	6	132.984126984	15.6301418851
3	7	123.587301587	15.04346604
3	8	662.952380952	16.7856973995
3	9	664.73015873	18.0977998744
3	10	636.73015873	33.7898295721
3	11	660.666666667	13.8747229345
3	12	651.841269841	28.497399686
3	13	646.19047619	27.8264788497
3	14	645.174603175	32.8007644523
3	15	642.571428571	31.7198622296
3	16	662.380952381	27.1360058187
3	17	663.333333333	27.7219756963
3	18	656.095238095	30.917049432
3	19	665.936507937	19.6540500417
3	20	665.365079365	14.86799224
3	21	671.079365079	19.70198732
3	22	666.253968254	19.7620513796
3	23	669.873015873	16.4224894808
3	24	685.365079365	17.299694086
3	25	670.253968254	27.0906580595
3	26	667.968253968	30.7607089387
3	27	671.523809524	24.3928542378
3	28	673.873015873	23.1266300591
3	29	674.317460317	16.7945809446
3	30	664.920634921	32.9247827667
3	31	678.634920635	19.5076717406
4	0	132.920634921	14.76514728
4	1	114.444444444	13.5433200049
4	2	125.301587302	18.701188249
4	3	128.857142857	14.6307538055
4	5	124.095238095	17.7582659365
4	6	125.428571429	17.1470894247
4	7	131.396825397	18.0603395023
4	8	646.253968254	28.0305775521
4	9	650.19047619	29.4493685182
4	10	651.206349206	30.2508867666
4	11	643.904761905	29.5735372302
4	12	645.555555556	31.7138884892
4	13	654.380952381	25.0228013933
4	14	662.063492063	19.4462001151
4	15	661.238095238	21.2720207365
4	16	656.53968254	30.0036111037
4	17	655.26984127	27.2956804241
4	18	649.365079365	28.5275147535
4	19	653.365079365	30.0366451254
4	20	668.984126984	15.7273314455
4	21	668.53968254	20.8310096966
4	22	673.80952381	15.309357179
4	23	648.476190476	30.905312197
4	24	668.53968254	29.0663310361
4	25	678.444444444	19.9696418626
4	26	675.26984127	22.2975593719
4	27	669.428571429	30.403484703
4	28	679.142857143	16.0859370139
4	29	662.634920635	30.6227955279
4	30	674.0	27.3066071428
4	31	680.031746032	19.8645958125
5	0	116.349206349	16.5866256413
5	1	130.952380952	18.3885994456
5	2	138.063492063	14.527339323
5	3	129.174603175	18.627969824
5	4	130.126984127	18.570750225
5	6	129.111111111	17.3325193134
5	7	136.793650794	15.0450737918
5	8	650.126984127	20.8147475676
5	9	655.46031746	19.1806991256
5	10	646.0	30.2371578407
5	11	650.063492063	30.383722154
5	12	662.825396825	13.4501309164
5	13	652.666666667	29.9332590942
5	14	646.507936508	31.6287356867
5	15	642.19047619	33.0650427514
5	16	667.015873016	22.435439697
5	17	660.158730159	25.2260927834
5	18	662.063492063	20.8211377759
5	19	668.095238095	27.7298270939
5	20	665.619047619	18.0118378811
5	21	654.825396825	30.1122448766
5	22	657.301587302	30.2920362108
5	23	668.53968254	25.6699598362
5	24	667.841269841	31.1704002598
5	25	680.920634921	17.9481630906
5	26	669.428571429	30.1012652193
5	27	682.698412698	14.5805207308
5	28	673.047619048	26.702017385
5	29	667.333333333	33.6027209783
5	30	660.857142857	32.5619590802
5	31	676.285714286	26.6925044894
6	0	130.0	17.6455399284
6	1	129.492063492	18.1491816387
6	2	127.079365079	16.6259517807
6	3	122.380952381	17.4095654892
6	4	133.111111111	17.0220315792
6	5	135.396825397	16.6404934322
6	7	127.206349206	18.8647304493
6	8	647.015873016	31.0654670029
6	9	643.079365079	29.6965080451
6	10	647.841269841	29.4958734532
6	11	644.984126984	28.022378848
6	12	654.0	23.3673221836
6	13	639.079365079	34.8289706028
6	14	648.095238095	28.3009418687
6	15	656.476190476	27.9448760916
6	16	653.682539683	29.8508596546
6	17	657.492063492	32.9886334517
6	18	654.0	25.9816785264
6	19	651.26984127	37.2504208346
6	20	653.682539683	28.5994923902
6	21	663.777777778	16.3885794967
6	22	669.936507937	22.4865907244
6	23	654.952380952	32.8592131853
6	24	658.825396825	34.6678295055
6	25	678.571428571	13.9996760572
6	26	677.301587302	19.7449088641
6	27	666.444444444	29.9342017998
6	28	665.428571429	30.2275572189
6	29	670.761904762	32.1097889864
6	30	637.873015873	30.3793434747
6	31	668.603174603	28.6071029489
7	0	121.936507937	18.9165863358
7	1	129.111111111	14.6830115754
7	2	119.714285714	17.6558174876
7	3	113.301587302	13.9028773094
7	4	117.111111111	16.1177326295
7	5	120.666666667	19.1899444568
7	6	115.523809524	14.717290493
7	8	644.857142857	28.7600125521
7	9	664.666666667	22.6946605845
7	10	655.206349206	31.2989470537
7	11	638.888888889	33.8395425272
7	12	638.825396825	35.6644590694
7	13	647.777777778	30.8588411578
7	14	655.841269841	21.4381401329
7	15	653.428571429	31.0727330505
7	16	656.031746032	29.0013509559
7	17	666.19047619	25.3326172473
7	18	655.333333333	28.747394637
7	19	649.873015873	29.211593732
7	20	658.888888889	24.1733889574
7	21	665.492063492	18.1351828678
7	22	654.444444444	29.2562720329
7	23	667.015873016	23.2798653132
7	24	683.396825397	18.7367220139
7	25	669.619047619	32.9055543975
7	26	668.095238095	30.9826957775
7	27	681.301587302	18.5785632747
7	28	675.46031746	26.6885775441
7	29	665.111111111	33.1188869106
7	30	676.285714286	20.7750067877
7	31	665.492063492	30.2580819669
8	0	484.793650794	31.605785451
8	1	481.111111111	38.2635435556
8	2	484.857142857	36.0840540532
8	3	484.984126984	27.6299194074
8	4	485.111111111	27.2548880783
8	5	491.396825397	22.7523169464
8	6	484.349206349	32.9743328417
8	7	489.365079365	13.89678687
8	9	137.428571429	15.0488245448
8	10	126.063492063	17.1712874187
8	11	130.063492063	17.1712874187
8	12	134.825396825	14.2389357576
8	13	131.206349206	13.8497134578
8	14	124.158730159	15.7894945476
8	15	121.365079365	15.9077714733
8	16	659.142857143	21.1591528792
8	17	660.222222222	29.2012417894
8	18	659.46031746	22.8096508375
8	19	654.825396825	27.760048764
8	20	662.761904762	24.2301886253
8	21	662.952380952	22.2620957466
8	22	670.126984127	23.7764002398
8	23	663.650793651	17.6258817005
8	24	674.444444444	22.9628946918
8	25	676.476190476	20.6611798729
8	26	673.936507937	22.5204478626
8	27	674.317460317	23.7585910255
8	28	675.650793651	23.1009920286
8	29	677.111111111	18.9427802648
8	30	675.904761905	24.3452118989
8	31	673.174603175	21.6190243106
9	0	485.492063492	36.0704218694
9	1	483.206349206	25.5741429003
9	2	482.634920635	21.1324632443
9	3	483.650793651	25.1434984687
9	4	489.492063492	12.5177626378
9	5	490.253968254	16.5289243871
9	6	492.73015873	8.48753773483
9	7	482.19047619	38.73182406
9	8	137.746031746	15.1835000816
9	10	134.507936508	16.3375825531
9	11	136.666666667	12.9271462864
9	12	131.714285714	14.7910618349
9	13	114.952380952	15.446198044
9	14	138.380952381	12.5222704106
9	15	114.888888889	16.0229112856
9	16	660.031746032	26.3492828456
9	17	669.619047619	20.8116485785
9	18	659.587301587	24.9295100969
9	19	662.0	22.0590837208
9	20	667.206349206	24.4366097525
9	21	667.206349206	24.0912015357
9	22	653.682539683	26.7171102639
9	23	669.555555556	22.470988547
9	24	673.428571429	24.4077233975
9	25	669.873015873	28.3109110513
9	26	673.111111111	24.7957440736
9	27	677.619047619	18.7577950539
9	28	670.825396825	25.4599216214
9	29	678.380952381	25.3254552734
9	30	673.936507937	27.3390661908
9	31	676.285714286	23.211538299
10	0	488.095238095	18.2658622396
10	1	490.063492063	12.0209777167
10	2	489.111111111	13.8278659432
10	3	486.126984127	26.5422646272
10	4	488.476190476	32.5385520516
10	5	482.761904762	30.8100758028
10	6	487.650793651	14.1400688467
10	7	489.873015873	10.9014227461
10	8	131.650793651	17.3499542382
10	9	133.555555556	16.1596968557
10	11	132.603174603	14.3632463971
10	12	137.936507937	13.0345974492
10	13	129.555555556	16.9122645248
10	14	124.476190476	14.5611541742
10	15	115.777777778	16.7563723434
10	16	671.206349206	25.5741429003
10	17	664.095238095	21.8956502789
10	18	667.904761905	25.6259505659
10	19	664.53968254	21.1336077771
10	20	656.920634921	26.0130013814
10	21	660.666666667	20.5078382228
10	22	671.26984127	17.6142135511
10	23	659.714285714	25.8514858321
10	24	675.587301587	20.302971024
10	25	678.761904762	22.5020029343
10	26	671.396825397	26.8768736859
10	27	681.365079365	18.601332592
10	28	686.761904762	20.1310896619
10	29	677.682539683	22.8430291523
10	30	683.523809524	21.2071095767
10	31	686.571428571	19.7103745833
11	0	482.253968254	26.9967477488
11	1	487.523809524	24.6208436298
11	2	479.206349206	41.2110937176
11	3	482.126984127	30.7945017065
11	4	480.857142857	36.9533627754
11	5	485.555555556	30.4056060922
11	6	487.968253968	26.2333655557
11	7	477.936507937	42.5026135577
11	8	122.571428571	21.0921743449
11	9	133.492063492	16.4614730733
11	10	133.80952381	13.8459290251
11	12	135.904761905	10.9916480352
11	13	138.0	14.6753221213
11	14	119.015873016	16.125984221
11	15	116.793650794	16.3863655385
11	16	664.53968254	25.8474311129
11	17	663.015873016	15.0169132832
11	18	664.603174603	23.8211188698
11	19	658.063492063	18.8358599366
11	20	665.301587302	27.0406131474
11	21	667.46031746	14.1878837162
11	22	666.698412698	23.867780581
11	23	664.73015873	24.5215851459
11	24	675.079365079	25.2802084501
11	25	675.904761905	18.349096501
11	26	675.26984127	19.8895412807
11	27	670.253968254	24.6151123112
11	28	681.746031746	22.3436140189
11	29	670.317460317	24.1298243942
11	30	671.206349206	21.5068528984
11	31	674.380952381	21.3656218238
12	0	482.317460317	31.8831325246
12	1	485.428571429	26.8172618453
12	2	486.19047619	23.1865157467
12	3	488.285714286	14.1235237424
12	4	487.079365079	36.2860336888
12	5	485.301587302	26.4614933895
12	6	489.047619048	24.0075573891
12	7	487.079365079	15.3553688324
12	8	120.031746032	15.9184112771
12	9	136.349206349	13.0178860232
12	10	133.619047619	17.1449734143
12	11	136.603174603	16.1918455692
12	13	128.158730159	17.2941006082
12	14	118.19047619	18.3293131028
12	15	126.825396825	16.3012704564
12	16	663.206349206	25.3146288908
12	17	662.698412698	20.8826159347
12	18	658.380952381	23.9546055958
12	19	661.365079365	24.8955287547
12	20	663.714285714	16.2943446918
12	21	666.444444444	25.6482789904
12	22	664.095238095	25.0343981041
12	23	667.587301587	19.7834586353
12	24	678.063492063	24.0686010408
12	25	685.80952381	20.1004281269
12	26	679.26984127	21.8488358988
12	27	679.46031746	22.2459737016
12	28	685.873015873	21.6050347333
12	29	674.825396825	24.8644194584
12	30	673.174603175	21.6307685636
12	31	672.793650794	26.1631988786
13	0	489.873015873	23.3561059373
13	1	485.365079365	27.4384168103
13	2	482.888888889	37.4043164944
13	3	486.063492063	35.9293279046
13	4	489.619047619	21.8242827999
13	5	488.73015873	25.7245521344
13	6	486.063492063	35.5312842328
13	7	493.682539683	21.360715609
13	8	113.428571429	11.1976673956
13	9	126.253968254	16.1402270336
13	10	124.857142857	17.9795802543
13	11	123.26984127	20.1559053139
13	12	118.126984127	17.4132699476
13	14	125.746031746	17.8013449233
13	15	132.158730159	17.8006655388
13	16	656.222222222	27.5453129965
13	17	662.317460317	21.993379521
13	18	658.952380952	23.827041175
13	19	654.063492063	21.821696656
13	20	662.761904762	25.9705048118
13	21	657.428571429	26.864571752
13	22	662.317460317	24.6916381944
13	23	663.46031746	21.2773263304
13	24	672.603174603	25.7377122369
13	25	674.063492063	27.0964608571
13	26	671.841269841	24.1037482096
13	27	677.174603175	25.3098510733
13	28	672.285714286	29.1919909496
13	29	677.619047619	26.1930734643
13	30	680.666666667	18.4201408057
13	31	676.158730159	18.70506794
14	0	486.380952381	24.4478249569
14	1	488.095238095	12.4437965494
14	2	483.015873016	34.7396174114
14	3	490.126984127	11.6230368726
14	4	476.73015873	45.0457285642
14	5	488.349206349	18.123175315
14	6	485.682539683	33.8984596723
14	7	483.142857143	27.1520452285
14	8	127.079365079	18.1171685542
14	9	121.746031746	15.8704759873
14	10	117.428571429	15.6770120713
14	11	136.349206349	13.70222868
14	12	125.428571429	17.8723110183
14	13	112.920634921	14.3994064993
14	15	127.333333333	15.1688904701
14	16	668.412698413	22.9233608721
14	17	668.285714286	25.1240911208
14	18	673.365079365	19.6244919759
14	19	656.285714286	22.2506847203
14	20	661.492063492	26.0060267837
14	21	660.285714286	26.1251132428
14	22	667.650793651	22.488204125
14	23	661.936507937	23.0664141301
14	24	679.46031746	24.3498478838
14	25	671.523809524	23.5883056463
14	26	674.126984127	21.7573137227
14	27	674.825396825	15.9389108414
14	28	674.761904762	25.9607238665
14	29	673.746031746	25.8432197697
14	30	678.380952381	23.2552629793
14	31	686.634920635	19.219122081
15	0	485.365079365	22.2220408156
15	1	489.555555556	25.7076221035
15	2	490.19047619	11.3457315138
15	3	493.80952381	10.0898458195
15	4	484.73015873	30.6113405426
15	5	483.650793651	28.1910481852
15	6	484.158730159	31.0070173057
15	7	490.507936508	24.6935972782
15	8	121.936507937	18.1911133161
15	9	132.793650794	17.0844389702
15	10	128.857142857	17.434555309
15	11	127.714285714	16.7705605357
15	12	124.031746032	18.4597100993
15	13	124.476190476	17.185133057
15	14	115.777777778	16.9821983774
15	16	660.73015873	16.0606058013
15	17	661.301587302	18.0093757951
15	18	661.174603175	22.1298761518
15	19	660.73015873	21.3312546228
15	20	662.571428571	18.9080601657
15	21	666.063492063	15.6061373925
15	22	669.746031746	16.9985697381
15	23	663.142857143	24.3824404308
15	24	678.317460317	20.4619859677
15	25	674.380952381	20.8238481809
15	26	676.285714286	23.827041175
15	27	676.666666667	25.1471857746
15	28	677.111111111	16.7967410965
15	29	676.984126984	28.1128632725
15	30	674.888888889	25.6218601552
15	31	675.714285714	14.355385662
16	0	482.761904762	46.1707370685
16	1	482.253968254	35.4624631657
16	2	489.238095238	23.0484061259
16	3	486.952380952	30.915875909
16	4	488.603174603	20.0843773153
16	5	489.492063492	14.9410195099
16	6	486.253968254	32.2362155869
16	7	482.571428571	40.8410446696
16	8	660.793650794	16.6477594948
16	9	652.349206349	23.4393230374
16	10	657.365079365	24.0655860378
16	11	649.111111111	22.1446264299
16	12	655.587301587	20.2779377498
16	13	654.761904762	18.1402947822
16	14	661.746031746	22.8604935816
16	15	649.492063492	22.5317222697
16	17	121.936507937	19.4853408603
16	18	124.53968254	16.1154814621
16	19	131.333333333	13.89301526
16	20	127.650793651	15.2629427046
16	21	117.174603175	16.176153017
16	22	126.952380952	15.3637674896
16	23	131.206349206	15.8986459743
16	24	675.206349206	24.8794928814
16	25	676.349206349	22.8356159653
16	26	680.666666667	24.3779760088
16	27	676.285714286	16.6794508792
16	28	679.714285714	19.1464104733
16	29	671.523809524	23.3393578228
16	30	671.841269841	13.406000018
16	31	683.142857143	20.9419887648
17	0	473.936507937	48.060766105
17	1	486.825396825	25.5097489503
17	2	488.984126984	18.909552523
17	3	478.380952381	41.2177448962
17	4	486.888888889	30.5832774678
17	5	478.698412698	44.2592058115
17	6	488.031746032	33.8352536419
17	7	481.746031746	40.547823324
17	8	660.031746032	25.2366376738
17	9	656.603174603	22.8747727424
17	10	658.444444444	23.6386673931
17	11	663.142857143	22.451964345
17	12	659.206349206	19.7975136567
17	13	652.285714286	20.1040377935
17	14	657.238095238	19.0685599174
17	15	658.317460317	27.1415018691
17	16	111.650793651	15.2462940906
17	18	123.079365079	17.777551019
17	19	129.301587302	13.1711986421
17	20	138.380952381	14.927792947
17	21	127.714285714	16.8461088451
17	22	126.0	16.5615734242
17	23	118.444444444	17.3129713531
17	24	674.825396825	20.2731660025
17	25	670.507936508	18.2329485603
17	26	674.888888889	25.7602567713
17	27	676.603174603	17.8907972109
17	28	682.253968254	23.6575893081
17	29	677.365079365	24.2338485485
17	30	677.80952381	29.1110938014
17	31	681.301587302	23.5895019162
18	0	483.841269841	25.1757040533
18	1	481.365079365	36.474518867
18	2	476.984126984	18.909552523
18	3	490.761904762	15.132970717
18	4	490.761904762	16.8331817869
18	5	490.634920635	22.095967877
18	6	481.936507937	34.1313396999
18	7	481.238095238	32.8989382208
18	8	657.174603175	14.0051460866
18	9	653.174603175	25.3499567531
18	10	661.301587302	24.0796528218
18	11	646.507936508	20.9791075331
18	12	653.301587302	20.1018319631
18	13	655.968253968	20.3695760169
18	14	651.396825397	28.4647036697
18	15	657.746031746	27.5369698129
18	16	118.19047619	15.5398689938
18	17	132.984126984	14.1819156736
18	19	127.206349206	17.2177084276
18	20	130.507936508	18.022801269
18	21	126.888888889	19.4455781982
18	22	118.063492063	17.2892048307
18	23	124.920634921	16.9136946367
18	24	679.079365079	22.6297329258
18	25	684.412698413	19.263119562
18	26	675.079365079	16.793140689
18	27	678.126984127	24.7498546178
18	28	681.111111111	14.4212267614
18	29	679.714285714	14.5137357726
18	30	670.698412698	15.393912341
18	31	677.936507937	21.2795997515
19	0	476.793650794	37.514085706
19	1	481.682539683	47.0396068837
19	2	481.174603175	17.1070761211
19	3	489.301587302	32.5550254188
19	4	482.888888889	41.0617464241
19	5	486.507936508	26.8516636686
19	6	484.666666667	37.8803462883
19	7	487.904761905	26.788835797
19	8	653.111111111	29.8435662744
19	9	661.936507937	23.0774218085
19	10	644.349206349	23.5689860313
19	11	657.555555556	24.0856789286
19	12	642.698412698	22.4192624949
19	13	654.952380952	23.9652053144
19	14	652.222222222	26.8921682376
19	15	660.984126984	15.2684882085
19	16	123.650793651	19.0655999786
19	17	116.666666667	12.5280637352
19	18	122.761904762	16.6053293087
19	20	140.603174603	9.40540149188
19	21	126.126984127	17.1339188926
19	22	131.587301587	18.7418849492
19	23	128.158730159	17.4403348858
19	24	671.587301587	21.0763049988
19	25	676.73015873	21.5444953742
19	26	675.968253968	25.4570713998
19	27	681.174603175	24.6077415116
19	28	686.126984127	22.4127883446
19	29	680.857142857	18.3154520095
19	30	671.904761905	25.833234584
19	31	681.492063492	24.3831017571
20	0	489.873015873	25.8244943794
20	1	486.126984127	32.1659842333
20	2	478.317460317	15.8933203468
20	3	483.587301587	40.6083246296
20	4	489.682539683	32.3575389988
20	5	473.682539683	51.0576472816
20	6	492.920634921	18.2568113728
20	7	483.523809524	25.2924840727
20	8	656.53968254	20.0482160049
20	9	662.825396825	16.8678709174
20	10	657.238095238	23.7645289132
20	11	658.444444444	20.3600743581
20	12	655.777777778	21.2232610067
20	13	653.428571429	23.0263577651
20	14	661.365079365	24.6597812702
20	15	656.349206349	15.4284407859
20	16	120.476190476	17.5217390081
20	17	121.365079365	16.5953728369
20	18	129.428571429	16.139977268
20	19	117.428571429	17.411649344
20	21	129.619047619	16.8461088451
20	22	124.349206349	17.9824947774
20	23	131.206349206	15.4119709504
20	24	665.492063492	27.634733732
20	25	672.920634921	22.0729681603
20	26	670.888888889	25.4527954688
20	27	665.619047619	29.8032855179
20	28	676.53968254	20.91617844
20	29	688.920634921	15.9077714733
20	30	675.904761905	25.9019606329
20	31	675.777777778	24.3130668666
21	0	479.587301587	37.2552904182
21	1	484.984126984	15.1850930071
21	2	476.031746032	48.2736801843
21	3	488.666666667	24.6988207417
21	4	488.222222222	22.557471183
21	5	491.841269841	19.9023061192
21	6	490.761904762	26.6843478798
21	7	478.888888889	46.3441614997
21	8	660.222222222	23.7529910861
21	9	655.206349206	24.3011259326
21	10	657.365079365	22.6297329258
21	11	662.761904762	22.5921142906
21	12	663.142857143	19.3537307366
21	13	657.301587302	21.0763049988
21	14	655.968253968	24.3870693385
21	15	655.714285714	24.9007098588
21	16	119.333333333	15.7601063569
21	17	135.015873016	14.2533672585
21	18	132.857142857	17.5940620781
21	19	112.920634921	15.0040223044
21	20	133.365079365	17.3143683679
21	22	124.158730159	18.2375909969
21	23	135.079365079	14.9701306706
21	24	678.380952381	21.0059920185
21	25	681.80952381	20.5131449477
21	26	676.285714286	23.8057139809
21	27	678.634920635	23.2169215706
21	28	671.968253968	27.7482836615
21	29	683.015873016	20.3956827547
21	30	677.301587302	21.5293339354
21	31	673.746031746	26.8079402203
22	0	477.365079365	42.393209095
22	1	484.412698413	17.2457815598
22	2	480.412698413	37.7496493921
22	3	478.634920635	30.4564751044
22	4	486.634920635	24.6597812702
22	5	482.444444444	26.1289705893
22	6	479.650793651	41.2480528565
22	7	489.238095238	25.0648139422
22	8	656.031746032	13.8723983735
22	9	661.365079365	17.0333953846
22	10	658.825396825	23.0737531659
22	11	654.825396825	17.1219154864
22	12	657.619047619	23.6236554645
22	13	656.603174603	19.3633098333
22	14	652.031746032	25.2567566028
22	15	660.476190476	23.5775364862
22	16	127.587301587	17.127565196
22	17	124.920634921	16.5800622161
22	18	120.920634921	15.5852001299
22	19	134.698412698	14.7364518577
22	20	129.936507937	18.0509622624
22	21	125.80952381	16.5834657979
22	23	130.126984127	18.322933902
22	24	683.904761905	15.757804099
22	25	675.523809524	25.8683217087
22	26	676.285714286	22.5454944441
22	27	675.142857143	16.9020118487
22	28	678.380952381	15.5118271021
22	29	674.444444444	15.3703257474
22	30	681.936507937	25.4732184391
22	31	675.015873016	23.6371325199
23	0	476.793650794	42.1494539422
23	1	480.984126984	18.0013157046
23	2	492.095238095	25.6655623051
23	3	486.698412698	36.2673647169
23	4	489.301587302	18.8230143839
23	5	492.285714286	16.3565710027
23	6	480.793650794	33.2275267078
23	7	482.0	38.0542636787
23	8	657.873015873	18.6662347429
23	9	661.238095238	25.2264123903
23	10	655.777777778	27.8205385159
23	11	659.777777778	13.0790568618
23	12	655.333333333	25.0358473153
23	13	661.619047619	22.5003905232
23	14	655.841269841	26.7695671495
23	15	661.873015873	17.6162731978
23	16	119.587301587	14.9418289191
23	17	126.444444444	16.6397666515
23	18	127.26984127	18.1678298878
23	19	114.761904762	15.9659501636
23	20	125.492063492	18.5505512825
23	21	133.238095238	15.2832663817
23	22	111.206349206	12.9396140005
23	24	681.174603175	12.5109979333
23	25	681.428571429	19.6845877071
23	26	682.126984127	23.7764002398
23	27	675.396825397	23.7570639002
23	28	673.746031746	27.4353313246
23	29	675.650793651	26.2019984275
23	30	678.698412698	16.9036813128
23	31	685.428571429	17.700967856
24	0	492.412698413	14.3876434205
24	1	480.984126984	25.1670558554
24	2	470.253968254	53.6934178384
24	3	485.174603175	14.8671788109
24	4	489.047619048	15.8037855335
24	5	489.873015873	14.7610513493
24	6	482.253968254	36.6320045055
24	7	486.634920635	13.4887390862
24	8	657.428571429	22.5696201807
24	9	656.349206349	27.1539752594
24	10	658.0	16.3920228373
24	11	665.047619048	18.5809499402
24	12	653.555555556	16.0334746829
24	13	656.920634921	20.707564439
24	14	660.095238095	23.4525622425
24	15	668.031746032	19.3988776095
24	16	672.222222222	22.6921736347
24	17	665.682539683	17.8359592164
24	18	665.047619048	21.401252427
24	19	667.777777778	20.5916028844
24	20	667.46031746	15.9889102409
24	21	673.301587302	16.9935888197
24	22	673.746031746	16.803219886
24	23	660.793650794	27.9467513688
24	25	134.0	16.1422250192
24	26	130.571428571	17.8865155254
24	27	127.015873016	18.7747652859
24	28	138.952380952	12.2142625081
24	29	124.73015873	16.937988064
24	30	126.126984127	18.8692174479
24	31	117.111111111	17.1853676327
25	0	478.444444444	40.8239650197
25	1	485.301587302	35.4242473324
25	2	481.365079365	39.8550156519
25	3	489.047619048	16.6337089102
25	4	487.968253968	25.685502213
25	5	489.619047619	16.8461088451
25	6	477.873015873	41.6605679588
25	7	482.571428571	38.1732534494
25	8	652.73015873	26.8926179457
25	9	660.666666667	15.7923027262
25	10	657.174603175	15.6818970372
25	11	662.126984127	19.0166944731
25	12	655.904761905	24.1987237534
25	13	655.904761905	19.8003641827
25	14	659.26984127	15.6278204811
25	15	660.412698413	19.5120108884
25	16	659.587301587	22.0192087287
25	17	665.873015873	25.7358326343
25	18	663.650793651	17.2324525244
25	19	665.238095238	18.0138520648
25	20	669.365079365	24.3592826981
25	21	666.444444444	22.0142650561
25	22	676.984126984	19.0300448026
25	23	669.555555556	20.5463299761
25	24	119.333333333	17.7173576445
25	26	134.063492063	18.4819714951
25	27	130.761904762	16.620616654
25	28	131.523809524	17.34693344
25	29	121.555555556	16.23808748
25	30	126.444444444	18.6953672029
25	31	118.317460317	17.7360053454
26	0	484.73015873	33.3358124551
26	1	483.904761905	33.4804914937
26	2	484.666666667	29.2205624491
26	3	484.476190476	33.7040608654
26	4	478.888888889	33.5607060065
26	5	480.158730159	44.197682317
26	6	481.619047619	29.9901722376
26	7	483.46031746	34.8733879513
26	8	657.174603175	15.6007119115
26	9	654.317460317	22.9760575153
26	10	651.142857143	25.1110910441
26	11	660.984126984	16.8499371799
26	12	652.285714286	23.2443395201
26	13	658.063492063	30.2916369704
26	14	655.26984127	15.5789910927
26	15	662.952380952	16.7402457468
26	16	667.206349206	13.70222868
26	17	665.555555556	17.9326586683
26	18	666.063492063	13.6252252241
26	19	665.047619048	22.8476170627
26	20	673.301587302	20.4401060171
26	21	664.984126984	21.8388703001
26	22	661.555555556	23.5956532033
26	23	670.888888889	12.3328328227
26	24	136.53968254	14.3657721485
26	25	113.80952381	14.2259065523
26	27	137.428571429	14.5162353396
26	28	138.952380952	13.2130630065
26	29	127.26984127	17.9002583552
26	30	126.317460317	17.991907702
26	31	129.174603175	16.6709896132
27	0	487.079365079	24.8035465893
27	1	480.349206349	37.9314999683
27	2	483.015873016	37.8264592301
27	3	488.031746032	20.3944968098
27	4	466.952380952	54.7373029624
27	5	487.079365079	28.6430143772
27	6	480.73015873	44.0134201573
27	7	488.666666667	23.4432783882
27	8	669.746031746	17.4701271145
27	9	661.238095238	18.732633681
27	10	659.46031746	23.2725912752
27	11	660.53968254	14.0258552599
27	12	657.936507937	21.8565837786
27	13	656.222222222	26.0965511584
27	14	653.111111111	25.7010351908
27	15	662.317460317	21.1336077771
27	16	672.349206349	20.3790732457
27	17	667.015873016	15.0169132832
27	18	663.587301587	22.8678987039
27	19	668.666666667	20.9246569826
27	20	667.26984127	13.2151985003
27	21	663.396825397	13.202380356
27	22	664.53968254	20.2749555393
27	23	662.19047619	28.1711645565
27	24	135.396825397	15.6332365542
27	25	118.19047619	14.9059028926
27	26	119.904761905	18.6919168386
27	28	125.111111111	18.5635853741
27	29	126.761904762	16.1714173537
27	30	135.26984127	15.4808702733
27	31	133.047619048	18.7035592669
28	0	487.015873016	16.6985334053
28	1	489.936507937	16.5844381215
28	2	490.634920635	18.9529924657
28	3	482.888888889	31.7245641701
28	4	488.984126984	15.8719999675
28	5	486.19047619	21.4334386007
28	6	485.619047619	31.2995910372
28	7	491.142857143	12.7775313
28	8	657.619047619	23.2770945191
28	9	657.80952381	26.5371002009
28	10	661.936507937	21.926191496
28	11	655.841269841	16.3582961324
28	12	659.650793651	16.6630079128
28	13	660.603174603	16.5486676993
28	14	659.841269841	16.2336182132
28	15	661.111111111	19.1958255309
28	16	663.142857143	26.2193779925
28	17	665.936507937	13.8837269319
28	18	665.936507937	20.8698712098
28	19	661.174603175	25.6883270894
28	20	671.587301587	14.4405018167
28	21	661.555555556	20.620361164
28	22	665.80952381	24.5485312287
28	23	669.428571429	15.0993685201
28	24	124.095238095	15.8862167329
28	25	124.666666667	17.2672733852
28	26	126.317460317	15.7003946941
28	27	114.380952381	16.6337089102
28	29	132.603174603	14.6953611972
28	30	119.26984127	18.8941969333
28	31	115.968253968	18.0844300778
29	0	485.238095238	23.1802558881
29	1	480.603174603	36.2576930786
29	2	480.793650794	37.964962431
29	3	488.095238095	28.291966601
29	4	487.777777778	32.0141062383
29	5	476.412698413	43.5884923362
29	6	488.793650794	30.5266777578
29	7	471.714285714	51.0398003963
29	8	660.285714286	14.7049592881
29	9	662.698412698	13.5513543172
29	10	659.904761905	24.1882263671
29	11	665.682539683	21.7027724049
29	12	656.920634921	27.1780149171
29	13	651.777777778	18.4308613209
29	14	656.031746032	22.2067973678
29	15	655.841269841	23.3871531342
29	16	664.095238095	23.224039465
29	17	667.26984127	25.6949172599
29	18	672.476190476	18.8080168173
29	19	669.174603175	15.7304069943
29	20	669.555555556	21.1072678206
29	21	666.380952381	14.4962267356
29	22	664.603174603	17.7768707252
29	23	662.507936508	27.0870864892
29	24	130.507936508	17.3624965434
29	25	127.650793651	16.8750390759
29	26	132.73015873	15.4480248383
29	27	134.444444444	16.0809241006
29	28	126.888888889	17.2296450977
29	30	132.73015873	16.8628513935
29	31	131.015873016	16.5610865983
30	0	488.793650794	14.5473051343
30	1	478.126984127	38.3730610134
30	2	489.111111111	20.6490793915
30	3	491.26984127	13.272726959
30	4	486.380952381	20.6031501455
30	5	487.587301587	24.5600236031
30	6	482.698412698	23.3187947364
30	7	489.301587302	14.3345901117
30	8	660.603174603	17.4160477744
30	9	657.047619048	21.0784088519
30	10	656.857142857	21.2669033745
30	11	659.650793651	14.5647527675
30	12	657.873015873	23.925474279
30	13	654.698412698	20.8339123124
30	14	655.650793651	18.8108029838
30	15	664.666666667	20.9125161885
30	16	656.349206349	23.7407684516
30	17	663.26984127	12.8843529433
30	18	662.0	20.3960780544
30	19	667.904761905	16.0452873818
30	20	663.777777778	22.8816447159
30	21	666.952380952	15.7716126053
30	22	662.888888889	23.6744528514
30	23	661.746031746	25.0447017836
30	24	123.142857143	19.0894778154
30	25	129.301587302	16.6615562838
30	26	132.095238095	19.3986698003
30	27	120.666666667	15.5492050529
30	28	129.238095238	17.686614332
30	29	135.396825397	12.6923795192
30	31	127.968253968	16.5596260348
31	0	485.80952381	38.9606464627
31	1	484.857142857	33.6889870107
31	2	478.507936508	45.6709671301
31	3	491.841269841	12.4635421972
31	4	479.714285714	43.4961879634
31	5	487.777777778	24.8196315313
31	6	479.587301587	38.3437397554
31	7	485.365079365	24.4633198615
31	8	660.857142857	18.245988594
31	9	655.206349206	20.7005549578
31	10	659.650793651	22.0087707842
31	11	654.253968254	17.4555837739
31	12	660.412698413	13.7004633459
31	13	667.26984127	19.1743929348
31	14	658.507936508	25.0813742414
31	15	661.873015873	18.4610203363
31	16	658.19047619	35.0848663359
31	17	663.206349206	27.191361099
31	18	668.793650794	17.69777919
31	19	669.936507937	27.1806846778
31	20	665.365079365	15.0378375549
31	21	666.19047619	14.854700654
31	22	663.841269841	21.8604566888
31	23	667.904761905	12.2172325416
31	24	120.349206349	16.6172206816
31	25	126.126984127	17.8169636159
31	26	135.841269841	13.5191884198
31	27	128.603174603	17.4014592369
31	28	118.19047619	17.3176276308
31	29	118.507936508	16.3531201973
31	30	140.793650794	14.3008033187
