
0 1 147.8 24.0 96.0 200.0 148.0
0 2 145.0 22.7 100.0 220.0 148.0
0 3 139.9 21.0 104.0 208.0 140.0
0 4 137.6 20.8 104.0 200.0 132.0
0 5 146.4 21.4 100.0 212.0 148.0
0 6 146.8 21.3 100.0 200.0 148.0
0 7 151.0 20.1 96.0 208.0 152.0
0 8 504.5 76.5 276.0 808.0 512.0
0 9 493.0 72.0 272.0 860.0 504.0
0 10 503.9 68.7 280.0 788.0 512.0
0 11 496.0 67.6 284.0 764.0 500.0
0 12 489.1 77.1 276.0 752.0 504.0
0 13 497.2 74.2 280.0 752.0 512.0
0 14 492.8 82.7 276.0 812.0 504.0
0 15 496.6 80.0 276.0 768.0 516.0
0 16 486.9 74.6 104.0 732.0 500.0
0 17 493.7 60.8 288.0 756.0 500.0
0 18 502.5 75.3 280.0 832.0 508.0
0 19 487.7 86.1 276.0 820.0 500.0
0 20 483.7 79.7 276.0 816.0 496.0
0 21 492.2 80.1 292.0 792.0 500.0
0 22 482.3 78.0 280.0 776.0 496.0
0 23 493.6 71.5 292.0 876.0 500.0
0 24 494.8 62.5 288.0 856.0 496.0
0 25 494.5 55.2 284.0 844.0 496.0
0 26 499.1 60.7 304.0 776.0 500.0
0 27 496.3 62.2 288.0 816.0 500.0
0 28 481.6 61.7 300.0 760.0 484.0
0 29 488.0 70.2 296.0 776.0 492.0
0 30 495.0 72.4 284.0 992.0 500.0
0 31 490.3 59.6 280.0 748.0 500.0
1 0 147.4 21.9 100.0 204.0 148.0
1 2 145.4 22.2 96.0 204.0 148.0
1 3 144.3 23.0 100.0 208.0 144.0
1 4 149.8 19.2 104.0 200.0 148.0
1 5 135.7 21.3 104.0 216.0 132.0
1 6 144.3 22.4 100.0 200.0 148.0
1 7 145.3 22.7 100.0 200.0 148.0
1 8 496.2 94.8 272.0 1472.0 500.0
1 9 487.7 72.8 88.0 808.0 500.0
1 10 489.9 74.5 276.0 772.0 500.0
1 11 505.0 79.5 280.0 812.0 520.0
1 12 483.1 77.1 280.0 756.0 496.0
1 13 501.4 69.2 280.0 740.0 508.0
1 14 512.9 73.4 284.0 840.0 512.0
1 15 487.5 82.0 276.0 732.0 508.0
1 16 485.1 77.0 280.0 800.0 496.0
1 17 493.7 74.7 276.0 804.0 500.0
1 18 505.1 67.2 300.0 840.0 508.0
1 19 499.4 78.4 276.0 812.0 512.0
1 20 488.2 88.0 276.0 800.0 500.0
1 21 490.2 65.7 284.0 788.0 498.0
1 22 482.4 72.3 288.0 704.0 496.0
1 23 480.9 84.9 272.0 836.0 496.0
1 24 486.1 64.9 292.0 840.0 492.0
1 25 497.4 43.6 292.0 880.0 496.0
1 26 491.3 74.8 292.0 780.0 496.0
1 27 501.7 64.2 296.0 768.0 504.0
1 28 490.4 49.5 288.0 692.0 496.0
1 29 488.0 65.3 308.0 812.0 492.0
1 30 488.4 60.3 288.0 780.0 492.0
1 31 494.9 67.6 296.0 788.0 504.0
2 0 145.1 21.8 100.0 224.0 144.0
2 1 151.5 18.5 100.0 200.0 148.0
2 3 142.3 23.3 96.0 200.0 144.0
2 4 148.3 21.4 100.0 196.0 148.0
2 5 147.6 20.7 100.0 200.0 148.0
2 6 143.7 22.0 104.0 200.0 144.0
2 7 139.4 22.7 104.0 216.0 136.0
2 8 489.2 87.7 272.0 824.0 500.0
2 9 496.2 54.8 272.0 748.0 500.0
2 10 499.9 72.2 280.0 828.0 512.0
2 11 494.4 71.2 288.0 776.0 508.0
2 12 499.8 78.7 280.0 816.0 512.0
2 13 506.3 66.3 276.0 812.0 516.0
2 14 506.6 70.6 280.0 876.0 516.0
2 15 500.1 79.4 276.0 824.0 512.0
2 16 481.5 75.0 276.0 816.0 492.0
2 17 485.9 70.1 276.0 736.0 496.0
2 18 496.1 69.9 292.0 800.0 500.0
2 19 482.9 76.9 280.0 824.0 496.0
2 20 495.0 64.4 96.0 700.0 500.0
2 21 492.2 73.1 284.0 820.0 500.0
2 22 489.8 76.7 276.0 844.0 500.0
2 23 479.7 76.4 284.0 788.0 492.0
2 24 493.5 68.3 284.0 896.0 500.0
2 25 482.0 61.7 284.0 756.0 484.0
2 26 488.8 59.0 92.0 768.0 492.0
2 27 496.8 58.3 300.0 804.0 500.0
2 28 491.5 66.0 284.0 796.0 496.0
2 29 496.9 63.1 288.0 796.0 500.0
2 30 493.5 60.9 292.0 764.0 492.0
2 31 486.4 67.3 292.0 748.0 496.0
3 0 142.1 22.1 100.0 208.0 140.0
3 1 147.6 22.4 100.0 200.0 148.0
3 2 148.6 21.1 96.0 196.0 148.0
3 4 144.8 23.3 100.0 204.0 146.0
3 5 141.1 21.7 100.0 196.0 140.0
3 6 144.5 21.6 104.0 200.0 144.0
3 7 140.5 22.2 104.0 200.0 144.0
3 8 497.6 80.9 276.0 816.0 508.0
3 9 496.6 68.4 272.0 768.0 504.0
3 10 501.6 72.5 272.0 828.0 516.0
3 11 501.7 53.6 292.0 756.0 508.0
3 12 499.4 79.8 280.0 808.0 516.0
3 13 493.3 84.0 280.0 788.0 516.0
3 14 498.4 73.8 280.0 832.0 516.0
3 15 494.2 73.6 280.0 788.0 504.0
3 16 488.4 71.0 280.0 832.0 492.0
3 17 481.3 66.5 276.0 792.0 488.0
3 18 492.3 71.5 280.0 752.0 500.0
3 19 487.0 79.8 280.0 784.0 500.0
3 20 495.0 86.9 280.0 1492.0 500.0
3 21 496.2 67.6 288.0 744.0 500.0
3 22 484.8 77.1 280.0 928.0 496.0
3 23 485.4 80.3 276.0 884.0 496.0
3 24 480.3 61.2 292.0 760.0 484.0
3 25 483.8 55.9 296.0 800.0 484.0
3 26 486.7 65.4 288.0 764.0 488.0
3 27 488.0 57.1 284.0 724.0 492.0
3 28 497.4 63.1 288.0 764.0 504.0
3 29 498.4 57.2 292.0 756.0 500.0
3 30 489.8 53.1 292.0 772.0 492.0
3 31 525.7 44.2 460.0 808.0 512.0
4 0 139.1 22.2 104.0 204.0 136.0
4 1 138.0 22.8 104.0 204.0 128.0
4 2 148.0 21.2 100.0 200.0 148.0
4 3 147.4 22.8 96.0 216.0 148.0
4 5 149.8 22.7 96.0 212.0 152.0
4 6 144.9 23.1 100.0 212.0 144.0
4 7 146.5 19.4 104.0 200.0 148.0
4 8 489.6 78.4 276.0 816.0 500.0
4 9 496.1 81.8 280.0 820.0 512.0
4 10 520.2 60.8 276.0 844.0 520.0
4 11 489.7 77.1 280.0 744.0 504.0
4 12 497.2 83.5 292.0 800.0 512.0
4 13 500.4 72.4 296.0 808.0 512.0
4 14 496.8 69.2 276.0 824.0 506.0
4 15 499.1 73.3 284.0 832.0 512.0
4 16 480.5 72.4 276.0 784.0 492.0
4 17 494.3 71.5 284.0 780.0 504.0
4 18 485.3 69.6 284.0 740.0 496.0
4 19 491.9 78.0 280.0 912.0 498.0
4 20 487.7 78.5 284.0 848.0 496.0
4 21 490.1 71.5 284.0 780.0 500.0
4 22 489.0 65.9 296.0 776.0 498.0
4 23 488.4 63.7 280.0 728.0 496.0
4 24 497.7 68.9 300.0 1476.0 496.0
4 25 493.2 60.5 120.0 788.0 496.0
4 26 491.0 62.0 296.0 796.0 492.0
4 27 495.4 75.6 296.0 860.0 500.0
4 28 488.2 53.9 284.0 756.0 492.0
4 29 489.4 62.4 284.0 760.0 500.0
4 30 496.6 70.0 92.0 808.0 500.0
4 31 490.7 67.7 292.0 796.0 496.0
5 0 140.3 22.2 100.0 208.0 140.0
5 1 140.1 22.2 104.0 200.0 144.0
5 2 138.6 22.0 100.0 208.0 136.0
5 3 145.2 22.4 100.0 204.0 148.0
5 4 147.7 21.2 100.0 200.0 148.0
5 6 147.0 23.8 96.0 212.0 148.0
5 7 141.9 22.0 84.0 200.0 144.0
5 8 494.9 74.7 280.0 748.0 508.0
5 9 501.9 83.9 280.0 972.0 512.0
5 10 504.7 76.1 280.0 852.0 508.0
5 11 490.3 80.1 276.0 812.0 504.0
5 12 503.8 63.1 280.0 860.0 512.0
5 13 489.8 76.2 284.0 740.0 508.0
5 14 499.7 77.6 272.0 824.0 512.0
5 15 506.2 72.4 272.0 860.0 518.0
5 16 498.6 63.9 116.0 752.0 500.0
5 17 487.2 78.5 276.0 748.0 500.0
5 18 483.7 85.4 284.0 832.0 500.0
5 19 498.9 79.6 280.0 904.0 508.0
5 20 486.5 62.6 276.0 876.0 496.0
5 21 493.6 73.9 296.0 816.0 500.0
5 22 489.8 79.4 276.0 892.0 500.0
5 23 487.0 79.7 288.0 816.0 496.0
5 24 495.4 65.1 280.0 892.0 496.0
5 25 484.5 66.2 292.0 796.0 492.0
5 26 487.9 56.9 292.0 800.0 484.0
5 27 493.5 63.1 292.0 792.0 496.0
5 28 492.1 62.2 288.0 800.0 496.0
5 29 486.7 64.1 116.0 804.0 492.0
5 30 485.1 56.8 284.0 756.0 488.0
5 31 493.8 73.1 284.0 1500.0 496.0
6 0 147.7 22.0 100.0 200.0 148.0
6 1 145.3 21.0 104.0 196.0 144.0
6 2 144.1 21.9 104.0 220.0 144.0
6 3 141.8 22.1 104.0 200.0 140.0
6 4 145.6 22.4 100.0 216.0 148.0
6 5 149.7 20.5 96.0 220.0 148.0
6 7 147.5 22.6 96.0 196.0 148.0
6 8 490.6 75.2 276.0 720.0 504.0
6 9 489.6 76.8 280.0 852.0 506.0
6 10 493.2 83.9 280.0 832.0 508.0
6 11 516.2 67.8 272.0 792.0 516.0
6 12 497.0 75.9 276.0 812.0 504.0
6 13 501.5 82.0 268.0 816.0 516.0
6 14 509.0 72.2 280.0 840.0 516.0
6 15 508.8 63.2 300.0 864.0 512.0
6 16 481.5 76.2 284.0 828.0 496.0
6 17 487.9 78.2 300.0 768.0 500.0
6 18 488.5 85.4 280.0 816.0 496.0
6 19 484.1 72.8 276.0 724.0 496.0
6 20 485.2 75.9 276.0 824.0 496.0
6 21 487.9 68.1 276.0 664.0 500.0
6 22 498.9 76.2 152.0 840.0 504.0
6 23 501.5 85.8 296.0 1432.0 500.0
6 24 490.1 57.0 284.0 752.0 492.0
6 25 492.8 59.8 292.0 776.0 496.0
6 26 492.7 67.7 292.0 780.0 500.0
6 27 490.0 56.2 296.0 752.0 496.0
6 28 494.8 72.1 288.0 804.0 504.0
6 29 489.9 70.2 284.0 756.0 500.0
6 30 488.2 62.0 284.0 768.0 488.0
6 31 490.8 68.7 292.0 844.0 488.0
7 0 146.5 22.1 96.0 196.0 148.0
7 1 143.6 24.2 100.0 204.0 144.0
7 2 148.5 20.5 104.0 212.0 148.0
7 3 137.3 21.6 104.0 200.0 138.0
7 4 144.7 21.6 100.0 220.0 148.0
7 5 146.8 21.2 100.0 200.0 148.0
7 6 150.2 21.0 100.0 196.0 148.0
7 8 500.8 68.6 288.0 772.0 508.0
7 9 498.3 69.0 280.0 752.0 508.0
7 10 499.1 70.6 280.0 736.0 516.0
7 11 498.1 75.3 280.0 816.0 508.0
7 12 501.1 76.1 276.0 828.0 508.0
7 13 486.8 82.1 276.0 768.0 504.0
7 14 502.8 73.2 272.0 812.0 512.0
7 15 508.6 75.5 280.0 816.0 524.0
7 16 490.1 75.2 284.0 820.0 496.0
7 17 488.9 76.3 284.0 820.0 496.0
7 18 488.1 85.8 284.0 840.0 500.0
7 19 491.6 83.8 292.0 840.0 500.0
7 20 487.6 76.3 280.0 688.0 504.0
7 21 495.1 71.8 280.0 892.0 500.0
7 22 524.2 53.6 308.0 872.0 516.0
7 23 487.7 70.9 284.0 816.0 496.0
7 24 488.2 65.6 288.0 784.0 496.0
7 25 486.1 60.1 292.0 812.0 492.0
7 26 489.1 52.6 308.0 764.0 490.0
7 27 667.7 45.7 540.0 984.0 664.0
7 28 498.0 60.2 88.0 756.0 496.0
7 29 496.9 57.2 300.0 816.0 500.0
7 30 490.2 63.7 296.0 752.0 494.0
7 31 493.2 58.8 300.0 888.0 492.0
8 0 644.6 56.6 528.0 944.0 640.0
8 1 654.3 53.1 540.0 1032.0 656.0
8 2 647.5 48.4 544.0 928.0 644.0
8 3 650.3 45.7 528.0 844.0 652.0
8 4 651.5 52.2 536.0 952.0 648.0
8 5 649.5 51.9 544.0 1020.0 648.0
8 6 653.1 48.6 532.0 1016.0 652.0
8 7 647.4 48.9 540.0 936.0 648.0
8 9 141.1 22.1 96.0 200.0 140.0
8 10 147.9 22.0 100.0 200.0 148.0
8 11 146.4 21.7 104.0 200.0 148.0
8 12 142.5 21.1 104.0 200.0 144.0
8 13 141.7 21.7 104.0 200.0 140.0
8 14 145.3 21.6 100.0 200.0 148.0
8 15 151.1 19.5 96.0 196.0 152.0
8 16 651.4 75.2 524.0 1016.0 652.0
8 17 667.7 59.3 532.0 944.0 666.0
8 18 669.8 57.0 544.0 1040.0 676.0
8 19 680.7 67.5 528.0 1020.0 672.0
8 20 674.2 64.8 544.0 976.0 668.0
8 21 669.3 50.0 548.0 916.0 668.0
8 22 666.9 65.5 544.0 956.0 664.0
8 23 658.5 58.7 528.0 956.0 660.0
8 24 679.8 62.2 552.0 984.0 676.0
8 25 670.5 54.9 544.0 944.0 672.0
8 26 676.0 62.0 548.0 1024.0 676.0
8 27 677.0 63.9 552.0 996.0 676.0
8 28 666.0 54.5 552.0 972.0 668.0
8 29 669.6 55.3 308.0 972.0 668.0
8 30 680.0 58.2 552.0 956.0 676.0
8 31 676.0 62.7 552.0 944.0 676.0
9 0 650.4 50.6 540.0 960.0 652.0
9 1 652.4 57.5 552.0 1016.0 648.0
9 2 647.9 49.3 528.0 944.0 648.0
9 3 646.7 52.8 528.0 1008.0 644.0
9 4 644.4 48.2 544.0 924.0 644.0
9 5 649.5 57.0 548.0 980.0 644.0
9 6 641.4 52.0 540.0 980.0 636.0
9 7 653.1 48.8 536.0 928.0 652.0
9 8 146.6 23.1 96.0 192.0 148.0
9 10 145.9 21.7 96.0 200.0 148.0
9 11 144.0 22.6 100.0 200.0 144.0
9 12 146.2 20.9 104.0 200.0 148.0
9 13 144.2 21.2 104.0 200.0 144.0
9 14 144.7 21.7 100.0 212.0 148.0
9 15 147.9 22.4 100.0 200.0 148.0
9 16 669.0 59.2 536.0 964.0 668.0
9 17 673.1 71.4 548.0 964.0 668.0
9 18 673.7 61.0 532.0 932.0 672.0
9 19 675.6 63.8 544.0 1016.0 676.0
9 20 670.0 66.8 548.0 972.0 668.0
9 21 671.6 54.4 312.0 960.0 668.0
9 22 683.2 63.8 536.0 1004.0 672.0
9 23 662.2 48.8 540.0 912.0 664.0
9 24 673.8 61.4 536.0 1000.0 668.0
9 25 670.0 45.3 552.0 944.0 668.0
9 26 672.6 58.8 548.0 992.0 672.0
9 27 676.1 46.6 532.0 948.0 672.0
9 28 669.5 63.2 540.0 1000.0 668.0
9 29 668.1 51.1 536.0 916.0 668.0
9 30 672.8 73.2 120.0 1000.0 672.0
9 31 672.4 58.2 528.0 1012.0 672.0
10 0 651.2 50.7 544.0 1004.0 652.0
10 1 647.0 51.1 524.0 940.0 644.0
10 2 645.6 47.2 532.0 896.0 644.0
10 3 644.1 51.5 552.0 964.0 640.0
10 4 645.4 52.8 528.0 964.0 644.0
10 5 652.6 46.7 540.0 924.0 652.0
10 6 643.6 50.5 544.0 964.0 640.0
10 7 645.6 48.7 544.0 944.0 644.0
10 8 149.2 21.8 100.0 200.0 152.0
10 9 150.8 20.2 100.0 196.0 152.0
10 11 142.2 22.6 96.0 200.0 142.0
10 12 146.9 21.4 100.0 200.0 148.0
10 13 146.9 20.2 100.0 192.0 148.0
10 14 141.1 22.7 104.0 236.0 144.0
10 15 143.2 22.2 100.0 212.0 144.0
10 16 680.6 67.5 556.0 1040.0 668.0
10 17 669.8 51.5 540.0 896.0 672.0
10 18 669.2 60.3 528.0 944.0 668.0
10 19 663.8 53.4 548.0 920.0 664.0
10 20 680.1 75.2 528.0 1020.0 668.0
10 21 679.6 70.6 536.0 976.0 670.0
10 22 666.2 58.0 544.0 976.0 668.0
10 23 660.2 56.4 520.0 980.0 660.0
10 24 665.4 44.0 524.0 852.0 664.0
10 25 675.2 57.0 540.0 924.0 672.0
10 26 669.3 46.1 548.0 872.0 672.0
10 27 670.9 60.9 540.0 996.0 672.0
10 28 665.9 54.0 552.0 940.0 668.0
10 29 676.4 70.2 532.0 972.0 668.0
10 30 665.1 44.3 532.0 892.0 668.0
10 31 676.9 60.5 548.0 984.0 672.0
11 0 647.3 49.9 536.0 960.0 644.0
11 1 648.6 53.7 528.0 948.0 644.0
11 2 647.1 51.5 524.0 956.0 648.0
11 3 646.9 52.1 528.0 944.0 646.0
11 4 649.2 50.1 536.0 952.0 650.0
11 5 650.3 51.9 320.0 948.0 652.0
11 6 654.7 49.3 548.0 952.0 656.0
11 7 653.9 58.6 528.0 1008.0 652.0
11 8 142.0 22.3 100.0 208.0 144.0
11 9 145.9 22.2 100.0 200.0 148.0
11 10 148.1 21.4 96.0 224.0 148.0
11 12 143.7 22.9 96.0 196.0 148.0
11 13 143.5 22.0 100.0 204.0 144.0
11 14 143.5 24.1 104.0 324.0 144.0
11 15 141.1 21.5 104.0 208.0 144.0
11 16 666.1 62.7 536.0 936.0 664.0
11 17 667.5 55.0 544.0 924.0 664.0
11 18 666.6 51.7 544.0 936.0 668.0
11 19 667.7 69.7 544.0 1008.0 664.0
11 20 672.1 69.3 548.0 1100.0 664.0
11 21 670.5 56.5 544.0 944.0 668.0
11 22 667.8 61.3 548.0 972.0 668.0
11 23 687.0 70.2 544.0 984.0 676.0
11 24 664.4 57.3 540.0 936.0 664.0
11 25 677.3 65.2 544.0 988.0 668.0
11 26 670.7 58.5 540.0 1004.0 668.0
11 27 671.8 64.5 536.0 976.0 668.0
11 28 669.0 63.2 536.0 1012.0 672.0
11 29 670.9 54.4 556.0 956.0 668.0
11 30 666.5 54.7 552.0 968.0 668.0
11 31 669.4 57.3 548.0 936.0 672.0
12 0 649.2 52.9 544.0 1024.0 648.0
12 1 643.9 52.6 540.0 964.0 640.0
12 2 653.8 48.9 528.0 896.0 656.0
12 3 647.2 54.1 532.0 916.0 644.0
12 4 648.3 57.3 316.0 948.0 648.0
12 5 652.6 48.5 524.0 960.0 656.0
12 6 642.8 52.6 308.0 920.0 640.0
12 7 649.3 49.5 540.0 940.0 648.0
12 8 142.4 21.7 104.0 200.0 144.0
12 9 142.4 21.8 104.0 216.0 144.0
12 10 143.9 23.2 100.0 200.0 144.0
12 11 151.1 19.3 96.0 192.0 148.0
12 13 142.1 24.2 96.0 220.0 140.0
12 14 142.0 23.1 100.0 196.0 144.0
12 15 145.1 21.9 104.0 200.0 148.0
12 16 664.5 48.3 536.0 896.0 664.0
12 17 663.6 53.6 536.0 932.0 660.0
12 18 665.2 61.9 528.0 1000.0 664.0
12 19 669.3 57.1 548.0 932.0 668.0
12 20 674.1 70.7 548.0 1016.0 668.0
12 21 676.5 65.5 528.0 984.0 668.0
12 22 668.3 66.5 532.0 988.0 664.0
12 23 667.8 52.2 548.0 924.0 664.0
12 24 669.6 54.1 552.0 1012.0 672.0
12 25 665.8 52.0 556.0 944.0 668.0
12 26 670.1 48.3 556.0 912.0 672.0
12 27 672.1 56.8 552.0 964.0 668.0
12 28 666.1 57.3 92.0 976.0 668.0
12 29 666.0 57.1 548.0 1036.0 668.0
12 30 676.9 65.1 88.0 1008.0 676.0
12 31 670.8 46.5 552.0 800.0 676.0
13 0 646.5 52.4 536.0 920.0 640.0
13 1 643.9 52.2 528.0 948.0 642.0
13 2 653.6 44.8 528.0 884.0 656.0
13 3 639.3 49.0 540.0 900.0 636.0
13 4 649.1 48.6 532.0 936.0 652.0
13 5 644.2 50.4 532.0 948.0 640.0
13 6 647.6 51.0 540.0 936.0 652.0
13 7 645.3 49.5 544.0 920.0 644.0
13 8 143.3 21.6 100.0 204.0 144.0
13 9 139.0 21.9 104.0 232.0 140.0
13 10 141.5 23.0 100.0 212.0 140.0
13 11 145.0 21.9 100.0 200.0 148.0
13 12 149.5 22.9 100.0 212.0 152.0
13 14 144.2 22.7 96.0 204.0 148.0
13 15 140.9 22.8 100.0 216.0 140.0
13 16 679.5 63.6 548.0 1008.0 668.0
13 17 664.4 52.8 548.0 912.0 664.0
13 18 656.8 55.1 520.0 920.0 656.0
13 19 687.7 53.2 552.0 956.0 680.0
13 20 663.1 65.6 528.0 1028.0 656.0
13 21 664.0 53.9 548.0 964.0 664.0
13 22 674.3 54.6 548.0 988.0 672.0
13 23 673.2 65.6 540.0 972.0 664.0
13 24 673.7 65.8 548.0 988.0 676.0
13 25 676.5 68.7 556.0 988.0 668.0
13 26 668.4 55.6 552.0 992.0 672.0
13 27 672.2 53.9 548.0 952.0 672.0
13 28 664.8 48.9 540.0 876.0 668.0
13 29 665.4 50.4 548.0 1032.0 664.0
13 30 677.2 68.1 536.0 948.0 672.0
13 31 676.5 56.7 552.0 952.0 672.0
14 0 651.5 46.6 532.0 960.0 652.0
14 1 649.2 54.6 524.0 944.0 644.0
14 2 644.6 53.7 528.0 960.0 640.0
14 3 649.4 55.1 544.0 1044.0 644.0
14 4 650.4 50.1 540.0 964.0 652.0
14 5 651.4 54.9 536.0 964.0 652.0
14 6 650.0 52.5 528.0 964.0 648.0
14 7 650.3 45.6 532.0 856.0 656.0
14 8 145.9 22.9 100.0 212.0 144.0
14 9 142.2 22.3 104.0 200.0 144.0
14 10 136.8 21.6 104.0 224.0 132.0
14 11 140.1 22.0 104.0 204.0 140.0
14 12 147.1 21.7 96.0 200.0 148.0
14 13 149.7 21.2 96.0 200.0 152.0
14 15 146.5 21.8 96.0 216.0 148.0
14 16 664.1 55.3 544.0 940.0 668.0
14 17 662.1 53.7 528.0 916.0 668.0
14 18 664.5 67.7 524.0 996.0 664.0
14 19 665.2 62.3 544.0 1020.0 664.0
14 20 675.5 68.6 540.0 948.0 668.0
14 21 673.7 68.4 544.0 972.0 668.0
14 22 669.1 58.7 528.0 972.0 666.0
14 23 666.5 54.1 544.0 956.0 664.0
14 24 678.1 67.7 544.0 1012.0 672.0
14 25 675.3 61.3 548.0 1020.0 676.0
14 26 670.0 45.4 540.0 936.0 668.0
14 27 671.2 51.0 552.0 956.0 672.0
14 28 685.3 60.1 548.0 1052.0 676.0
14 29 678.8 69.5 548.0 996.0 672.0
14 30 679.2 60.1 552.0 976.0 676.0
14 31 673.6 50.9 548.0 948.0 672.0
15 0 645.5 57.4 548.0 1012.0 640.0
15 1 649.4 50.7 544.0 976.0 648.0
15 2 652.0 49.5 548.0 964.0 648.0
15 3 651.0 50.9 536.0 888.0 652.0
15 4 652.0 57.7 96.0 960.0 656.0
15 5 649.4 58.6 520.0 932.0 644.0
15 6 641.9 48.5 536.0 960.0 644.0
15 7 649.8 43.2 528.0 884.0 652.0
15 8 144.1 23.0 96.0 208.0 144.0
15 9 141.8 24.0 100.0 212.0 140.0
15 10 145.6 20.2 104.0 208.0 148.0
15 11 137.4 21.8 104.0 216.0 136.0
15 12 142.5 21.8 100.0 200.0 144.0
15 13 145.6 22.0 100.0 212.0 148.0
15 14 150.3 19.9 100.0 200.0 152.0
15 16 658.2 59.6 544.0 948.0 664.0
15 17 671.2 58.6 532.0 972.0 670.0
15 18 673.6 62.2 544.0 976.0 668.0
15 19 671.9 72.2 544.0 980.0 668.0
15 20 677.1 68.0 528.0 968.0 672.0
15 21 668.8 55.8 544.0 964.0 668.0
15 22 674.7 62.1 544.0 956.0 676.0
15 23 670.9 50.9 548.0 920.0 672.0
15 24 670.9 61.0 536.0 992.0 668.0
15 25 671.2 52.3 556.0 948.0 672.0
15 26 667.7 54.7 528.0 980.0 664.0
15 27 682.4 69.1 552.0 992.0 672.0
15 28 671.7 60.0 540.0 1000.0 668.0
15 29 693.8 61.5 564.0 956.0 684.0
15 30 669.5 56.9 552.0 968.0 668.0
15 31 669.2 57.6 548.0 988.0 668.0
16 0 658.6 51.6 540.0 916.0 654.0
16 1 666.8 51.6 540.0 1000.0 672.0
16 2 646.1 53.3 540.0 968.0 636.0
16 3 655.9 50.3 532.0 932.0 652.0
16 4 655.5 51.6 548.0 956.0 652.0
16 5 660.3 58.7 556.0 996.0 660.0
16 6 656.8 53.3 544.0 980.0 660.0
16 7 654.7 47.2 556.0 964.0 656.0
16 8 679.3 61.4 536.0 972.0 676.0
16 9 680.7 66.3 556.0 980.0 676.0
16 10 678.5 50.3 536.0 1028.0 676.0
16 11 685.8 59.2 556.0 940.0 680.0
16 12 676.9 61.7 536.0 972.0 672.0
16 13 684.4 60.5 532.0 984.0 676.0
16 14 681.0 58.2 552.0 980.0 680.0
16 15 676.0 62.7 552.0 1024.0 676.0
16 17 147.9 23.5 96.0 228.0 148.0
16 18 145.2 22.8 100.0 204.0 148.0
16 19 145.5 22.1 104.0 244.0 148.0
16 20 139.9 21.5 104.0 216.0 140.0
16 21 144.8 22.0 104.0 204.0 148.0
16 22 147.1 20.4 100.0 212.0 148.0
16 23 147.3 21.5 96.0 200.0 148.0
16 24 674.0 57.4 544.0 1008.0 672.0
16 25 692.2 69.9 568.0 984.0 684.0
16 26 673.5 43.5 540.0 928.0 672.0
16 27 684.2 64.7 560.0 996.0 678.0
16 28 672.3 50.4 540.0 956.0 672.0
16 29 680.1 59.2 88.0 984.0 684.0
16 30 682.7 65.5 96.0 968.0 680.0
16 31 686.5 67.5 560.0 972.0 676.0
17 0 660.5 56.3 540.0 976.0 656.0
17 1 660.7 48.9 556.0 912.0 664.0
17 2 658.3 50.5 552.0 988.0 656.0
17 3 652.6 52.3 556.0 948.0 652.0
17 4 652.9 56.2 556.0 944.0 652.0
17 5 651.1 50.1 532.0 972.0 648.0
17 6 652.7 48.6 536.0 956.0 652.0
17 7 654.3 51.8 540.0 964.0 656.0
17 8 676.7 65.1 520.0 1004.0 676.0
17 9 684.8 67.4 544.0 972.0 676.0
17 10 672.4 49.1 552.0 884.0 672.0
17 11 685.5 75.5 552.0 1056.0 684.0
17 12 673.5 63.0 536.0 1036.0 672.0
17 13 683.1 71.2 548.0 1072.0 676.0
17 14 685.0 73.6 532.0 1024.0 678.0
17 15 671.2 54.4 536.0 968.0 668.0
17 16 150.8 19.0 96.0 200.0 152.0
17 18 141.9 23.8 96.0 216.0 140.0
17 19 145.7 22.0 100.0 200.0 148.0
17 20 142.7 22.0 104.0 196.0 144.0
17 21 145.8 20.4 104.0 200.0 148.0
17 22 139.9 22.2 100.0 216.0 140.0
17 23 147.6 21.7 100.0 200.0 148.0
17 24 682.0 70.9 84.0 940.0 680.0
17 25 676.6 47.8 556.0 924.0 676.0
17 26 680.7 63.2 544.0 948.0 674.0
17 27 683.7 54.0 548.0 992.0 680.0
17 28 680.0 62.0 540.0 1000.0 676.0
17 29 677.9 55.0 548.0 984.0 676.0
17 30 676.8 56.0 548.0 1004.0 676.0
17 31 679.1 51.9 540.0 952.0 680.0
18 0 652.1 48.2 536.0 916.0 652.0
18 1 654.6 55.2 548.0 948.0 648.0
18 2 653.1 52.6 560.0 964.0 648.0
18 3 648.3 53.6 556.0 948.0 644.0
18 4 656.4 52.3 536.0 968.0 654.0
18 5 680.6 47.5 572.0 984.0 684.0
18 6 658.7 50.6 544.0 944.0 660.0
18 7 656.6 47.8 544.0 924.0 660.0
18 8 681.6 77.2 80.0 1020.0 672.0
18 9 669.3 62.5 544.0 976.0 660.0
18 10 677.9 54.4 548.0 968.0 680.0
18 11 684.7 67.7 552.0 1012.0 680.0
18 12 677.5 60.1 556.0 956.0 676.0
18 13 678.1 55.6 532.0 908.0 676.0
18 14 673.9 63.4 532.0 1024.0 676.0
18 15 672.2 63.6 552.0 964.0 672.0
18 16 143.4 22.4 100.0 204.0 144.0
18 17 149.3 20.5 100.0 200.0 148.0
18 19 142.7 22.5 96.0 204.0 144.0
18 20 141.2 22.8 100.0 208.0 136.0
18 21 139.6 21.9 104.0 200.0 140.0
18 22 139.9 21.9 104.0 196.0 140.0
18 23 141.6 22.7 100.0 204.0 140.0
18 24 679.4 49.6 560.0 972.0 680.0
18 25 684.7 60.9 548.0 960.0 676.0
18 26 675.8 49.2 560.0 1052.0 672.0
18 27 683.1 62.2 556.0 1092.0 676.0
18 28 680.1 56.8 540.0 952.0 676.0
18 29 672.7 48.7 536.0 948.0 676.0
18 30 677.7 52.9 544.0 940.0 676.0
18 31 673.1 52.7 532.0 936.0 672.0
19 0 655.4 52.2 540.0 940.0 656.0
19 1 657.7 59.2 524.0 1028.0 652.0
19 2 661.9 48.7 544.0 972.0 664.0
19 3 662.4 48.5 528.0 952.0 664.0
19 4 654.0 53.3 556.0 936.0 644.0
19 5 653.8 55.0 548.0 996.0 648.0
19 6 649.7 52.6 548.0 916.0 648.0
19 7 650.3 53.9 540.0 944.0 648.0
19 8 674.8 68.0 548.0 984.0 672.0
19 9 672.0 55.7 532.0 980.0 668.0
19 10 677.5 69.3 536.0 1004.0 672.0
19 11 686.5 77.0 540.0 1020.0 684.0
19 12 672.4 59.8 532.0 944.0 672.0
19 13 682.6 75.9 552.0 1032.0 676.0
19 14 671.2 52.9 536.0 964.0 672.0
19 15 696.7 53.6 584.0 964.0 692.0
19 16 146.6 20.6 100.0 212.0 148.0
19 17 148.5 19.9 100.0 216.0 148.0
19 18 147.3 22.0 96.0 200.0 148.0
19 20 144.7 24.0 96.0 208.0 148.0
19 21 144.7 22.4 100.0 212.0 148.0
19 22 143.2 21.4 104.0 200.0 144.0
19 23 142.6 21.8 104.0 204.0 144.0
19 24 676.9 52.2 560.0 992.0 676.0
19 25 682.3 64.7 540.0 992.0 676.0
19 26 674.6 48.5 540.0 940.0 672.0
19 27 677.9 52.8 560.0 984.0 672.0
19 28 675.4 56.3 544.0 964.0 676.0
19 29 706.0 49.7 536.0 1004.0 692.0
19 30 672.0 49.1 540.0 992.0 672.0
19 31 673.8 52.6 560.0 948.0 676.0
20 0 654.6 43.6 536.0 872.0 656.0
20 1 651.3 52.4 548.0 940.0 648.0
20 2 650.2 52.8 556.0 956.0 644.0
20 3 656.1 58.0 312.0 976.0 656.0
20 4 654.4 54.7 540.0 980.0 648.0
20 5 656.9 52.3 540.0 1004.0 656.0
20 6 656.1 49.6 540.0 964.0 656.0
20 7 654.9 47.2 552.0 920.0 656.0
20 8 675.7 64.0 532.0 1040.0 672.0
20 9 679.6 58.7 312.0 1012.0 676.0
20 10 676.6 62.1 548.0 980.0 672.0
20 11 679.0 63.2 548.0 976.0 680.0
20 12 674.8 58.3 532.0 940.0 672.0
20 13 678.9 66.9 548.0 1044.0 676.0
20 14 684.0 68.4 540.0 980.0 676.0
20 15 679.5 61.9 552.0 1016.0 676.0
20 16 145.3 21.4 104.0 200.0 144.0
20 17 140.4 22.2 104.0 216.0 140.0
20 18 145.9 22.6 96.0 200.0 148.0
20 19 150.9 19.5 96.0 212.0 152.0
20 21 143.9 23.6 96.0 200.0 144.0
20 22 139.4 23.6 100.0 212.0 134.0
20 23 147.5 20.5 104.0 212.0 148.0
20 24 677.8 57.7 560.0 968.0 676.0
20 25 676.3 52.8 536.0 976.0 676.0
20 26 675.8 56.7 540.0 1016.0 672.0
20 27 666.5 54.2 544.0 972.0 664.0
20 28 669.5 50.4 544.0 924.0 668.0
20 29 673.2 49.5 544.0 976.0 676.0
20 30 679.9 55.5 564.0 984.0 680.0
20 31 681.9 61.3 564.0 1008.0 680.0
21 0 650.5 52.7 536.0 988.0 648.0
21 1 659.8 53.4 552.0 960.0 656.0
21 2 655.9 53.6 544.0 972.0 654.0
21 3 654.3 48.5 528.0 1008.0 652.0
21 4 661.3 50.7 560.0 976.0 664.0
21 5 654.0 51.0 556.0 964.0 656.0
21 6 659.0 51.6 540.0 976.0 660.0
21 7 655.5 50.6 552.0 920.0 652.0
21 8 677.2 64.3 532.0 988.0 672.0
21 9 675.2 54.2 548.0 964.0 676.0
21 10 683.5 65.3 540.0 988.0 676.0
21 11 679.4 55.8 552.0 952.0 680.0
21 12 671.0 58.7 520.0 968.0 668.0
21 13 677.4 58.3 552.0 940.0 672.0
21 14 679.7 69.5 532.0 1016.0 676.0
21 15 689.2 73.2 544.0 996.0 676.0
21 16 142.2 21.8 104.0 204.0 144.0
21 17 140.0 22.5 104.0 228.0 140.0
21 18 145.4 21.9 100.0 200.0 148.0
21 19 146.3 21.6 100.0 216.0 148.0
21 20 149.5 21.4 100.0 196.0 152.0
21 22 145.6 23.1 96.0 208.0 148.0
21 23 145.9 21.5 100.0 212.0 148.0
21 24 680.3 56.1 560.0 960.0 682.0
21 25 677.6 55.0 544.0 920.0 672.0
21 26 677.7 54.9 560.0 988.0 676.0
21 27 680.9 58.8 548.0 1004.0 676.0
21 28 682.4 54.5 556.0 1024.0 680.0
21 29 669.9 48.9 536.0 984.0 672.0
21 30 680.7 48.5 552.0 1000.0 678.0
21 31 678.2 48.8 540.0 936.0 680.0
22 0 660.1 59.0 88.0 932.0 662.0
22 1 666.5 57.7 548.0 1020.0 664.0
22 2 496.4 67.1 292.0 836.0 496.0
22 3 655.9 55.4 532.0 972.0 652.0
22 4 657.1 55.3 544.0 988.0 652.0
22 5 651.2 52.4 524.0 944.0 648.0
22 6 656.3 49.3 532.0 1040.0 656.0
22 7 655.1 50.8 544.0 1020.0 656.0
22 8 674.9 60.3 556.0 1024.0 680.0
22 9 494.4 67.3 280.0 852.0 500.0
22 10 677.0 62.3 540.0 1016.0 676.0
22 11 675.2 51.9 548.0 928.0 676.0
22 12 673.2 66.6 548.0 996.0 664.0
22 13 677.2 60.9 548.0 1008.0 676.0
22 14 681.8 59.1 556.0 1028.0 680.0
22 15 676.7 49.4 556.0 864.0 680.0
22 16 146.8 22.3 100.0 200.0 148.0
22 17 145.4 21.5 100.0 204.0 148.0
22 18 140.4 20.6 104.0 200.0 140.0
22 19 146.6 21.1 104.0 196.0 148.0
22 20 146.2 22.7 100.0 196.0 148.0
22 21 148.3 21.8 100.0 200.0 148.0
22 23 144.3 22.2 96.0 200.0 144.0
22 24 680.6 53.6 556.0 944.0 676.0
22 25 679.1 53.8 564.0 1004.0 680.0
22 26 677.7 57.9 540.0 984.0 672.0
22 27 673.0 56.7 92.0 940.0 676.0
22 28 690.5 55.6 556.0 944.0 684.0
22 29 679.3 58.5 560.0 996.0 676.0
22 30 676.5 51.9 540.0 992.0 674.0
22 31 678.4 61.0 556.0 1016.0 676.0
23 0 651.5 49.8 544.0 932.0 648.0
23 1 651.4 54.0 552.0 1048.0 644.0
23 2 652.3 57.5 104.0 940.0 652.0
23 3 655.5 54.2 556.0 960.0 652.0
23 4 654.2 49.2 548.0 884.0 652.0
23 5 661.7 53.9 556.0 948.0 660.0
23 6 656.7 50.0 536.0 944.0 660.0
23 7 653.6 47.9 540.0 932.0 652.0
23 8 686.0 62.8 556.0 988.0 684.0
23 9 679.3 67.3 536.0 956.0 672.0
23 10 674.4 55.8 556.0 976.0 676.0
23 11 678.0 56.5 556.0 980.0 680.0
23 12 678.0 68.1 548.0 980.0 668.0
23 13 674.1 57.6 528.0 1020.0 672.0
23 14 678.0 65.0 540.0 1012.0 672.0
23 15 677.8 64.7 532.0 1024.0 676.0
23 16 147.2 22.6 100.0 200.0 148.0
23 17 141.8 24.0 100.0 212.0 140.0
23 18 144.9 21.2 104.0 196.0 148.0
23 19 135.3 21.5 104.0 200.0 128.0
23 20 142.5 21.8 100.0 196.0 144.0
23 21 148.2 21.1 100.0 212.0 148.0
23 22 151.5 18.7 96.0 196.0 152.0
23 24 485.1 70.3 284.0 808.0 496.0
23 25 672.1 51.8 536.0 940.0 676.0
23 26 673.5 49.6 536.0 924.0 672.0
23 27 670.2 48.9 536.0 948.0 668.0
23 28 687.4 65.5 560.0 992.0 680.0
23 29 684.1 57.6 560.0 1008.0 680.0
23 30 673.0 51.1 536.0 1004.0 676.0
23 31 679.8 61.8 144.0 948.0 672.0
24 0 662.3 49.5 568.0 1020.0 660.0
24 1 666.1 47.4 568.0 948.0 668.0
24 2 665.7 48.9 560.0 940.0 664.0
24 3 666.0 51.9 564.0 964.0 664.0
24 4 665.5 50.2 564.0 928.0 664.0
24 5 663.8 51.5 556.0 976.0 660.0
24 6 668.9 52.4 296.0 1004.0 668.0
24 7 665.9 50.3 552.0 988.0 664.0
24 8 689.8 57.2 572.0 1004.0 688.0
24 9 690.1 49.8 568.0 956.0 684.0
24 10 685.7 55.4 544.0 956.0 686.0
24 11 684.2 51.4 552.0 964.0 684.0
24 12 680.7 56.7 568.0 956.0 680.0
24 13 693.5 72.8 556.0 1008.0 680.0
24 14 694.8 62.0 564.0 1008.0 688.0
24 15 675.7 42.8 548.0 764.0 676.0
24 16 686.9 54.5 320.0 956.0 684.0
24 17 687.5 56.7 548.0 984.0 684.0
24 18 680.9 47.0 564.0 928.0 676.0
24 19 681.0 46.9 552.0 936.0 680.0
24 20 669.9 53.2 560.0 996.0 672.0
24 21 679.5 51.4 552.0 940.0 676.0
24 22 680.7 53.6 572.0 1000.0 676.0
24 23 676.5 49.3 544.0 952.0 672.0
24 25 143.2 23.0 96.0 204.0 144.0
24 26 139.1 22.8 100.0 208.0 136.0
24 27 140.5 21.3 100.0 208.0 140.0
24 28 145.5 21.5 104.0 204.0 144.0
24 29 142.5 22.1 104.0 204.0 140.0
24 30 147.3 22.1 96.0 200.0 148.0
24 31 149.9 20.3 96.0 204.0 148.0
25 0 670.3 57.7 548.0 980.0 668.0
25 1 672.3 59.6 552.0 1008.0 668.0
25 2 678.0 54.8 556.0 980.0 678.0
25 3 671.6 48.2 572.0 976.0 672.0
25 4 662.7 48.4 548.0 944.0 664.0
25 5 667.1 57.0 556.0 1212.0 664.0
25 6 675.5 66.7 552.0 1020.0 668.0
25 7 667.3 51.2 552.0 932.0 668.0
25 8 703.2 72.7 92.0 980.0 692.0
25 9 689.3 62.7 568.0 980.0 688.0
25 10 688.7 61.3 564.0 980.0 688.0
25 11 688.7 64.3 544.0 1020.0 688.0
25 12 695.2 62.9 552.0 956.0 688.0
25 13 685.1 53.9 556.0 980.0 680.0
25 14 691.0 62.1 316.0 948.0 684.0
25 15 682.4 49.9 552.0 916.0 680.0
25 16 677.0 41.1 544.0 892.0 676.0
25 17 688.1 55.4 556.0 1044.0 684.0
25 18 680.4 52.6 540.0 956.0 676.0
25 19 689.4 56.3 568.0 948.0 688.0
25 20 683.5 53.4 548.0 1000.0 680.0
25 21 684.0 58.1 116.0 948.0 684.0
25 22 657.7 52.1 548.0 972.0 660.0
25 23 681.0 48.9 568.0 1008.0 676.0
25 24 147.0 22.3 100.0 196.0 148.0
25 26 145.0 23.4 96.0 196.0 148.0
25 27 141.6 21.6 100.0 196.0 144.0
25 28 144.0 20.5 104.0 196.0 144.0
25 29 140.4 22.4 104.0 216.0 144.0
25 30 146.8 21.4 100.0 208.0 148.0
25 31 145.9 21.5 100.0 204.0 148.0
26 0 669.9 60.0 548.0 1024.0 668.0
26 1 664.3 49.4 560.0 940.0 664.0
26 2 658.1 48.9 556.0 956.0 656.0
26 3 673.1 51.8 568.0 972.0 676.0
26 4 664.7 55.5 88.0 936.0 664.0
26 5 666.4 53.9 568.0 988.0 664.0
26 6 665.6 53.1 572.0 940.0 664.0
26 7 667.0 53.0 568.0 924.0 664.0
26 8 681.0 53.8 564.0 960.0 676.0
26 9 692.0 56.2 560.0 1004.0 688.0
26 10 689.1 53.7 568.0 960.0 688.0
26 11 699.9 67.4 572.0 1076.0 692.0
26 12 686.5 53.6 568.0 976.0 684.0
26 13 686.6 60.1 552.0 1000.0 684.0
26 14 684.6 49.3 560.0 936.0 688.0
26 15 697.3 67.3 552.0 984.0 688.0
26 16 679.2 46.8 544.0 932.0 676.0
26 17 695.0 62.9 572.0 1024.0 688.0
26 18 683.1 55.9 556.0 1056.0 676.0
26 19 687.3 61.9 332.0 1020.0 684.0
26 20 681.6 54.8 552.0 1004.0 680.0
26 21 686.1 54.4 568.0 948.0 688.0
26 22 683.5 54.5 568.0 1008.0 680.0
26 23 678.5 49.1 556.0 964.0 676.0
26 24 146.7 22.2 100.0 204.0 148.0
26 25 146.3 22.1 96.0 224.0 148.0
26 27 145.6 22.7 96.0 212.0 148.0
26 28 144.6 22.9 100.0 216.0 144.0
26 29 142.7 22.0 100.0 200.0 144.0
26 30 136.9 20.8 104.0 200.0 132.0
26 31 143.8 21.0 104.0 216.0 144.0
27 0 667.2 49.5 564.0 988.0 668.0
27 1 669.5 45.3 552.0 920.0 668.0
27 2 660.9 53.7 560.0 964.0 660.0
27 3 660.2 47.9 548.0 924.0 660.0
27 4 663.7 55.3 548.0 1064.0 660.0
27 5 668.2 51.0 576.0 976.0 668.0
27 6 661.0 47.4 560.0 880.0 660.0
27 7 663.6 52.7 564.0 948.0 660.0
27 8 689.8 59.8 540.0 996.0 684.0
27 9 691.1 57.3 564.0 992.0 688.0
27 10 706.2 73.2 572.0 1000.0 692.0
27 11 687.1 51.6 564.0 956.0 688.0
27 12 685.0 52.5 548.0 892.0 684.0
27 13 689.5 65.9 568.0 984.0 684.0
27 14 685.1 50.6 552.0 952.0 688.0
27 15 683.1 49.8 556.0 920.0 680.0
27 16 674.3 51.0 544.0 1008.0 672.0
27 17 679.8 53.2 560.0 964.0 676.0
27 18 685.8 54.2 552.0 992.0 684.0
27 19 688.5 64.7 104.0 1064.0 688.0
27 20 684.3 56.2 572.0 992.0 680.0
27 21 680.6 50.0 556.0 944.0 680.0
27 22 683.4 48.3 568.0 1068.0 688.0
27 23 683.8 47.6 568.0 928.0 684.0
27 24 145.7 21.0 104.0 204.0 148.0
27 25 146.9 21.1 96.0 196.0 148.0
27 26 148.4 21.9 100.0 200.0 148.0
27 28 147.7 23.2 96.0 204.0 148.0
27 29 141.3 22.5 100.0 200.0 140.0
27 30 142.3 21.7 104.0 200.0 144.0
27 31 138.0 22.1 104.0 200.0 132.0
28 0 666.3 43.1 568.0 924.0 668.0
28 1 661.0 49.3 560.0 992.0 660.0
28 2 659.7 49.9 564.0 936.0 656.0
28 3 663.5 48.3 552.0 920.0 664.0
28 4 667.7 51.3 568.0 940.0 668.0
28 5 667.8 54.0 552.0 972.0 664.0
28 6 665.8 52.9 544.0 960.0 664.0
28 7 673.8 46.7 560.0 944.0 676.0
28 8 683.9 55.0 564.0 972.0 684.0
28 9 682.0 57.7 544.0 984.0 680.0
28 10 680.5 56.7 568.0 984.0 676.0
28 11 697.0 71.0 568.0 980.0 688.0
28 12 686.8 59.4 560.0 980.0 692.0
28 13 683.0 51.6 544.0 956.0 688.0
28 14 685.6 51.9 548.0 1028.0 684.0
28 15 682.6 53.2 568.0 980.0 684.0
28 16 688.6 66.3 568.0 1024.0 680.0
28 17 672.8 43.8 568.0 928.0 668.0
28 18 691.8 57.7 568.0 984.0 684.0
28 19 680.5 43.4 568.0 932.0 680.0
28 20 698.2 70.3 544.0 1000.0 688.0
28 21 682.8 47.0 568.0 964.0 684.0
28 22 686.1 51.9 544.0 952.0 688.0
28 23 692.8 63.1 564.0 1068.0 688.0
28 24 140.6 22.4 104.0 200.0 140.0
28 25 144.3 22.7 84.0 212.0 144.0
28 26 147.8 20.6 100.0 216.0 148.0
28 27 148.8 21.1 96.0 208.0 148.0
28 29 145.6 22.6 96.0 204.0 148.0
28 30 143.6 22.5 100.0 196.0 144.0
28 31 143.0 21.4 104.0 216.0 144.0
29 0 661.0 51.5 564.0 960.0 660.0
29 1 658.2 47.7 560.0 980.0 660.0
29 2 664.1 59.2 80.0 972.0 660.0
29 3 660.7 57.3 564.0 988.0 652.0
29 4 662.8 50.4 556.0 984.0 664.0
29 5 668.7 53.7 548.0 1004.0 668.0
29 6 664.4 55.3 320.0 988.0 664.0
29 7 652.7 51.0 540.0 948.0 648.0
29 8 691.5 49.8 564.0 940.0 688.0
29 9 681.4 54.6 544.0 988.0 680.0
29 10 673.5 53.5 544.0 936.0 672.0
29 11 682.6 58.9 540.0 1012.0 680.0
29 12 689.2 65.2 548.0 1004.0 688.0
29 13 684.4 59.6 552.0 984.0 684.0
29 14 681.7 54.5 540.0 936.0 684.0
29 15 683.9 55.0 544.0 972.0 684.0
29 16 683.9 47.6 564.0 928.0 684.0
29 17 677.7 46.3 564.0 908.0 678.0
29 18 692.3 60.6 568.0 960.0 684.0
29 19 682.7 55.2 556.0 988.0 684.0
29 20 685.3 53.5 564.0 960.0 680.0
29 21 689.3 58.3 560.0 1052.0 684.0
29 22 672.5 58.4 104.0 972.0 672.0
29 23 682.7 55.0 568.0 988.0 680.0
29 24 146.0 21.2 100.0 192.0 148.0
29 25 142.4 21.1 104.0 196.0 144.0
29 26 146.5 21.5 100.0 200.0 148.0
29 27 143.9 22.4 100.0 204.0 144.0
29 28 148.9 21.4 100.0 212.0 148.0
29 30 145.6 22.9 96.0 196.0 148.0
29 31 140.1 23.2 100.0 200.0 136.0
30 0 671.5 47.3 560.0 976.0 672.0
30 1 671.9 57.2 560.0 956.0 668.0
30 2 665.1 51.0 556.0 976.0 664.0
30 3 661.2 53.4 564.0 972.0 656.0
30 4 666.0 49.2 556.0 956.0 668.0
30 5 665.1 50.1 548.0 944.0 668.0
30 6 671.9 50.6 572.0 980.0 672.0
30 7 662.6 50.6 548.0 936.0 660.0
30 8 689.0 59.9 572.0 1032.0 688.0
30 9 686.1 59.0 544.0 1092.0 684.0
30 10 686.0 71.2 308.0 1048.0 680.0
30 11 688.8 61.6 564.0 1028.0 684.0
30 12 687.8 58.1 560.0 948.0 684.0
30 13 685.8 61.9 544.0 952.0 682.0
30 14 684.4 55.4 568.0 1036.0 688.0
30 15 680.2 48.5 548.0 916.0 684.0
30 16 682.8 54.0 572.0 1004.0 680.0
30 17 685.8 52.1 552.0 1024.0 680.0
30 18 691.4 66.4 552.0 1040.0 680.0
30 19 687.0 64.2 564.0 1012.0 684.0
30 20 680.3 53.7 548.0 948.0 680.0
30 21 682.9 50.5 564.0 932.0 676.0
30 22 688.4 53.5 568.0 988.0 688.0
30 23 684.7 54.7 552.0 968.0 684.0
30 24 146.2 21.9 100.0 216.0 148.0
30 25 146.6 21.0 100.0 200.0 148.0
30 26 141.0 21.8 104.0 200.0 144.0
30 27 144.5 22.2 104.0 216.0 148.0
30 28 145.1 22.3 100.0 204.0 148.0
30 29 152.3 18.4 100.0 200.0 148.0
30 31 143.8 23.0 96.0 204.0 146.0
31 0 665.3 52.0 560.0 952.0 664.0
31 1 663.8 49.5 548.0 980.0 664.0
31 2 662.8 48.5 564.0 972.0 662.0
31 3 660.3 45.7 568.0 888.0 660.0
31 4 661.5 51.1 560.0 980.0 660.0
31 5 670.0 45.6 564.0 976.0 668.0
31 6 675.0 54.0 304.0 972.0 672.0
31 7 663.6 48.4 568.0 964.0 664.0
31 8 686.4 58.5 568.0 956.0 688.0
31 9 692.3 68.1 564.0 1016.0 688.0
31 10 682.6 58.3 564.0 1036.0 684.0
31 11 661.7 61.5 536.0 988.0 660.0
31 12 686.5 55.4 560.0 988.0 688.0
31 13 686.2 65.1 564.0 996.0 684.0
31 14 696.1 65.8 552.0 1024.0 692.0
31 15 683.4 56.6 568.0 928.0 680.0
31 16 697.4 64.9 568.0 1008.0 692.0
31 17 680.7 51.1 560.0 940.0 684.0
31 18 684.6 57.9 548.0 968.0 684.0
31 19 693.9 62.0 576.0 992.0 684.0
31 20 681.5 45.8 564.0 912.0 680.0
31 21 686.9 64.7 564.0 992.0 680.0
31 22 681.1 53.4 548.0 976.0 684.0
31 23 687.3 52.4 552.0 996.0 688.0
31 24 142.8 22.8 96.0 200.0 144.0
31 25 144.4 23.3 100.0 208.0 144.0
31 26 142.3 21.9 104.0 200.0 144.0
31 27 139.4 21.3 104.0 208.0 140.0
31 28 143.6 22.4 100.0 200.0 144.0
31 29 146.0 22.1 100.0 196.0 148.0
31 30 147.8 20.8 100.0 196.0 148.0
