
0 1 31.3 1.5 28.0 32.0 32.0
0 2 31.4 1.4 28.0 32.0 32.0
0 3 31.3 1.5 28.0 32.0 32.0
0 4 31.4 1.4 28.0 32.0 32.0
0 5 31.4 1.5 28.0 32.0 32.0
0 6 31.3 1.5 28.0 32.0 32.0
0 7 31.4 1.4 28.0 32.0 32.0
0 8 31.5 1.5 28.0 36.0 32.0
0 9 31.5 1.5 28.0 36.0 32.0
0 10 31.8 1.8 28.0 36.0 32.0
0 11 31.5 1.7 28.0 36.0 32.0
0 12 31.5 1.7 28.0 36.0 32.0
0 13 31.8 1.7 28.0 36.0 32.0
0 14 31.8 1.8 28.0 36.0 32.0
0 15 31.5 1.3 28.0 32.0 32.0
0 16 31.4 1.4 28.0 32.0 32.0
0 17 31.5 1.5 28.0 36.0 32.0
0 18 31.4 1.4 28.0 32.0 32.0
0 19 31.3 1.5 28.0 32.0 32.0
0 20 31.5 1.4 28.0 36.0 32.0
0 21 31.3 1.5 28.0 32.0 32.0
0 22 31.5 1.5 28.0 36.0 32.0
0 23 31.6 1.5 28.0 36.0 32.0
0 24 31.4 1.4 28.0 32.0 32.0
0 25 31.8 1.8 28.0 36.0 32.0
0 26 29.0 1.7 28.0 32.0 28.0
0 27 31.6 1.5 28.0 36.0 32.0
0 28 31.6 1.6 28.0 36.0 32.0
0 29 31.5 1.5 28.0 36.0 32.0
0 30 31.7 1.4 28.0 36.0 32.0
0 31 31.5 1.5 28.0 36.0 32.0
1 0 31.5 1.5 28.0 36.0 32.0
1 2 31.4 1.4 28.0 32.0 32.0
1 3 31.4 1.5 28.0 32.0 32.0
1 4 29.2 1.9 24.0 32.0 28.0
1 5 31.3 1.6 28.0 32.0 32.0
1 6 31.4 1.5 28.0 32.0 32.0
1 7 31.3 1.5 28.0 32.0 32.0
1 8 31.3 1.5 28.0 32.0 32.0
1 9 31.4 1.4 28.0 32.0 32.0
1 10 31.4 1.5 28.0 32.0 32.0
1 11 31.3 1.5 28.0 32.0 32.0
1 12 31.3 1.5 28.0 32.0 32.0
1 13 31.4 1.4 28.0 32.0 32.0
1 14 31.4 1.5 28.0 32.0 32.0
1 15 31.4 1.4 28.0 32.0 32.0
1 16 31.4 1.4 28.0 32.0 32.0
1 17 31.4 1.4 28.0 32.0 32.0
1 18 31.4 1.4 28.0 32.0 32.0
1 19 31.5 1.4 28.0 32.0 32.0
1 20 31.4 1.6 28.0 36.0 32.0
1 21 31.5 1.5 28.0 36.0 32.0
1 22 31.5 1.3 28.0 32.0 32.0
1 23 31.3 1.5 28.0 32.0 32.0
1 24 31.5 1.6 28.0 36.0 32.0
1 25 31.5 1.5 28.0 36.0 32.0
1 26 31.5 1.7 28.0 36.0 32.0
1 27 31.4 1.5 28.0 32.0 32.0
1 28 31.5 1.7 28.0 36.0 32.0
1 29 31.4 1.4 28.0 32.0 32.0
1 30 31.4 1.5 28.0 32.0 32.0
1 31 31.4 1.5 28.0 32.0 32.0
2 0 31.3 1.5 28.0 32.0 32.0
2 1 31.4 1.4 28.0 32.0 32.0
2 3 31.3 1.6 28.0 32.0 32.0
2 4 31.4 1.4 28.0 32.0 32.0
2 5 31.4 1.5 28.0 36.0 32.0
2 6 31.3 1.5 28.0 32.0 32.0
2 7 31.4 1.4 28.0 32.0 32.0
2 8 31.3 1.5 28.0 32.0 32.0
2 9 31.4 1.5 28.0 32.0 32.0
2 10 31.5 1.7 28.0 36.0 32.0
2 11 31.4 1.4 28.0 32.0 32.0
2 12 31.4 1.5 28.0 32.0 32.0
2 13 31.3 1.5 28.0 32.0 32.0
2 14 31.3 1.5 28.0 32.0 32.0
2 15 31.5 1.4 28.0 32.0 32.0
2 16 31.4 1.4 28.0 32.0 32.0
2 17 31.3 1.5 28.0 32.0 32.0
2 18 31.5 1.5 28.0 36.0 32.0
2 19 31.4 1.5 28.0 32.0 32.0
2 20 31.5 1.5 28.0 36.0 32.0
2 21 31.3 1.5 28.0 32.0 32.0
2 22 31.5 1.4 28.0 32.0 32.0
2 23 31.4 1.4 28.0 32.0 32.0
2 24 31.5 1.6 28.0 36.0 32.0
2 25 31.4 1.5 28.0 32.0 32.0
2 26 31.4 1.4 28.0 32.0 32.0
2 27 31.5 1.4 28.0 36.0 32.0
2 28 31.4 1.5 28.0 36.0 32.0
2 29 31.3 1.6 28.0 32.0 32.0
2 30 31.5 1.4 28.0 32.0 32.0
2 31 31.3 1.5 28.0 32.0 32.0
3 0 31.4 1.5 28.0 36.0 32.0
3 1 31.4 1.4 28.0 32.0 32.0
3 2 31.4 1.4 28.0 32.0 32.0
3 4 31.4 1.5 28.0 32.0 32.0
3 5 31.4 1.4 28.0 32.0 32.0
3 6 31.3 1.5 28.0 32.0 32.0
3 7 31.2 1.6 28.0 32.0 32.0
3 8 31.3 1.5 28.0 32.0 32.0
3 9 31.4 1.4 28.0 32.0 32.0
3 10 31.4 1.4 28.0 32.0 32.0
3 11 31.4 1.4 28.0 32.0 32.0
3 12 28.6 1.5 28.0 32.0 28.0
3 13 31.3 1.5 28.0 32.0 32.0
3 14 31.4 1.4 28.0 32.0 32.0
3 15 31.4 1.5 28.0 32.0 32.0
3 16 31.4 1.5 28.0 32.0 32.0
3 17 31.4 1.4 28.0 32.0 32.0
3 18 31.4 1.4 28.0 32.0 32.0
3 19 31.8 1.8 28.0 36.0 32.0
3 20 31.4 1.5 28.0 36.0 32.0
3 21 31.4 1.4 28.0 32.0 32.0
3 22 31.4 1.4 28.0 32.0 32.0
3 23 31.2 1.6 28.0 32.0 32.0
3 24 31.3 1.5 28.0 32.0 32.0
3 25 31.3 1.5 28.0 32.0 32.0
3 26 31.4 1.5 28.0 32.0 32.0
3 27 31.4 1.5 28.0 32.0 32.0
3 28 31.5 1.6 28.0 36.0 32.0
3 29 31.4 1.5 28.0 36.0 32.0
3 30 31.3 1.5 28.0 36.0 32.0
3 31 31.5 1.6 28.0 36.0 32.0
4 0 31.5 1.4 28.0 32.0 32.0
4 1 31.4 1.4 28.0 32.0 32.0
4 2 31.4 1.5 28.0 32.0 32.0
4 3 31.3 1.5 28.0 32.0 32.0
4 5 31.4 1.5 28.0 32.0 32.0
4 6 31.3 1.5 28.0 32.0 32.0
4 7 31.3 1.5 28.0 32.0 32.0
4 8 31.4 1.6 28.0 36.0 32.0
4 9 31.4 1.5 28.0 32.0 32.0
4 10 31.3 1.6 24.0 32.0 32.0
4 11 31.4 1.4 28.0 32.0 32.0
4 12 31.3 1.5 28.0 32.0 32.0
4 13 31.4 1.4 28.0 32.0 32.0
4 14 31.4 1.4 28.0 32.0 32.0
4 15 31.5 1.8 28.0 36.0 32.0
4 16 31.5 1.6 28.0 36.0 32.0
4 17 31.3 1.5 28.0 32.0 32.0
4 18 31.4 1.4 28.0 32.0 32.0
4 19 31.4 1.4 28.0 32.0 32.0
4 20 31.4 1.4 28.0 32.0 32.0
4 21 31.4 1.4 28.0 32.0 32.0
4 22 31.3 1.5 28.0 32.0 32.0
4 23 31.6 1.7 28.0 36.0 32.0
4 24 31.4 1.7 28.0 36.0 32.0
4 25 31.4 1.5 28.0 32.0 32.0
4 26 31.4 1.5 28.0 32.0 32.0
4 27 31.4 1.4 28.0 32.0 32.0
4 28 31.4 1.4 28.0 32.0 32.0
4 29 31.5 1.3 28.0 32.0 32.0
4 30 31.7 1.8 28.0 36.0 32.0
4 31 31.5 1.3 28.0 32.0 32.0
5 0 31.4 1.4 28.0 32.0 32.0
5 1 31.3 1.5 28.0 32.0 32.0
5 2 31.4 1.4 28.0 32.0 32.0
5 3 31.3 1.5 28.0 32.0 32.0
5 4 31.3 1.5 28.0 32.0 32.0
5 6 31.4 1.4 28.0 32.0 32.0
5 7 31.4 1.4 28.0 32.0 32.0
5 8 31.3 1.5 28.0 32.0 32.0
5 9 31.5 1.4 28.0 32.0 32.0
5 10 31.4 1.4 28.0 32.0 32.0
5 11 31.3 1.5 28.0 32.0 32.0
5 12 31.4 1.4 28.0 32.0 32.0
5 13 31.3 1.5 28.0 32.0 32.0
5 14 31.3 1.5 28.0 32.0 32.0
5 15 31.4 1.5 28.0 32.0 32.0
5 16 31.4 1.5 24.0 32.0 32.0
5 17 31.4 1.4 28.0 32.0 32.0
5 18 31.4 1.4 28.0 32.0 32.0
5 19 31.9 1.9 28.0 36.0 32.0
5 20 28.8 1.6 24.0 32.0 28.0
5 21 31.2 1.6 28.0 32.0 32.0
5 22 31.3 1.5 24.0 32.0 32.0
5 23 31.4 1.5 28.0 32.0 32.0
5 24 31.4 1.4 28.0 32.0 32.0
5 25 31.4 1.4 28.0 32.0 32.0
5 26 31.4 1.4 28.0 36.0 32.0
5 27 31.3 1.6 28.0 32.0 32.0
5 28 31.5 1.3 28.0 32.0 32.0
5 29 31.3 1.6 28.0 36.0 32.0
5 30 31.5 1.4 28.0 36.0 32.0
5 31 31.6 1.5 28.0 36.0 32.0
6 0 31.3 1.5 28.0 32.0 32.0
6 1 31.2 1.6 28.0 32.0 32.0
6 2 31.4 1.5 28.0 32.0 32.0
6 3 31.4 1.4 28.0 32.0 32.0
6 4 31.4 1.6 28.0 36.0 32.0
6 5 31.3 1.5 28.0 32.0 32.0
6 7 31.3 1.5 28.0 32.0 32.0
6 8 31.4 1.4 28.0 32.0 32.0
6 9 31.4 1.4 28.0 32.0 32.0
6 10 31.3 1.5 28.0 32.0 32.0
6 11 31.3 1.5 28.0 32.0 32.0
6 12 31.3 1.5 28.0 32.0 32.0
6 13 31.3 1.5 28.0 32.0 32.0
6 14 31.5 1.4 28.0 32.0 32.0
6 15 31.4 1.4 28.0 32.0 32.0
6 16 31.3 1.5 28.0 32.0 32.0
6 17 31.4 1.4 28.0 32.0 32.0
6 18 31.3 1.5 28.0 32.0 32.0
6 19 31.7 1.6 28.0 36.0 32.0
6 20 31.5 1.4 28.0 32.0 32.0
6 21 31.5 1.6 28.0 36.0 32.0
6 22 31.4 1.5 28.0 32.0 32.0
6 23 31.3 1.5 28.0 32.0 32.0
6 24 31.4 1.4 28.0 32.0 32.0
6 25 31.4 1.5 28.0 32.0 32.0
6 26 31.3 1.5 28.0 32.0 32.0
6 27 31.4 1.5 28.0 32.0 32.0
6 28 31.3 1.5 28.0 32.0 32.0
6 29 31.3 1.5 28.0 32.0 32.0
6 30 31.6 1.6 28.0 36.0 32.0
6 31 31.5 1.4 28.0 32.0 32.0
7 0 31.4 1.4 28.0 32.0 32.0
7 1 31.3 1.5 28.0 32.0 32.0
7 2 31.4 1.5 28.0 32.0 32.0
7 3 31.4 1.4 28.0 32.0 32.0
7 4 31.4 1.5 28.0 32.0 32.0
7 5 31.4 1.5 28.0 32.0 32.0
7 6 31.4 1.4 28.0 32.0 32.0
7 8 31.3 1.5 28.0 32.0 32.0
7 9 31.3 1.5 28.0 32.0 32.0
7 10 31.5 1.6 28.0 36.0 32.0
7 11 31.6 1.7 28.0 36.0 32.0
7 12 31.6 1.7 28.0 36.0 32.0
7 13 31.6 1.7 28.0 36.0 32.0
7 14 31.5 1.6 28.0 36.0 32.0
7 15 31.4 1.5 28.0 32.0 32.0
7 16 31.4 1.4 28.0 32.0 32.0
7 17 31.4 1.4 28.0 32.0 32.0
7 18 31.4 1.5 28.0 32.0 32.0
7 19 31.4 1.4 28.0 32.0 32.0
7 20 31.4 1.4 28.0 32.0 32.0
7 21 31.4 1.4 28.0 32.0 32.0
7 22 31.3 1.5 28.0 32.0 32.0
7 23 31.5 1.4 28.0 32.0 32.0
7 24 31.5 1.4 28.0 32.0 32.0
7 25 31.6 1.6 28.0 36.0 32.0
7 26 31.7 1.7 28.0 36.0 32.0
7 27 31.5 1.5 28.0 36.0 32.0
7 28 31.8 1.8 28.0 36.0 32.0
7 29 31.5 1.4 28.0 36.0 32.0
7 30 31.3 1.5 28.0 32.0 32.0
7 31 31.3 1.5 24.0 32.0 32.0
8 0 32.3 2.2 28.0 36.0 32.0
8 1 32.0 2.3 28.0 36.0 32.0
8 2 32.1 2.3 28.0 36.0 32.0
8 3 32.4 2.4 28.0 36.0 32.0
8 4 31.7 2.0 28.0 36.0 32.0
8 5 32.1 2.1 28.0 36.0 32.0
8 6 31.9 2.0 28.0 36.0 32.0
8 7 32.3 2.2 28.0 36.0 32.0
8 9 31.4 1.5 28.0 32.0 32.0
8 10 31.3 1.5 28.0 32.0 32.0
8 11 31.3 1.5 28.0 32.0 32.0
8 12 31.2 1.6 28.0 32.0 32.0
8 13 31.3 1.5 28.0 32.0 32.0
8 14 31.3 1.5 28.0 32.0 32.0
8 15 31.4 1.4 28.0 32.0 32.0
8 16 31.8 1.9 28.0 36.0 32.0
8 17 32.0 1.9 28.0 36.0 32.0
8 18 32.3 2.2 28.0 36.0 32.0
8 19 32.1 2.0 28.0 36.0 32.0
8 20 32.1 2.1 28.0 36.0 32.0
8 21 31.8 1.9 28.0 36.0 32.0
8 22 31.7 1.8 28.0 36.0 32.0
8 23 31.9 1.9 28.0 36.0 32.0
8 24 32.0 2.0 28.0 36.0 32.0
8 25 33.9 6.4 28.0 56.0 32.0
8 26 32.3 2.2 28.0 36.0 32.0
8 27 32.2 2.2 28.0 36.0 32.0
8 28 32.3 2.3 28.0 36.0 32.0
8 29 31.8 2.0 28.0 36.0 32.0
8 30 32.1 2.4 28.0 49.0 32.0
8 31 32.2 2.2 28.0 36.0 32.0
9 0 31.8 2.0 28.0 36.0 32.0
9 1 31.5 1.8 28.0 36.0 32.0
9 2 32.1 2.5 28.0 49.0 32.0
9 3 31.9 2.1 28.0 36.0 32.0
9 4 33.1 5.4 28.0 56.0 32.0
9 5 31.9 2.0 28.0 36.0 32.0
9 6 32.0 2.1 28.0 36.0 32.0
9 7 31.9 2.1 28.0 36.0 32.0
9 8 31.4 1.4 28.0 32.0 32.0
9 10 31.4 1.5 28.0 32.0 32.0
9 11 31.4 1.5 28.0 36.0 32.0
9 12 31.3 1.5 28.0 32.0 32.0
9 13 31.3 1.5 28.0 32.0 32.0
9 14 32.2 2.1 28.0 36.0 32.0
9 15 31.4 1.4 28.0 32.0 32.0
9 16 31.8 1.9 28.0 36.0 32.0
9 17 32.0 2.1 28.0 36.0 32.0
9 18 31.9 2.1 28.0 36.0 32.0
9 19 32.3 2.1 28.0 36.0 32.0
9 20 32.3 2.5 28.0 49.0 32.0
9 21 32.0 2.1 28.0 36.0 32.0
9 22 31.9 1.9 28.0 36.0 32.0
9 23 32.0 2.2 28.0 36.0 32.0
9 24 32.8 4.2 28.0 56.0 32.0
9 25 34.1 6.6 28.0 56.0 32.0
9 26 33.3 5.1 28.0 56.0 32.0
9 27 33.9 6.0 28.0 56.0 32.0
9 28 34.8 7.9 28.0 63.0 32.0
9 29 34.1 6.6 28.0 56.0 32.0
9 30 32.5 4.6 28.0 80.0 32.0
9 31 33.1 4.9 28.0 56.0 32.0
10 0 31.6 1.7 28.0 36.0 32.0
10 1 31.4 1.7 28.0 36.0 32.0
10 2 31.6 1.8 28.0 36.0 32.0
10 3 31.4 1.7 28.0 36.0 32.0
10 4 55.1 94.8 28.0 480.0 32.0
10 5 31.8 2.1 28.0 36.0 32.0
10 6 31.6 1.8 28.0 36.0 32.0
10 7 32.1 2.2 28.0 36.0 32.0
10 8 31.3 1.5 28.0 32.0 32.0
10 9 31.4 1.4 28.0 32.0 32.0
10 11 31.4 1.5 28.0 32.0 32.0
10 12 31.4 1.4 28.0 32.0 32.0
10 13 31.4 1.5 28.0 32.0 32.0
10 14 31.2 1.6 24.0 32.0 32.0
10 15 31.3 1.5 28.0 32.0 32.0
10 16 31.6 1.8 28.0 36.0 32.0
10 17 31.8 2.0 28.0 36.0 32.0
10 18 31.9 2.0 28.0 36.0 32.0
10 19 32.0 2.0 28.0 36.0 32.0
10 20 31.8 1.9 28.0 36.0 32.0
10 21 31.7 1.8 28.0 36.0 32.0
10 22 31.8 1.9 28.0 36.0 32.0
10 23 31.7 1.8 28.0 36.0 32.0
10 24 31.9 2.1 28.0 36.0 32.0
10 25 31.7 1.9 28.0 36.0 32.0
10 26 32.0 2.1 28.0 36.0 32.0
10 27 32.1 2.2 28.0 36.0 32.0
10 28 33.1 5.3 24.0 63.0 32.0
10 29 32.3 2.2 28.0 36.0 32.0
10 30 32.0 2.2 28.0 36.0 32.0
10 31 32.0 2.1 28.0 36.0 32.0
11 0 31.4 1.4 28.0 32.0 32.0
11 1 31.4 1.4 28.0 32.0 32.0
11 2 32.0 2.2 28.0 36.0 32.0
11 3 31.4 1.4 28.0 32.0 32.0
11 4 31.6 1.6 28.0 36.0 32.0
11 5 31.9 2.0 28.0 36.0 32.0
11 6 32.0 2.1 28.0 36.0 32.0
11 7 31.6 1.7 28.0 36.0 32.0
11 8 31.2 1.6 28.0 32.0 32.0
11 9 31.3 1.5 28.0 32.0 32.0
11 10 31.4 1.5 28.0 32.0 32.0
11 12 31.3 1.5 28.0 32.0 32.0
11 13 31.4 1.4 28.0 32.0 32.0
11 14 31.3 1.5 28.0 32.0 32.0
11 15 31.3 1.5 28.0 32.0 32.0
11 16 31.9 2.0 28.0 36.0 32.0
11 17 31.6 1.9 28.0 36.0 32.0
11 18 31.3 1.5 28.0 32.0 32.0
11 19 32.0 2.2 28.0 49.0 32.0
11 20 31.8 1.9 28.0 36.0 32.0
11 21 31.5 1.7 28.0 36.0 32.0
11 22 31.5 1.6 28.0 36.0 32.0
11 23 31.6 1.8 28.0 36.0 32.0
11 24 32.2 2.1 28.0 36.0 32.0
11 25 32.1 2.2 28.0 36.0 32.0
11 26 31.9 2.0 28.0 36.0 32.0
11 27 31.9 2.1 28.0 36.0 32.0
11 28 32.2 2.2 28.0 36.0 32.0
11 29 35.0 31.9 28.0 608.0 32.0
11 30 32.3 2.3 28.0 36.0 32.0
11 31 32.4 3.4 28.0 56.0 32.0
12 0 31.6 1.9 28.0 36.0 32.0
12 1 31.4 1.4 28.0 32.0 32.0
12 2 31.3 1.6 28.0 32.0 32.0
12 3 31.4 1.4 28.0 32.0 32.0
12 4 31.5 1.6 28.0 36.0 32.0
12 5 31.7 1.8 28.0 36.0 32.0
12 6 31.6 1.6 28.0 36.0 32.0
12 7 31.8 2.2 28.0 36.0 32.0
12 8 31.2 1.6 28.0 32.0 32.0
12 9 31.4 1.5 28.0 36.0 32.0
12 10 31.3 1.5 28.0 32.0 32.0
12 11 31.3 1.5 28.0 32.0 32.0
12 13 31.4 1.4 28.0 32.0 32.0
12 14 31.4 1.5 28.0 32.0 32.0
12 15 31.3 1.5 28.0 32.0 32.0
12 16 32.2 2.3 28.0 36.0 32.0
12 17 31.6 1.8 28.0 36.0 32.0
12 18 31.4 1.5 28.0 36.0 32.0
12 19 31.7 1.8 28.0 36.0 32.0
12 20 31.6 1.7 28.0 36.0 32.0
12 21 32.5 3.6 28.0 56.0 32.0
12 22 31.7 1.9 28.0 36.0 32.0
12 23 31.5 1.6 28.0 36.0 32.0
12 24 34.6 7.4 28.0 63.0 32.0
12 25 32.3 2.3 28.0 36.0 32.0
12 26 32.0 2.2 28.0 36.0 32.0
12 27 33.9 6.4 28.0 56.0 32.0
12 28 33.4 5.5 28.0 56.0 32.0
12 29 33.8 5.8 28.0 56.0 32.0
12 30 35.4 8.9 28.0 80.0 32.0
12 31 34.4 6.9 28.0 63.0 32.0
13 0 31.5 1.6 28.0 36.0 32.0
13 1 31.7 1.7 28.0 36.0 32.0
13 2 31.5 1.4 28.0 32.0 32.0
13 3 31.6 1.9 28.0 36.0 32.0
13 4 31.4 1.6 28.0 36.0 32.0
13 5 29.2 1.8 28.0 32.0 28.0
13 6 31.3 1.5 28.0 32.0 32.0
13 7 31.5 1.7 28.0 36.0 32.0
13 8 31.3 1.5 28.0 32.0 32.0
13 9 31.3 1.5 28.0 32.0 32.0
13 10 31.6 1.6 24.0 36.0 32.0
13 11 31.3 1.5 28.0 32.0 32.0
13 12 31.3 1.5 28.0 32.0 32.0
13 14 31.3 1.5 28.0 32.0 32.0
13 15 31.4 1.4 28.0 32.0 32.0
13 16 31.7 2.0 28.0 36.0 32.0
13 17 31.5 1.7 28.0 36.0 32.0
13 18 31.8 1.9 28.0 36.0 32.0
13 19 31.3 1.5 28.0 32.0 32.0
13 20 31.8 2.0 28.0 36.0 32.0
13 21 31.4 1.8 28.0 36.0 32.0
13 22 31.9 2.0 28.0 36.0 32.0
13 23 31.9 1.9 28.0 36.0 32.0
13 24 32.2 2.3 28.0 36.0 32.0
13 25 32.2 2.2 28.0 36.0 32.0
13 26 32.0 2.1 28.0 36.0 32.0
13 27 32.1 2.2 28.0 36.0 32.0
13 28 32.1 2.1 28.0 36.0 32.0
13 29 32.1 2.1 28.0 36.0 32.0
13 30 33.9 5.9 28.0 56.0 32.0
13 31 32.7 4.6 28.0 80.0 32.0
14 0 31.7 1.8 28.0 36.0 32.0
14 1 31.9 2.2 28.0 36.0 32.0
14 2 31.6 1.8 28.0 36.0 32.0
14 3 31.5 1.8 28.0 36.0 32.0
14 4 31.4 1.6 28.0 36.0 32.0
14 5 31.6 1.9 28.0 36.0 32.0
14 6 31.6 1.5 28.0 36.0 32.0
14 7 31.8 2.1 28.0 36.0 32.0
14 8 31.4 1.5 28.0 32.0 32.0
14 9 31.3 1.5 28.0 32.0 32.0
14 10 31.3 1.5 28.0 32.0 32.0
14 11 31.3 1.5 28.0 32.0 32.0
14 12 31.3 1.5 28.0 32.0 32.0
14 13 31.3 1.5 28.0 32.0 32.0
14 15 31.4 1.4 28.0 32.0 32.0
14 16 31.7 1.9 28.0 36.0 32.0
14 17 31.8 1.9 28.0 36.0 32.0
14 18 31.6 1.9 28.0 36.0 32.0
14 19 31.4 1.5 28.0 36.0 32.0
14 20 31.5 1.8 28.0 36.0 32.0
14 21 31.5 1.6 28.0 36.0 32.0
14 22 32.0 2.1 28.0 36.0 32.0
14 23 31.7 2.0 28.0 36.0 32.0
14 24 33.9 6.1 28.0 56.0 32.0
14 25 32.2 2.3 28.0 36.0 32.0
14 26 32.1 2.2 28.0 36.0 32.0
14 27 32.2 2.1 28.0 36.0 32.0
14 28 32.0 2.0 28.0 36.0 32.0
14 29 32.2 2.2 28.0 36.0 32.0
14 30 31.9 2.1 28.0 36.0 32.0
14 31 33.5 5.7 28.0 56.0 32.0
15 0 31.8 2.0 28.0 36.0 32.0
15 1 31.9 2.1 28.0 36.0 32.0
15 2 32.1 2.2 28.0 36.0 32.0
15 3 32.1 2.2 28.0 36.0 32.0
15 4 31.4 1.4 28.0 32.0 32.0
15 5 31.7 1.8 28.0 36.0 32.0
15 6 31.4 1.4 28.0 32.0 32.0
15 7 31.5 1.7 28.0 36.0 32.0
15 8 31.3 1.5 28.0 32.0 32.0
15 9 31.3 1.5 28.0 32.0 32.0
15 10 31.4 1.4 28.0 32.0 32.0
15 11 31.4 1.4 28.0 32.0 32.0
15 12 31.4 1.4 28.0 32.0 32.0
15 13 31.4 1.4 28.0 32.0 32.0
15 14 31.4 1.5 28.0 32.0 32.0
15 16 32.0 2.0 28.0 36.0 32.0
15 17 31.8 1.8 28.0 36.0 32.0
15 18 32.1 2.1 28.0 36.0 32.0
15 19 31.8 1.8 28.0 36.0 32.0
15 20 31.8 1.9 28.0 36.0 32.0
15 21 32.2 2.1 28.0 36.0 32.0
15 22 31.8 1.7 28.0 36.0 32.0
15 23 31.4 1.4 28.0 32.0 32.0
15 24 32.2 2.2 28.0 36.0 32.0
15 25 44.6 81.6 28.0 624.0 32.0
15 26 34.8 30.7 28.0 604.0 32.0
15 27 34.2 7.0 28.0 63.0 32.0
15 28 32.0 2.2 28.0 36.0 32.0
15 29 33.1 4.8 28.0 56.0 32.0
15 30 32.0 2.1 28.0 36.0 32.0
15 31 32.1 2.3 28.0 36.0 32.0
16 0 33.0 4.5 28.0 56.0 32.0
16 1 32.2 2.2 28.0 36.0 32.0
16 2 32.1 2.1 28.0 36.0 32.0
16 3 32.2 2.5 28.0 49.0 32.0
16 4 32.0 2.1 28.0 36.0 32.0
16 5 32.0 2.0 28.0 36.0 32.0
16 6 32.2 2.2 28.0 36.0 32.0
16 7 32.0 2.1 28.0 36.0 32.0
16 8 32.3 2.3 28.0 36.0 32.0
16 9 31.9 2.1 24.0 36.0 32.0
16 10 32.2 2.3 28.0 36.0 32.0
16 11 32.3 2.2 28.0 36.0 32.0
16 12 32.0 2.2 28.0 36.0 32.0
16 13 32.0 2.1 28.0 36.0 32.0
16 14 32.0 2.0 28.0 36.0 32.0
16 15 31.8 1.9 28.0 36.0 32.0
16 17 31.4 1.4 28.0 32.0 32.0
16 18 31.7 1.7 28.0 36.0 32.0
16 19 31.3 1.5 28.0 32.0 32.0
16 20 31.7 1.8 28.0 36.0 32.0
16 21 31.5 1.9 28.0 36.0 32.0
16 22 31.3 1.5 28.0 32.0 32.0
16 23 31.4 1.5 28.0 36.0 32.0
16 24 32.2 2.2 28.0 36.0 32.0
16 25 32.3 2.3 28.0 36.0 32.0
16 26 32.4 2.2 28.0 36.0 32.0
16 27 32.3 2.3 28.0 36.0 32.0
16 28 32.3 2.3 28.0 36.0 32.0
16 29 32.1 2.1 28.0 36.0 32.0
16 30 32.3 2.1 28.0 36.0 32.0
16 31 32.0 2.0 28.0 36.0 32.0
17 0 32.8 3.1 28.0 49.0 32.0
17 1 32.1 2.2 28.0 36.0 32.0
17 2 33.3 4.9 28.0 56.0 32.0
17 3 33.9 5.9 28.0 56.0 32.0
17 4 33.0 4.1 28.0 56.0 32.0
17 5 32.1 2.1 28.0 36.0 32.0
17 6 32.7 3.8 28.0 56.0 32.0
17 7 33.4 5.3 28.0 56.0 32.0
17 8 32.0 2.1 28.0 36.0 32.0
17 9 32.1 2.1 28.0 36.0 32.0
17 10 32.0 2.1 28.0 36.0 32.0
17 11 33.1 4.5 28.0 56.0 32.0
17 12 31.8 2.0 28.0 36.0 32.0
17 13 31.9 2.2 28.0 36.0 32.0
17 14 31.9 2.0 28.0 36.0 32.0
17 15 32.2 2.0 28.0 36.0 32.0
17 16 31.5 1.6 28.0 36.0 32.0
17 18 31.5 1.5 28.0 36.0 32.0
17 19 31.4 1.4 28.0 36.0 32.0
17 20 31.3 1.5 28.0 32.0 32.0
17 21 31.3 1.5 28.0 32.0 32.0
17 22 31.6 1.7 28.0 36.0 32.0
17 23 31.4 1.5 28.0 36.0 32.0
17 24 33.8 6.3 28.0 56.0 32.0
17 25 32.3 2.7 28.0 56.0 32.0
17 26 33.6 5.8 24.0 56.0 32.0
17 27 32.3 2.3 28.0 36.0 32.0
17 28 33.7 6.2 24.0 56.0 32.0
17 29 32.2 2.1 28.0 36.0 32.0
17 30 32.9 4.1 28.0 56.0 32.0
17 31 31.8 2.2 28.0 36.0 32.0
18 0 31.9 2.0 28.0 36.0 32.0
18 1 32.1 2.2 28.0 36.0 32.0
18 2 31.9 2.1 28.0 36.0 32.0
18 3 32.3 2.5 28.0 56.0 32.0
18 4 32.8 4.0 28.0 56.0 32.0
18 5 31.9 2.2 28.0 36.0 32.0
18 6 31.8 1.9 28.0 36.0 32.0
18 7 32.2 2.2 28.0 36.0 32.0
18 8 31.8 1.9 28.0 36.0 32.0
18 9 32.0 1.9 28.0 36.0 32.0
18 10 31.2 1.6 28.0 32.0 32.0
18 11 32.0 2.2 28.0 36.0 32.0
18 12 32.0 2.1 28.0 36.0 32.0
18 13 31.9 2.1 28.0 36.0 32.0
18 14 31.7 1.9 24.0 36.0 32.0
18 15 31.7 1.9 28.0 36.0 32.0
18 16 31.6 1.8 28.0 36.0 32.0
18 17 31.6 1.7 24.0 36.0 32.0
18 19 31.4 1.6 28.0 36.0 32.0
18 20 31.3 1.5 28.0 32.0 32.0
18 21 31.4 1.6 28.0 36.0 32.0
18 22 31.4 1.5 28.0 36.0 32.0
18 23 31.6 1.7 28.0 36.0 32.0
18 24 31.7 1.9 28.0 36.0 32.0
18 25 31.8 2.0 28.0 36.0 32.0
18 26 32.1 2.2 28.0 36.0 32.0
18 27 31.9 2.0 28.0 36.0 32.0
18 28 31.9 2.0 28.0 36.0 32.0
18 29 32.1 2.2 28.0 36.0 32.0
18 30 32.0 2.3 28.0 36.0 32.0
18 31 32.3 2.8 28.0 56.0 32.0
19 0 32.1 2.2 28.0 36.0 32.0
19 1 31.9 2.0 28.0 36.0 32.0
19 2 31.7 1.9 28.0 36.0 32.0
19 3 32.2 2.2 28.0 36.0 32.0
19 4 33.1 5.8 28.0 80.0 32.0
19 5 32.6 3.3 28.0 56.0 32.0
19 6 32.2 2.2 28.0 36.0 32.0
19 7 32.5 3.3 28.0 56.0 32.0
19 8 31.8 2.0 28.0 36.0 32.0
19 9 31.9 2.1 28.0 36.0 32.0
19 10 31.9 2.2 28.0 36.0 32.0
19 11 31.8 2.0 28.0 36.0 32.0
19 12 32.4 2.3 28.0 36.0 32.0
19 13 32.4 3.4 28.0 56.0 32.0
19 14 31.9 2.1 28.0 36.0 32.0
19 15 32.0 2.2 28.0 36.0 32.0
19 16 31.5 1.7 28.0 36.0 32.0
19 17 31.5 1.6 28.0 36.0 32.0
19 18 31.5 1.3 28.0 36.0 32.0
19 20 31.5 1.7 28.0 36.0 32.0
19 21 31.4 1.4 28.0 32.0 32.0
19 22 31.6 1.8 28.0 36.0 32.0
19 23 31.3 1.6 28.0 36.0 32.0
19 24 32.2 2.3 28.0 36.0 32.0
19 25 31.8 2.0 28.0 36.0 32.0
19 26 31.8 2.1 28.0 36.0 32.0
19 27 32.0 2.1 28.0 36.0 32.0
19 28 32.2 2.4 28.0 36.0 32.0
19 29 32.7 3.6 28.0 56.0 32.0
19 30 32.1 2.2 28.0 36.0 32.0
19 31 32.1 2.3 28.0 36.0 32.0
20 0 32.4 2.5 28.0 56.0 32.0
20 1 32.0 2.2 24.0 36.0 32.0
20 2 32.0 1.9 28.0 36.0 32.0
20 3 31.9 2.1 28.0 36.0 32.0
20 4 32.2 2.4 28.0 36.0 32.0
20 5 31.9 2.1 28.0 36.0 32.0
20 6 33.5 7.4 28.0 80.0 32.0
20 7 41.0 53.5 28.0 476.0 32.0
20 8 32.2 2.5 28.0 36.0 32.0
20 9 32.0 2.2 28.0 36.0 32.0
20 10 31.7 1.9 28.0 36.0 32.0
20 11 31.9 1.9 28.0 36.0 32.0
20 12 32.0 2.1 28.0 36.0 32.0
20 13 32.1 2.2 28.0 36.0 32.0
20 14 32.0 2.2 28.0 36.0 32.0
20 15 32.1 2.2 28.0 36.0 32.0
20 16 31.2 1.6 28.0 32.0 32.0
20 17 31.4 1.5 28.0 36.0 32.0
20 18 31.5 1.6 28.0 36.0 32.0
20 19 31.6 1.8 28.0 36.0 32.0
20 21 31.6 1.7 28.0 36.0 32.0
20 22 31.5 1.5 28.0 36.0 32.0
20 23 31.5 1.8 28.0 36.0 32.0
20 24 32.0 2.3 28.0 36.0 32.0
20 25 31.7 1.9 28.0 36.0 32.0
20 26 31.6 1.9 28.0 36.0 32.0
20 27 32.2 2.2 28.0 36.0 32.0
20 28 32.1 2.3 28.0 36.0 32.0
20 29 32.1 2.2 28.0 36.0 32.0
20 30 32.3 2.2 28.0 36.0 32.0
20 31 32.0 2.2 28.0 36.0 32.0
21 0 32.3 2.3 28.0 36.0 32.0
21 1 32.3 2.7 28.0 56.0 32.0
21 2 32.2 2.2 28.0 36.0 32.0
21 3 32.2 2.2 28.0 36.0 32.0
21 4 32.1 2.2 28.0 36.0 32.0
21 5 32.3 2.3 28.0 36.0 32.0
21 6 32.3 2.3 28.0 36.0 32.0
21 7 32.7 4.0 28.0 80.0 32.0
21 8 32.0 2.1 28.0 36.0 32.0
21 9 32.1 2.2 28.0 36.0 32.0
21 10 31.8 1.9 28.0 36.0 32.0
21 11 32.1 2.1 28.0 36.0 32.0
21 12 32.0 2.1 28.0 36.0 32.0
21 13 31.8 1.9 28.0 36.0 32.0
21 14 31.9 2.1 28.0 36.0 32.0
21 15 32.1 2.1 28.0 36.0 32.0
21 16 31.6 1.9 28.0 36.0 32.0
21 17 31.3 1.5 28.0 32.0 32.0
21 18 31.6 1.7 28.0 36.0 32.0
21 19 31.5 1.7 28.0 36.0 32.0
21 20 31.8 1.8 28.0 36.0 32.0
21 22 31.6 1.5 28.0 36.0 32.0
21 23 31.7 1.6 28.0 36.0 32.0
21 24 32.4 2.9 28.0 56.0 32.0
21 25 31.9 2.1 28.0 36.0 32.0
21 26 32.4 3.0 28.0 56.0 32.0
21 27 32.1 2.1 28.0 36.0 32.0
21 28 32.3 2.3 28.0 36.0 32.0
21 29 32.1 2.2 28.0 36.0 32.0
21 30 32.4 2.3 28.0 36.0 32.0
21 31 34.2 9.4 28.0 176.0 32.0
22 0 32.4 2.2 28.0 36.0 32.0
22 1 32.1 2.2 28.0 36.0 32.0
22 2 32.5 3.2 28.0 56.0 32.0
22 3 32.2 2.2 24.0 36.0 32.0
22 4 32.2 2.1 28.0 36.0 32.0
22 5 32.0 2.1 28.0 36.0 32.0
22 6 31.9 2.3 28.0 36.0 32.0
22 7 32.1 2.1 28.0 36.0 32.0
22 8 31.9 2.1 28.0 36.0 32.0
22 9 32.1 2.2 28.0 36.0 32.0
22 10 31.9 2.1 28.0 36.0 32.0
22 11 31.8 1.9 28.0 36.0 32.0
22 12 31.3 1.5 28.0 32.0 32.0
22 13 31.8 1.9 28.0 36.0 32.0
22 14 32.0 2.1 28.0 36.0 32.0
22 15 31.6 1.6 28.0 36.0 32.0
22 16 31.5 1.6 28.0 36.0 32.0
22 17 31.5 1.4 28.0 32.0 32.0
22 18 31.3 1.6 24.0 32.0 32.0
22 19 31.3 1.5 28.0 32.0 32.0
22 20 31.5 1.7 28.0 36.0 32.0
22 21 31.5 1.6 28.0 36.0 32.0
22 23 31.6 1.6 28.0 36.0 32.0
22 24 31.8 2.2 28.0 36.0 32.0
22 25 32.0 2.1 24.0 36.0 32.0
22 26 31.8 1.8 28.0 36.0 32.0
22 27 32.0 2.1 28.0 36.0 32.0
22 28 32.2 2.3 28.0 36.0 32.0
22 29 32.1 2.1 28.0 36.0 32.0
22 30 32.2 2.2 28.0 36.0 32.0
22 31 32.0 2.2 28.0 36.0 32.0
23 0 32.3 2.3 28.0 36.0 32.0
23 1 54.2 92.7 28.0 484.0 32.0
23 2 32.7 4.3 28.0 56.0 32.0
23 3 32.1 2.1 28.0 36.0 32.0
23 4 32.1 2.4 28.0 56.0 32.0
23 5 31.7 1.9 28.0 36.0 32.0
23 6 32.0 1.9 28.0 36.0 32.0
23 7 32.0 2.0 28.0 36.0 32.0
23 8 33.3 6.1 28.0 80.0 32.0
23 9 32.0 2.0 28.0 36.0 32.0
23 10 32.2 2.1 28.0 36.0 32.0
23 11 31.8 2.0 28.0 36.0 32.0
23 12 32.0 2.2 28.0 36.0 32.0
23 13 31.7 1.9 28.0 36.0 32.0
23 14 31.7 1.8 28.0 36.0 32.0
23 15 31.7 1.8 28.0 36.0 32.0
23 16 31.4 1.5 28.0 36.0 32.0
23 17 31.5 1.6 28.0 36.0 32.0
23 18 31.5 1.6 28.0 36.0 32.0
23 19 31.5 1.6 28.0 36.0 32.0
23 20 31.5 1.8 24.0 36.0 32.0
23 21 31.4 1.6 28.0 36.0 32.0
23 22 31.4 1.6 28.0 36.0 32.0
23 24 32.8 3.2 28.0 56.0 32.0
23 25 32.6 2.4 28.0 49.0 32.0
23 26 32.3 2.2 28.0 36.0 32.0
23 27 32.2 2.1 28.0 36.0 32.0
23 28 32.1 2.0 28.0 36.0 32.0
23 29 32.4 2.3 28.0 36.0 32.0
23 30 32.1 2.0 28.0 36.0 32.0
23 31 32.3 2.1 28.0 36.0 32.0
24 0 32.0 2.0 28.0 36.0 32.0
24 1 32.2 2.1 28.0 36.0 32.0
24 2 32.0 2.0 28.0 36.0 32.0
24 3 32.3 2.1 28.0 36.0 32.0
24 4 31.8 1.9 28.0 36.0 32.0
24 5 31.7 1.9 28.0 36.0 32.0
24 6 31.9 1.9 28.0 36.0 32.0
24 7 32.0 2.0 28.0 36.0 32.0
24 8 32.0 2.0 28.0 36.0 32.0
24 9 32.0 2.0 28.0 36.0 32.0
24 10 31.9 1.8 28.0 36.0 32.0
24 11 31.9 2.0 28.0 36.0 32.0
24 12 31.9 1.9 28.0 36.0 32.0
24 13 31.9 2.1 28.0 36.0 32.0
24 14 31.6 1.6 28.0 36.0 32.0
24 15 32.0 2.0 28.0 36.0 32.0
24 16 31.6 1.9 28.0 36.0 32.0
24 17 31.5 1.5 28.0 36.0 32.0
24 18 31.7 1.7 28.0 36.0 32.0
24 19 31.5 1.8 28.0 36.0 32.0
24 20 31.7 1.9 28.0 36.0 32.0
24 21 31.8 1.9 28.0 36.0 32.0
24 22 31.8 1.8 28.0 36.0 32.0
24 23 31.5 1.7 28.0 36.0 32.0
24 25 31.8 1.9 28.0 36.0 32.0
24 26 31.7 1.8 28.0 36.0 32.0
24 27 31.8 2.0 28.0 36.0 32.0
24 28 31.6 1.8 28.0 36.0 32.0
24 29 31.6 1.4 28.0 36.0 32.0
24 30 31.8 1.9 28.0 36.0 32.0
24 31 31.5 1.6 28.0 36.0 32.0
25 0 31.8 2.0 28.0 36.0 32.0
25 1 31.4 1.7 28.0 36.0 32.0
25 2 31.8 2.0 28.0 36.0 32.0
25 3 31.7 2.0 28.0 36.0 32.0
25 4 31.9 2.0 28.0 36.0 32.0
25 5 31.9 2.0 28.0 36.0 32.0
25 6 31.5 1.5 28.0 36.0 32.0
25 7 31.7 1.7 28.0 36.0 32.0
25 8 31.5 1.8 28.0 36.0 32.0
25 9 31.2 1.6 28.0 32.0 32.0
25 10 31.3 1.5 28.0 32.0 32.0
25 11 31.3 1.5 28.0 32.0 32.0
25 12 31.2 1.6 28.0 32.0 32.0
25 13 31.3 1.5 28.0 32.0 32.0
25 14 31.3 1.5 28.0 32.0 32.0
25 15 31.4 1.6 28.0 36.0 32.0
25 16 31.8 2.1 28.0 36.0 32.0
25 17 31.6 1.9 28.0 36.0 32.0
25 18 31.6 1.9 28.0 36.0 32.0
25 19 31.5 1.6 28.0 36.0 32.0
25 20 31.8 2.0 28.0 36.0 32.0
25 21 29.0 1.7 28.0 32.0 28.0
25 22 32.1 2.2 28.0 36.0 32.0
25 23 31.6 1.9 28.0 36.0 32.0
25 24 31.8 1.8 28.0 36.0 32.0
25 26 31.9 1.9 28.0 36.0 32.0
25 27 31.5 1.7 28.0 36.0 32.0
25 28 31.9 2.1 28.0 36.0 32.0
25 29 31.3 1.5 28.0 32.0 32.0
25 30 31.6 1.8 28.0 36.0 32.0
25 31 31.5 1.8 28.0 36.0 32.0
26 0 31.8 1.9 28.0 36.0 32.0
26 1 31.5 1.7 28.0 36.0 32.0
26 2 31.7 1.9 28.0 36.0 32.0
26 3 31.9 2.1 28.0 36.0 32.0
26 4 32.4 2.2 28.0 36.0 32.0
26 5 31.8 2.0 28.0 36.0 32.0
26 6 31.7 1.9 28.0 36.0 32.0
26 7 31.7 1.8 28.0 36.0 32.0
26 8 31.5 1.8 28.0 36.0 32.0
26 9 31.2 1.6 28.0 32.0 32.0
26 10 31.3 1.5 28.0 32.0 32.0
26 11 31.4 1.4 28.0 32.0 32.0
26 12 31.3 1.5 28.0 32.0 32.0
26 13 31.4 1.7 28.0 36.0 32.0
26 14 31.3 1.5 28.0 32.0 32.0
26 15 31.4 1.7 28.0 36.0 32.0
26 16 31.8 2.1 28.0 36.0 32.0
26 17 31.7 2.0 28.0 36.0 32.0
26 18 31.6 1.7 28.0 36.0 32.0
26 19 31.5 1.7 28.0 36.0 32.0
26 20 31.8 2.1 28.0 36.0 32.0
26 21 31.7 2.0 28.0 36.0 32.0
26 22 31.7 1.8 28.0 36.0 32.0
26 23 31.7 2.1 28.0 36.0 32.0
26 24 31.6 1.7 28.0 36.0 32.0
26 25 31.8 1.8 28.0 36.0 32.0
26 27 31.7 1.8 28.0 36.0 32.0
26 28 31.4 1.5 28.0 36.0 32.0
26 29 31.3 1.5 28.0 32.0 32.0
26 30 31.5 1.8 28.0 36.0 32.0
26 31 31.6 1.8 28.0 36.0 32.0
27 0 31.7 2.1 28.0 36.0 32.0
27 1 31.5 1.9 28.0 36.0 32.0
27 2 31.5 1.8 28.0 36.0 32.0
27 3 31.4 1.4 28.0 32.0 32.0
27 4 31.7 1.9 28.0 36.0 32.0
27 5 31.7 1.8 28.0 36.0 32.0
27 6 31.6 1.8 28.0 36.0 32.0
27 7 31.7 2.0 28.0 36.0 32.0
27 8 31.2 1.6 28.0 36.0 32.0
27 9 31.2 1.6 28.0 32.0 32.0
27 10 31.2 1.6 28.0 32.0 32.0
27 11 31.3 1.5 28.0 32.0 32.0
27 12 31.4 1.5 28.0 32.0 32.0
27 13 31.3 1.6 28.0 32.0 32.0
27 14 31.4 1.5 28.0 32.0 32.0
27 15 31.2 1.6 28.0 32.0 32.0
27 16 31.7 1.9 28.0 36.0 32.0
27 17 31.5 1.6 28.0 36.0 32.0
27 18 31.4 1.6 28.0 36.0 32.0
27 19 31.3 1.5 28.0 32.0 32.0
27 20 31.2 1.6 28.0 32.0 32.0
27 21 31.6 1.9 28.0 36.0 32.0
27 22 31.6 1.8 28.0 36.0 32.0
27 23 31.9 2.1 28.0 36.0 32.0
27 24 31.6 1.7 28.0 36.0 32.0
27 25 31.5 1.6 28.0 36.0 32.0
27 26 31.7 1.7 28.0 36.0 32.0
27 28 31.6 1.7 28.0 36.0 32.0
27 29 31.5 1.6 28.0 36.0 32.0
27 30 31.6 1.9 28.0 36.0 32.0
27 31 31.4 1.6 28.0 36.0 32.0
28 0 31.6 1.9 28.0 36.0 32.0
28 1 31.7 1.8 28.0 36.0 32.0
28 2 31.7 1.7 28.0 36.0 32.0
28 3 31.7 2.0 28.0 36.0 32.0
28 4 31.5 1.7 28.0 36.0 32.0
28 5 31.7 1.9 28.0 36.0 32.0
28 6 31.8 2.0 28.0 36.0 32.0
28 7 32.0 2.2 28.0 36.0 32.0
28 8 31.3 1.5 28.0 32.0 32.0
28 9 31.2 1.6 28.0 32.0 32.0
28 10 31.3 1.5 28.0 32.0 32.0
28 11 31.3 1.5 28.0 32.0 32.0
28 12 28.8 1.6 28.0 32.0 28.0
28 13 31.2 1.6 28.0 32.0 32.0
28 14 31.4 1.5 28.0 32.0 32.0
28 15 31.3 1.5 28.0 32.0 32.0
28 16 31.7 2.0 28.0 36.0 32.0
28 17 31.6 1.9 28.0 36.0 32.0
28 18 31.6 1.9 28.0 36.0 32.0
28 19 31.6 1.8 28.0 36.0 32.0
28 20 31.5 1.7 28.0 36.0 32.0
28 21 31.4 1.8 28.0 36.0 32.0
28 22 31.6 1.9 28.0 36.0 32.0
28 23 31.8 1.9 28.0 36.0 32.0
28 24 31.4 1.6 28.0 36.0 32.0
28 25 31.6 1.7 28.0 36.0 32.0
28 26 31.8 1.9 28.0 36.0 32.0
28 27 31.5 1.6 28.0 36.0 32.0
28 29 31.7 1.8 28.0 36.0 32.0
28 30 31.4 1.5 28.0 32.0 32.0
28 31 31.6 1.7 28.0 36.0 32.0
29 0 31.6 1.8 28.0 36.0 32.0
29 1 31.6 1.8 28.0 36.0 32.0
29 2 31.6 1.8 28.0 36.0 32.0
29 3 31.7 1.8 28.0 36.0 32.0
29 4 31.5 1.5 28.0 36.0 32.0
29 5 31.6 1.6 28.0 36.0 32.0
29 6 31.5 1.6 28.0 36.0 32.0
29 7 31.8 2.0 28.0 36.0 32.0
29 8 31.5 1.6 28.0 36.0 32.0
29 9 31.3 1.5 28.0 32.0 32.0
29 10 31.3 1.5 28.0 32.0 32.0
29 11 31.3 1.7 28.0 36.0 32.0
29 12 31.5 1.7 28.0 36.0 32.0
29 13 31.2 1.6 28.0 32.0 32.0
29 14 31.4 1.5 28.0 32.0 32.0
29 15 31.3 1.5 28.0 32.0 32.0
29 16 31.6 2.1 28.0 36.0 32.0
29 17 31.9 2.0 28.0 36.0 32.0
29 18 31.5 1.8 28.0 36.0 32.0
29 19 31.5 1.9 28.0 36.0 32.0
29 20 31.5 1.8 28.0 36.0 32.0
29 21 31.5 1.7 28.0 36.0 32.0
29 22 31.5 1.8 28.0 36.0 32.0
29 23 31.7 1.8 28.0 36.0 32.0
29 24 31.5 1.8 28.0 36.0 32.0
29 25 31.3 1.5 28.0 32.0 32.0
29 26 31.6 1.7 28.0 36.0 32.0
29 27 31.5 1.8 28.0 36.0 32.0
29 28 31.8 1.8 28.0 36.0 32.0
29 30 31.6 1.7 28.0 36.0 32.0
29 31 31.5 1.5 28.0 36.0 32.0
30 0 32.0 2.2 28.0 36.0 32.0
30 1 32.1 2.3 28.0 36.0 32.0
30 2 31.7 1.9 28.0 36.0 32.0
30 3 31.9 2.1 28.0 36.0 32.0
30 4 31.6 1.7 28.0 36.0 32.0
30 5 31.7 1.8 28.0 36.0 32.0
30 6 31.5 1.7 28.0 36.0 32.0
30 7 31.6 1.8 28.0 36.0 32.0
30 8 31.3 1.5 28.0 36.0 32.0
30 9 31.3 1.6 28.0 32.0 32.0
30 10 31.3 1.6 28.0 32.0 32.0
30 11 31.5 1.6 28.0 36.0 32.0
30 12 31.6 1.7 28.0 36.0 32.0
30 13 31.3 1.5 28.0 32.0 32.0
30 14 31.4 1.4 28.0 32.0 32.0
30 15 31.3 1.5 28.0 32.0 32.0
30 16 31.5 2.0 28.0 36.0 32.0
30 17 31.8 2.0 28.0 36.0 32.0
30 18 31.6 2.0 28.0 36.0 32.0
30 19 31.6 1.9 28.0 36.0 32.0
30 20 31.5 1.7 28.0 36.0 32.0
30 21 31.6 1.9 28.0 36.0 32.0
30 22 31.5 1.8 28.0 36.0 32.0
30 23 31.7 1.8 28.0 36.0 32.0
30 24 31.5 1.5 28.0 36.0 32.0
30 25 31.4 1.7 28.0 36.0 32.0
30 26 31.4 1.7 28.0 36.0 32.0
30 27 29.1 1.8 28.0 32.0 28.0
30 28 31.5 1.4 28.0 36.0 32.0
30 29 31.6 1.7 28.0 36.0 32.0
30 31 31.5 1.9 28.0 36.0 32.0
31 0 32.0 2.0 28.0 36.0 32.0
31 1 32.0 2.1 28.0 36.0 32.0
31 2 32.2 2.1 28.0 36.0 32.0
31 3 32.2 2.2 28.0 36.0 32.0
31 4 31.7 1.7 28.0 36.0 32.0
31 5 31.9 1.7 28.0 36.0 32.0
31 6 31.7 1.7 28.0 36.0 32.0
31 7 31.6 1.7 28.0 36.0 32.0
31 8 31.8 1.9 28.0 36.0 32.0
31 9 32.1 2.0 28.0 36.0 32.0
31 10 32.0 2.0 28.0 36.0 32.0
31 11 31.9 2.0 28.0 36.0 32.0
31 12 32.1 2.1 28.0 36.0 32.0
31 13 32.0 2.0 28.0 36.0 32.0
31 14 31.9 1.8 28.0 36.0 32.0
31 15 31.7 1.8 28.0 36.0 32.0
31 16 31.7 2.0 28.0 36.0 32.0
31 17 31.8 1.9 28.0 36.0 32.0
31 18 31.6 1.8 28.0 36.0 32.0
31 19 31.9 2.0 28.0 36.0 32.0
31 20 31.6 1.7 28.0 36.0 32.0
31 21 31.8 2.0 28.0 36.0 32.0
31 22 31.5 1.3 28.0 32.0 32.0
31 23 31.6 1.4 28.0 36.0 32.0
31 24 31.6 1.6 28.0 36.0 32.0
31 25 31.6 1.7 28.0 36.0 32.0
31 26 31.4 1.6 28.0 36.0 32.0
31 27 31.8 1.9 28.0 36.0 32.0
31 28 31.6 1.8 28.0 36.0 32.0
31 29 31.6 1.7 28.0 36.0 32.0
31 30 31.7 1.9 28.0 36.0 32.0
