# src_core	dest_core	cost	stderr
0	0	-1	0
1	0	245.063492063	2.47446011988
2	0	244.26984127	2.03310966144
3	0	240.952380952	2.85872971806
4	0	244.333333333	2.63673679998
5	0	242.158730159	2.77863932218
6	0	252.888888889	2.73780766836
7	0	253.063492063	2.68371346537
8	0	253.936507937	2.82209544951
9	0	253.857142857	3.08533213389
10	0	253.285714286	2.83643287844
11	0	253.158730159	2.58325713686
12	0	254.793650794	3.49220778923
13	0	255.761904762	3.33197251134
14	0	255.111111111	3.40453064668
15	0	254.523809524	3.28950781698
16	0	255.412698413	3.10981508476
17	0	254.603174603	3.46657363675
18	0	262.349206349	2.81243683617
19	0	262.650793651	2.07906213715
20	0	260.238095238	3.24019539737
21	0	261.650793651	2.63769217405
22	0	263.428571429	2.40841306979
23	0	262.634920635	2.86357301121
0	1	243.301587302	2.25821196746
1	1	-1	0
2	1	243.904761905	3.38865654755
3	1	241.761904762	3.11022015101
4	1	238.603174603	2.11974603555
5	1	238.984126984	2.14913835441
6	1	253.492063492	2.85007945238
7	1	252.682539683	2.32191352959
8	1	251.571428571	1.49829835453
9	1	253.015873016	2.32646651815
10	1	254.126984127	3.30219774576
11	1	253.714285714	3.12404180321
12	1	254.80952381	3.26042719402
13	1	255.650793651	3.61284626026
14	1	254.46031746	3.2062706261
15	1	254.650793651	3.51486065184
16	1	255.079365079	3.43327132307
17	1	253.650793651	3.08688331112
18	1	261.19047619	3.24089514803
19	1	262.174603175	2.59143695224
20	1	261.698412698	2.34781168382
21	1	261.936507937	2.86673873593
22	1	261.80952381	2.47435829653
23	1	261.555555556	3.07977415054
0	2	241.428571429	2.87139303461
1	2	239.984126984	2.2217686612
2	2	-1	0
3	2	241.476190476	3.51801325091
4	2	244.19047619	2.15183305289
5	2	240.26984127	2.8685837953
6	2	253.634920635	2.92933486844
7	2	253.603174603	2.8370546013
8	2	253.650793651	3.42334993346
9	2	254.015873016	3.12436438484
10	2	253.031746032	2.66051823313
11	2	252.507936508	2.03050557371
12	2	254.682539683	3.40785924902
13	2	253.158730159	8.47256328075
14	2	254.222222222	3.48895965958
15	2	253.73015873	3.25238056505
16	2	255.015873016	3.19966299561
17	2	254.761904762	3.49927106112
18	2	260.634920635	3.49285705269
19	2	261.920634921	2.96166827345
20	2	262.793650794	3.17309487979
21	2	262.523809524	2.78805355587
22	2	262.492063492	2.81646528372
23	2	262.380952381	2.29165893629
0	3	242.095238095	2.82120252259
1	3	242.111111111	3.87548711167
2	3	243.587301587	3.73586190151
3	3	-1	0
4	3	239.857142857	3.26042719402
5	3	240.26984127	3.38158575184
6	3	252.936507937	2.59959102933
7	3	252.53968254	2.18817454416
8	3	253.0	2.63673679998
9	3	252.682539683	2.14420886232
10	3	253.317460317	2.71284655061
11	3	252.587301587	2.56740818376
12	3	254.46031746	3.21121742639
13	3	255.126984127	3.43877083749
14	3	255.46031746	3.60258019011
15	3	253.841269841	3.25238056505
16	3	254.301587302	3.11491506998
17	3	255.26984127	3.32478116815
18	3	261.428571429	3.0327015863
19	3	261.936507937	2.81646528372
20	3	262.873015873	3.33567566984
21	3	261.714285714	2.89185265727
22	3	262.777777778	2.88644585345
23	3	261.777777778	3.0049929057
0	4	240.444444444	2.64141483119
1	4	244.444444444	2.58062240418
2	4	244.936507937	3.13643724617
3	4	242.46031746	4.25692860747
4	4	-1	0
5	4	243.428571429	4.01471217302
6	4	253.841269841	3.22788617847
7	4	252.46031746	2.00654007531
8	4	253.206349206	2.72063677279
9	4	253.507936508	2.8942911289
10	4	253.666666667	2.75450568838
11	4	253.507936508	3.23607157431
12	4	255.26984127	3.20320449276
13	4	255.904761905	3.50380421698
14	4	254.920634921	3.73019250238
15	4	254.158730159	3.26212682209
16	4	255.253968254	3.15206283662
17	4	255.587301587	3.41162773902
18	4	261.873015873	2.9626889518
19	4	261.968253968	2.85617267479
20	4	262.079365079	3.17380942458
21	4	261.952380952	3.00490905986
22	4	261.968253968	2.18194797174
23	4	262.238095238	2.98522438451
0	5	241.079365079	3.54697092904
1	5	245.317460317	3.19635405803
2	5	242.285714286	3.5653917233
3	5	240.380952381	2.95698565643
4	5	240.142857143	3.17658668193
5	5	-1	0
6	5	253.523809524	2.8611083592
7	5	253.079365079	2.34555701106
8	5	252.253968254	2.22516811541
9	5	253.19047619	2.56259505659
10	5	253.698412698	3.24959055118
11	5	253.333333333	2.77173946873
12	5	255.158730159	3.24260501393
13	5	255.412698413	3.11491506998
14	5	254.396825397	3.05785318686
15	5	253.777777778	3.19446169768
16	5	254.238095238	3.47194783496
17	5	253.333333333	7.5886297569
18	5	261.984126984	2.73421625399
19	5	262.46031746	3.15637624664
20	5	261.920634921	2.68033157924
21	5	262.507936508	2.68371346537
22	5	261.777777778	3.09348749844
23	5	260.952380952	3.3353735253
0	6	244.301587302	3.0322861648
1	6	245.222222222	2.54136848802
2	6	241.428571429	3.99091939805
3	6	244.666666667	3.83385089674
4	6	240.523809524	3.77484213002
5	6	239.873015873	3.78590562227
6	6	-1	0
7	6	254.380952381	3.05727636558
8	6	254.126984127	2.87016433074
9	6	254.873015873	2.50391479831
10	6	254.349206349	2.91770038911
11	6	254.746031746	3.17714184208
12	6	259.841269841	3.01954663477
13	6	259.777777778	2.59085353616
14	6	259.222222222	2.70475445263
15	6	259.904761905	2.97457098795
16	6	259.333333333	2.26778683806
17	6	260.793650794	3.3954158179
18	6	263.063492063	1.51052409567
19	6	263.174603175	2.77482836615
20	6	264.047619048	1.80324725988
21	6	264.238095238	2.62294082932
22	6	263.095238095	2.67091498331
23	6	263.761904762	2.67685129953
0	7	244.365079365	3.12847438504
1	7	242.857142857	4.05852871479
2	7	246.222222222	3.84395813054
3	7	242.80952381	3.58062308516
4	7	241.571428571	3.85331968079
5	7	244.793650794	3.77190419747
6	7	253.507936508	2.74222141369
7	7	-1	0
8	7	253.523809524	3.24089514803
9	7	253.761904762	3.14069189483
10	7	252.682539683	3.35623275592
11	7	254.253968254	3.38984596723
12	7	260.507936508	3.40808104025
13	7	260.349206349	3.02979243963
14	7	259.825396825	2.84822240604
15	7	259.920634921	2.99895001362
16	7	259.936507937	2.6539758487
17	7	261.031746032	3.28038061075
18	7	262.095238095	3.42128856127
19	7	264.142857143	1.753519299
20	7	264.587301587	2.30689044218
21	7	263.968253968	3.08590371095
22	7	264.206349206	2.6135102598
23	7	264.333333333	1.79062815971
0	8	242.555555556	3.68944344655
1	8	241.365079365	3.60907844414
2	8	241.380952381	3.98580246816
3	8	245.412698413	3.05834751851
4	8	241.174603175	3.81949752591
5	8	244.650793651	4.33940501429
6	8	254.73015873	3.24260501393
7	8	253.047619048	2.6987861553
8	8	-1	0
9	8	253.761904762	4.18506143671
10	8	252.492063492	2.56269337403
11	8	254.031746032	3.12170208949
12	8	259.80952381	2.74212953312
13	8	259.984126984	2.90861917543
14	8	259.603174603	2.76910209812
15	8	260.698412698	3.22014946234
16	8	260.46031746	2.88303960423
17	8	260.253968254	2.99188454688
18	8	262.666666667	3.19225252611
19	8	263.746031746	2.50059201859
20	8	264.126984127	1.96389686708
21	8	263.523809524	3.38932564748
22	8	264.825396825	2.25050035029
23	8	263.380952381	2.83083122813
0	9	241.714285714	3.92561216105
1	9	244.507936508	3.69415246148
2	9	241.984126984	3.71821797004
3	9	244.873015873	4.71906657266
4	9	240.396825397	4.08846492922
5	9	240.682539683	3.23092888912
6	9	254.142857143	3.44045559394
7	9	252.714285714	3.14934395501
8	9	252.984126984	2.88670770614
9	9	-1	0
10	9	253.777777778	3.4200364077
11	9	253.53968254	3.54035867982
12	9	260.619047619	3.31628292314
13	9	259.53968254	2.64770278882
14	9	259.444444444	2.49302377616
15	9	260.888888889	3.07117221357
16	9	260.507936508	3.06994139788
17	9	260.333333333	3.21701823887
18	9	263.222222222	1.60796079519
19	9	263.857142857	3.15653588937
20	9	263.936507937	3.01252947492
21	9	264.380952381	1.88922232618
22	9	263.714285714	1.26526954815
23	9	263.507936508	3.24586680219
0	10	245.571428571	2.77010277567
1	10	245.238095238	2.3819045715
2	10	245.111111111	3.56842907552
3	10	245.063492063	3.37061539232
4	10	244.428571429	4.60749660264
5	10	241.317460317	3.19635405803
6	10	254.507936508	4.23842219772
7	10	253.746031746	3.35690831857
8	10	252.80952381	3.95954600114
9	10	253.603174603	3.14486067292
10	10	-1	0
11	10	252.333333333	4.11732691833
12	10	260.968253968	3.01303124259
13	10	260.873015873	3.14966394525
14	10	261.0	3.14718316988
15	10	260.952380952	3.58315535075
16	10	260.444444444	3.04348264265
17	10	261.412698413	3.64554488115
18	10	263.063492063	2.36289448456
19	10	264.777777778	2.71646621781
20	10	264.206349206	2.95553680113
21	10	264.095238095	2.40841306979
22	10	264.333333333	2.26077666104
23	10	264.73015873	3.25238056505
0	11	245.46031746	3.63765752651
1	11	242.952380952	3.59642049305
2	11	244.587301587	3.90211550534
3	11	244.777777778	2.90289644323
4	11	244.666666667	3.59452846986
5	11	242.793650794	3.41406395714
6	11	254.142857143	3.69837863599
7	11	254.761904762	3.7952112086
8	11	254.126984127	3.68821401908
9	11	255.238095238	4.88832196259
10	11	254.698412698	3.86533195615
11	11	-1	0
12	11	260.095238095	3.30326575162
13	11	260.53968254	3.1005652164
14	11	260.53968254	3.05933594219
15	11	260.634920635	2.95092983625
16	11	260.333333333	3.14718316988
17	11	259.650793651	2.72063677279
18	11	264.317460317	3.2845255115
19	11	264.428571429	2.47344169776
20	11	264.857142857	3.09560437393
21	11	263.73015873	2.94503267132
22	11	263.857142857	2.75944060847
23	11	264.80952381	2.84999104904
0	12	242.73015873	3.56440225941
1	12	243.634920635	4.47320625503
2	12	241.301587302	3.54398627965
3	12	245.793650794	3.83450801943
4	12	239.73015873	3.72552904182
5	12	241.920634921	4.40887124201
6	12	262.507936508	3.83746367905
7	12	262.571428571	3.99091939805
8	12	260.682539683	4.48923013453
9	12	260.253968254	3.97199823354
10	12	261.952380952	3.90534258168
11	12	261.015873016	4.42751879166
12	12	-1	0
13	12	257.984126984	3.88522665267
14	12	258.984126984	3.48006597042
15	12	257.619047619	3.72647572315
16	12	258.46031746	3.60258019011
17	12	258.746031746	4.14027164958
18	12	264.952380952	3.60963688729
19	12	266.063492063	2.86673873593
20	12	265.015873016	2.76309042239
21	12	265.634920635	3.27230605208
22	12	266.015873016	3.0783012399
23	12	265.968253968	3.55888449604
0	13	242.682539683	4.33452509922
1	13	247.142857143	3.53152308909
2	13	245.682539683	3.05933594219
3	13	242.80952381	4.14750696913
4	13	241.158730159	4.18313450184
5	13	242.888888889	4.41897463906
6	13	261.80952381	3.93945102475
7	13	261.682539683	4.37462160477
8	13	262.0	4.12887624513
9	13	261.015873016	4.34062413584
10	13	262.19047619	4.66958120843
11	13	261.746031746	4.84675723361
12	13	259.174603175	3.91796708924
13	13	-1	0
14	13	259.365079365	3.87626717551
15	13	258.825396825	4.32981425805
16	13	259.301587302	3.14534133023
17	13	259.063492063	3.762273105
18	13	265.0	3.49148624378
19	13	266.079365079	3.59585999737
20	13	265.079365079	3.67013510111
21	13	266.349206349	3.87977552189
22	13	265.761904762	3.42128856127
23	13	265.301587302	3.51701045774
0	14	242.301587302	10.6958453893
1	14	247.126984127	3.04720565979
2	14	246.158730159	2.86304505011
3	14	247.412698413	3.36477986089
4	14	242.206349206	4.93178460297
5	14	241.968253968	4.67675187096
6	14	262.666666667	4.84030695603
7	14	262.412698413	4.14665641032
8	14	264.142857143	4.02711895464
9	14	262.698412698	3.83647871218
10	14	262.301587302	3.89397141149
11	14	264.650793651	5.47188696787
12	14	257.936507937	3.90714858019
13	14	257.317460317	13.9270496161
14	14	-1	0
15	14	259.126984127	4.77258062532
16	14	260.841269841	4.2806554505
17	14	259.26984127	4.36147036953
18	14	266.380952381	4.65109159889
19	14	266.777777778	3.73080035009
20	14	268.031746032	3.95598102122
21	14	266.555555556	3.65920356404
22	14	265.253968254	3.51851454032
23	14	266.126984127	3.35938421933
0	15	246.158730159	4.11426611792
1	15	247.746031746	3.91970299315
2	15	246.317460317	3.43106904912
3	15	245.047619048	4.02937062882
4	15	246.714285714	4.95192305575
5	15	245.428571429	4.91099927023
6	15	263.682539683	4.79028579465
7	15	264.238095238	4.45689865021
8	15	263.984126984	4.80902611496
9	15	263.523809524	5.2307307537
10	15	266.26984127	5.02440504006
11	15	264.301587302	5.40615440188
12	15	258.825396825	4.42768950654
13	15	259.841269841	4.80147579564
14	15	259.492063492	4.80698240781
15	15	-1	0
16	15	261.333333333	6.22845492828
17	15	261.142857143	4.65255397641
18	15	269.920634921	5.17104756604
19	15	267.793650794	3.97675280376
20	15	268.666666667	4.57043640027
21	15	269.19047619	3.85802459058
22	15	267.619047619	4.4629998148
23	15	266.73015873	3.87587716321
0	16	246.984126984	3.48462411032
1	16	247.888888889	6.38726687485
2	16	249.968253968	4.85657222501
3	16	248.079365079	5.13408030218
4	16	248.158730159	5.49806993323
5	16	247.174603175	4.21840142196
6	16	265.571428571	5.1477049462
7	16	267.079365079	5.12789318198
8	16	265.063492063	5.49710751033
9	16	266.777777778	4.73569506621
10	16	264.047619048	4.48074742712
11	16	267.777777778	6.71280331866
12	16	259.555555556	11.1537277956
13	16	261.634920635	5.76332572448
14	16	262.317460317	5.48251302831
15	16	261.634920635	5.09061254711
16	16	-1	0
17	16	261.174603175	5.04437351983
18	16	271.111111111	5.93111545255
19	16	269.111111111	4.26544294621
20	16	269.19047619	4.07803696495
21	16	271.142857143	6.13306713412
22	16	267.26984127	3.94890520977
23	16	269.761904762	4.15460840213
0	17	255.857142857	7.45538506315
1	17	254.333333333	10.8437678686
2	17	253.428571429	5.29963845941
3	17	249.46031746	5.0452724904
4	17	253.428571429	8.52394253687
5	17	250.873015873	6.39814472983
6	17	268.444444444	6.63750234575
7	17	269.523809524	6.69246708219
8	17	265.825396825	5.32600592642
9	17	270.793650794	8.10870339812
10	17	269.349206349	7.05794324589
11	17	274.523809524	10.3000341236
12	17	262.523809524	5.11722005029
13	17	268.523809524	7.81097547484
14	17	263.047619048	6.25243716654
15	17	259.492063492	32.6651472027
16	17	264.015873016	5.39985909132
17	17	-1	0
18	17	275.238095238	7.42521291601
19	17	271.873015873	4.99044185941
20	17	270.650793651	5.76568593411
21	17	280.476190476	14.7162119251
22	17	271.936507937	5.71512339539
23	17	273.111111111	6.87325414741
0	18	261.857142857	5.07047833709
1	18	264.26984127	7.54080192192
2	18	265.492063492	7.95996533428
3	18	263.047619048	7.10114806597
4	18	264.793650794	9.34040332591
5	18	264.666666667	6.15410561114
6	18	244.285714286	77.4790147874
7	18	271.333333333	7.20229240402
8	18	271.285714286	6.76693307341
9	18	268.682539683	5.26993688955
10	18	269.396825397	6.72011829672
11	18	271.507936508	8.95291566567
12	18	271.396825397	7.25398562049
13	18	274.984126984	11.5874755369
14	18	270.476190476	6.04180447884
15	18	268.841269841	4.72146852729
16	18	270.53968254	6.59924333523
17	18	270.19047619	6.68772185298
18	18	-1	0
19	18	273.19047619	6.88651118355
20	18	276.206349206	7.37898932762
21	18	276.174603175	9.50612113999
22	18	274.19047619	6.37668656273
23	18	272.365079365	6.57388191303
0	19	260.126984127	32.5890682146
1	19	265.126984127	6.57434181265
2	19	264.936507937	7.42555222867
3	19	264.222222222	6.459751935
4	19	266.365079365	8.15582679487
5	19	266.26984127	6.73820274
6	19	268.825396825	6.05671523565
7	19	276.0	9.75412000864
8	19	270.619047619	6.89243563149
9	19	273.349206349	8.07339099928
10	19	271.714285714	7.73454130842
11	19	272.206349206	7.68870276209
12	19	271.777777778	6.97943565382
13	19	275.555555556	9.14395936919
14	19	269.349206349	6.7569099967
15	19	270.920634921	5.6492774852
16	19	262.111111111	46.8195153691
17	19	271.746031746	6.03157894505
18	19	274.73015873	7.90058536953
19	19	-1	0
20	19	273.920634921	8.15388034473
21	19	269.19047619	48.3974475068
22	19	273.984126984	7.0744163784
23	19	273.253968254	7.17130138943
0	20	270.968253968	14.079105597
1	20	266.571428571	7.60683545098
2	20	263.888888889	5.71578463586
3	20	265.158730159	7.169614785
4	20	267.714285714	9.70424317507
5	20	271.587301587	10.0690235662
6	20	271.619047619	6.99076163943
7	20	274.253968254	7.97011930358
8	20	271.984126984	8.21050829487
9	20	272.349206349	7.95055899035
10	20	272.015873016	6.73651990484
11	20	272.587301587	35.0154772675
12	20	272.063492063	7.5422050918
13	20	278.53968254	10.6857350347
14	20	274.507936508	13.2268042138
15	20	271.714285714	6.94291593156
16	20	274.46031746	8.05896010627
17	20	272.587301587	8.2127174333
18	20	280.158730159	11.9949808938
19	20	274.444444444	7.26325340933
20	20	-1	0
21	20	285.571428571	19.3125621472
22	20	278.206349206	11.8283473468
23	20	282.396825397	12.9523420479
0	21	310.920634921	59.7123532425
1	21	268.825396825	11.3871825501
2	21	281.492063492	22.413766331
3	21	265.571428571	7.1241023622
4	21	338.603174603	76.7999958008
5	21	274.253968254	14.5612752952
6	21	398.365079365	137.203741629
7	21	283.777777778	21.1100250347
8	21	269.507936508	34.7968585591
9	21	282.46031746	18.7860344927
10	21	278.587301587	12.4449708343
11	21	347.238095238	101.583762339
12	21	279.507936508	14.5862220441
13	21	272.126984127	61.4877693513
14	21	276.0	11.6850195781
15	21	291.936507937	29.3045708639
16	21	275.777777778	10.1581845092
17	21	283.777777778	20.2048591079
18	21	280.682539683	13.1061907059
19	21	281.825396825	15.687968985
20	21	280.095238095	11.8035699277
21	21	-1	0
22	21	363.666666667	94.0292085657
23	21	376.349206349	105.498989498
0	22	426.253968254	144.53834206
1	22	302.031746032	46.2529169407
2	22	343.777777778	85.7100028324
3	22	327.857142857	70.2141524971
4	22	456.857142857	146.651823615
5	22	342.492063492	75.8998657413
6	22	514.047619048	207.151384608
7	22	366.603174603	75.3810509814
8	22	336.968253968	72.0705052178
9	22	357.0	94.4210428524
10	22	311.142857143	47.8266901452
11	22	487.26984127	198.482673375
12	22	333.063492063	66.3587826309
13	22	346.761904762	87.19576848
14	22	345.857142857	87.2210942053
15	22	442.857142857	136.965394441
16	22	369.53968254	94.1100040896
17	22	350.920634921	84.5684284944
18	22	365.253968254	96.1531464052
19	22	364.047619048	98.3817360408
20	22	312.888888889	48.9330968955
21	22	380.111111111	105.057370738
22	22	-1	0
23	22	479.079365079	150.488021101
0	23	779.206349206	225.316367263
1	23	518.333333333	176.436057935
2	23	648.333333333	183.164511015
3	23	598.682539683	164.429830202
4	23	457.793650794	173.450341343
5	23	613.619047619	186.294563525
6	23	444.571428571	129.848717138
7	23	610.349206349	162.818348361
8	23	617.53968254	184.415061999
9	23	623.80952381	196.139475572
10	23	445.301587302	132.88766409
11	23	641.396825397	250.203697312
12	23	573.825396825	132.977804531
13	23	643.492063492	202.029769378
14	23	531.095238095	168.811411098
15	23	483.238095238	161.086264407
16	23	622.333333333	194.803523321
17	23	585.174603175	184.350213615
18	23	519.952380952	138.021556698
19	23	662.507936508	180.058797541
20	23	507.095238095	145.454374485
21	23	592.301587302	197.276748235
22	23	462.873015873	167.175650622
23	23	-1	0
