
0 1 337.0 3.3 327.0 346.0 336.0
0 2 335.6 5.1 320.0 360.0 335.0
0 3 336.6 5.3 321.0 359.0 336.0
0 4 337.7 6.9 321.0 361.0 336.0
0 5 334.8 3.4 322.0 346.0 335.0
0 6 329.5 2.6 320.0 340.0 329.0
0 7 334.4 5.1 313.0 359.0 335.0
0 8 333.1 4.9 313.0 359.0 333.0
0 9 334.2 3.7 325.0 344.0 334.0
0 10 334.2 5.6 314.0 361.0 334.0
0 11 334.9 4.7 320.0 350.0 335.0
0 12 349.3 8.9 334.0 383.0 348.0
0 13 348.3 7.6 338.0 376.0 348.0
0 14 344.0 5.5 333.0 364.0 342.0
0 15 346.7 8.2 335.0 377.0 346.0
0 16 348.7 8.6 328.0 377.0 348.0
0 17 347.0 8.0 334.0 376.0 346.0
0 18 343.9 5.2 332.0 364.0 343.0
0 19 344.4 5.6 327.0 362.0 343.5
0 20 344.7 5.6 332.0 363.0 344.0
0 21 345.0 5.4 332.0 362.0 345.0
0 22 344.5 5.4 332.0 361.0 344.0
0 23 344.3 5.5 333.0 365.0 343.0
1 0 338.6 6.5 320.0 363.0 337.0
1 2 337.2 5.5 321.0 361.0 337.0
1 3 335.9 6.7 316.0 364.0 335.0
1 4 338.4 6.0 326.0 365.0 337.0
1 5 336.5 4.0 325.0 358.0 336.0
1 6 331.2 9.1 276.0 382.0 331.0
1 7 334.9 3.8 326.0 344.0 335.0
1 8 333.5 4.9 315.0 353.0 334.0
1 9 335.1 5.0 315.0 355.0 335.0
1 10 334.7 5.2 313.0 359.0 335.0
1 11 335.2 6.0 313.0 362.0 335.0
1 12 348.0 8.9 331.0 377.0 346.0
1 13 346.7 7.4 335.0 376.0 346.0
1 14 346.6 5.5 335.0 363.0 347.0
1 15 347.0 7.7 332.0 376.0 347.0
1 16 347.0 6.9 331.0 374.0 347.0
1 17 345.8 6.1 327.0 371.0 346.0
1 18 345.4 6.3 333.0 374.0 345.0
1 19 344.4 6.3 332.0 368.0 343.0
1 20 343.4 4.5 333.0 355.0 343.0
1 21 344.2 5.4 332.0 364.0 343.0
1 22 344.4 5.3 333.0 361.0 343.0
1 23 343.8 5.5 332.0 363.0 343.0
2 0 338.0 5.5 325.0 360.0 337.0
2 1 335.2 4.4 320.0 356.0 335.0
2 3 338.5 6.8 327.0 360.0 336.0
2 4 337.3 6.9 321.0 360.0 336.0
2 5 336.3 5.8 322.0 360.0 336.0
2 6 332.9 17.9 272.0 450.0 333.0
2 7 333.6 3.3 325.0 343.0 334.0
2 8 334.4 4.8 315.0 353.0 335.0
2 9 334.2 3.6 326.0 343.0 335.0
2 10 334.4 5.0 314.0 354.0 335.0
2 11 334.2 4.6 318.0 350.0 334.0
2 12 346.0 5.7 333.0 362.0 346.0
2 13 345.9 6.8 335.0 375.0 346.0
2 14 347.9 7.0 334.0 375.0 348.0
2 15 346.6 6.1 334.0 372.0 347.0
2 16 348.1 7.5 334.0 376.0 348.0
2 17 349.0 6.2 334.0 375.0 351.0
2 18 344.5 6.1 332.0 367.0 343.0
2 19 343.4 5.5 332.0 362.0 341.0
2 20 344.6 5.1 333.0 361.0 344.0
2 21 344.3 5.3 332.0 364.0 344.0
2 22 345.3 6.7 320.0 374.0 344.0
2 23 345.6 6.1 333.0 366.0 345.0
3 0 336.6 4.8 322.0 360.0 336.0
3 1 337.2 3.5 327.0 349.0 337.0
3 2 338.0 6.2 327.0 361.0 337.0
3 4 338.8 7.5 322.0 363.0 337.0
3 5 336.1 6.7 320.0 360.0 334.0
3 6 330.0 11.6 274.0 381.0 330.0
3 7 332.8 4.5 315.0 351.0 333.0
3 8 334.9 4.2 325.0 345.0 335.0
3 9 333.0 5.9 313.0 363.0 332.0
3 10 333.8 5.3 312.0 356.0 334.0
3 11 335.6 3.9 326.0 345.0 335.0
3 12 346.4 7.1 326.0 375.0 346.0
3 13 346.6 6.7 335.0 375.0 347.0
3 14 347.8 8.4 333.0 377.0 347.0
3 15 346.9 6.1 334.0 371.0 347.0
3 16 347.1 8.1 330.0 376.0 346.0
3 17 346.3 6.9 332.0 375.0 346.0
3 18 344.3 5.1 332.0 361.0 343.0
3 19 344.6 5.5 332.0 362.0 344.0
3 20 345.1 6.1 332.0 368.0 345.0
3 21 343.4 5.0 333.0 359.0 342.0
3 22 343.5 5.5 332.0 362.0 341.0
3 23 343.6 5.4 332.0 360.0 341.0
4 0 336.9 5.5 322.0 358.0 336.0
4 1 340.5 8.2 322.0 365.0 338.5
4 2 337.0 5.0 323.0 357.0 336.0
4 3 339.0 7.5 321.0 363.0 337.0
4 5 337.6 5.4 325.0 360.0 337.0
4 6 330.8 15.2 273.0 448.0 331.0
4 7 333.8 4.8 316.0 352.0 334.0
4 8 333.5 4.9 313.0 357.0 334.0
4 9 333.2 4.4 314.0 350.0 334.0
4 10 334.0 5.5 312.0 358.0 334.0
4 11 334.4 5.1 313.0 356.0 335.0
4 12 346.8 7.0 333.0 375.0 347.0
4 13 348.1 9.2 334.0 385.0 347.0
4 14 347.4 7.6 334.0 375.0 346.5
4 15 347.4 7.5 332.0 375.0 347.0
4 16 346.5 7.1 333.0 376.0 346.0
4 17 348.5 8.2 332.0 376.0 347.0
4 18 344.3 5.7 333.0 365.0 343.0
4 19 343.7 5.3 332.0 362.0 342.0
4 20 343.7 5.3 332.0 360.0 342.0
4 21 344.6 5.3 333.0 361.0 344.0
4 22 344.6 6.3 332.0 368.0 343.0
4 23 344.3 5.8 333.0 368.0 343.0
5 0 335.6 4.3 322.0 351.0 336.0
5 1 335.5 3.5 322.0 351.0 335.0
5 2 336.6 3.6 327.0 346.0 336.0
5 3 338.5 5.6 325.0 363.0 338.0
5 4 337.5 6.5 320.0 373.0 336.0
5 6 331.4 15.0 272.0 448.0 332.0
5 7 335.1 5.9 313.0 363.0 335.0
5 8 333.8 5.5 313.0 359.0 334.0
5 9 334.2 4.8 316.0 353.0 334.0
5 10 335.6 5.2 318.0 354.0 336.0
5 11 334.3 4.6 315.0 355.0 334.0
5 12 346.5 7.6 333.0 376.0 346.0
5 13 345.2 6.2 332.0 372.0 344.0
5 14 346.3 7.7 333.0 375.0 346.0
5 15 347.0 6.5 335.0 372.0 347.0
5 16 346.6 7.1 332.0 375.0 346.0
5 17 345.9 6.9 332.0 374.0 346.0
5 18 343.6 4.5 333.0 355.0 343.0
5 19 343.9 5.5 332.0 362.0 342.0
5 20 343.4 5.1 333.0 362.0 342.0
5 21 345.3 6.0 333.0 373.0 345.0
5 22 344.4 5.5 333.0 367.0 344.0
5 23 343.9 5.9 332.0 363.0 342.0
6 0 318.2 3.3 313.0 325.0 317.0
6 1 318.0 3.3 311.0 326.0 316.0
6 2 317.9 3.2 312.0 325.0 317.0
6 3 319.7 3.7 313.0 328.0 320.0
6 4 318.7 3.4 312.0 326.0 319.5
6 5 319.2 3.3 313.0 327.0 320.0
6 7 317.0 2.8 308.0 325.0 316.0
6 8 315.8 3.0 307.0 325.0 315.0
6 9 317.2 3.2 308.0 328.0 316.0
6 10 317.2 3.3 310.0 325.0 316.0
6 11 316.4 2.6 310.0 322.0 315.0
6 12 333.1 2.5 327.0 340.0 334.0
6 13 333.1 2.7 327.0 339.0 334.0
6 14 333.0 3.1 327.0 341.0 333.0
6 15 333.0 2.9 327.0 340.0 334.0
6 16 333.1 2.5 327.0 339.0 334.0
6 17 333.3 2.5 327.0 339.0 334.0
6 18 318.8 3.5 311.0 326.0 319.5
6 19 318.2 3.5 313.0 326.0 317.0
6 20 319.4 3.8 313.0 328.0 320.0
6 21 318.2 3.3 312.0 326.0 317.0
6 22 318.7 3.6 311.0 327.0 318.0
6 23 318.9 3.6 312.0 327.0 319.0
7 0 319.1 4.3 303.0 338.0 318.0
7 1 321.1 5.7 309.0 348.0 322.0
7 2 318.7 5.1 303.0 345.0 316.0
7 3 320.4 5.6 307.0 351.0 321.0
7 4 320.6 5.5 309.0 344.0 321.0
7 5 320.6 5.1 303.0 342.0 321.0
7 6 316.1 1.8 310.0 323.0 316.0
7 8 332.9 37.1 259.0 435.0 316.0
7 9 330.1 31.3 248.0 436.0 320.0
7 10 320.1 14.6 244.0 426.0 316.0
7 11 324.8 23.2 243.0 435.0 320.0
7 12 335.0 6.8 323.0 370.0 334.0
7 13 332.9 4.2 326.0 348.0 333.0
7 14 335.6 8.4 323.0 372.0 334.0
7 15 334.5 5.5 323.0 370.0 334.0
7 16 334.5 6.5 323.0 370.0 334.0
7 17 335.0 8.0 326.0 371.0 334.0
7 18 318.2 4.7 308.0 340.0 316.0
7 19 319.0 4.8 308.0 341.0 317.0
7 20 318.9 4.9 309.0 341.0 316.0
7 21 319.0 4.5 303.0 337.0 318.0
7 22 320.6 5.4 309.0 351.0 320.0
7 23 319.8 5.8 310.0 351.0 319.0
8 0 320.6 5.3 305.0 342.0 321.0
8 1 319.6 5.5 303.0 346.0 318.0
8 2 320.2 4.9 309.0 339.0 320.0
8 3 320.8 4.7 309.0 336.0 322.0
8 4 318.7 4.1 310.0 336.0 318.0
8 5 320.6 5.4 309.0 349.0 321.0
8 6 317.8 2.4 313.0 323.0 317.0
8 7 317.6 6.9 303.0 358.0 315.0
8 9 318.3 8.0 304.0 359.0 316.0
8 10 321.2 14.1 260.0 399.0 318.0
8 11 319.7 6.5 308.0 358.0 318.5
8 12 334.5 6.4 326.0 369.0 334.0
8 13 334.3 4.6 326.0 362.0 334.0
8 14 335.2 6.8 315.0 369.0 334.0
8 15 333.6 3.8 323.0 347.0 334.0
8 16 333.2 3.5 321.0 345.0 334.0
8 17 334.2 5.6 317.0 367.0 334.0
8 18 320.3 4.9 310.0 341.0 320.0
8 19 320.6 5.3 309.0 342.0 321.0
8 20 317.8 4.4 303.0 337.0 316.0
8 21 320.0 4.8 309.0 339.0 320.0
8 22 319.7 4.6 309.0 337.0 319.0
8 23 318.9 4.7 311.0 339.0 317.0
9 0 319.5 4.5 309.0 338.0 320.0
9 1 320.3 4.6 309.0 340.0 321.0
9 2 318.7 4.4 303.0 337.0 317.0
9 3 319.1 4.5 304.0 337.0 318.0
9 4 320.0 5.1 304.0 343.0 320.0
9 5 320.7 4.9 309.0 341.0 322.0
9 6 317.9 2.3 313.0 323.0 318.0
9 7 320.5 8.9 262.0 385.0 319.0
9 8 317.6 6.3 288.0 353.0 315.0
9 10 318.6 10.4 254.0 390.0 316.0
9 11 318.5 11.1 239.0 397.0 316.0
9 12 334.6 6.2 326.0 368.0 334.0
9 13 334.1 6.9 326.0 370.0 333.0
9 14 332.9 3.9 326.0 346.0 333.0
9 15 335.0 6.5 326.0 369.0 334.0
9 16 334.7 5.2 325.0 366.0 334.0
9 17 334.6 7.0 310.0 370.0 334.0
9 18 320.0 5.3 310.0 345.0 320.0
9 19 318.3 4.2 305.0 338.0 317.0
9 20 318.3 3.8 309.0 328.0 317.0
9 21 319.3 5.0 305.0 340.0 318.0
9 22 318.6 4.5 309.0 339.0 316.0
9 23 321.2 8.2 309.0 362.0 320.0
10 0 322.2 7.1 303.0 359.0 322.0
10 1 320.1 4.7 306.0 335.0 320.0
10 2 321.2 5.2 310.0 345.0 322.0
10 3 319.2 5.0 309.0 344.0 317.0
10 4 318.5 4.7 310.0 342.0 316.0
10 5 318.8 4.8 308.0 341.0 318.0
10 6 317.9 2.5 314.0 323.0 317.0
10 7 320.6 8.5 300.0 365.0 320.0
10 8 321.0 19.1 260.0 430.0 316.0
10 9 321.9 16.2 258.0 405.0 319.0
10 11 322.9 24.6 261.0 431.0 315.0
10 12 335.0 6.6 326.0 369.0 334.0
10 13 335.1 4.7 326.0 367.0 334.0
10 14 335.9 7.0 326.0 370.0 334.0
10 15 335.0 7.8 321.0 371.0 334.0
10 16 335.2 6.6 322.0 370.0 334.0
10 17 334.4 6.1 317.0 370.0 334.0
10 18 318.3 4.4 307.0 339.0 316.0
10 19 318.7 5.3 308.0 348.0 317.0
10 20 319.3 4.8 308.0 340.0 318.0
10 21 318.5 5.0 304.0 345.0 316.5
10 22 317.8 3.5 309.0 327.0 316.0
10 23 318.4 5.0 296.0 346.0 316.0
11 0 319.0 6.1 303.0 348.0 316.0
11 1 319.4 5.0 298.0 345.0 318.0
11 2 319.2 3.9 311.0 328.0 319.0
11 3 320.1 5.6 299.0 348.0 320.0
11 4 319.7 4.2 313.0 327.0 320.0
11 5 320.5 4.9 304.0 341.0 322.0
11 6 315.8 1.7 310.0 321.0 316.0
11 7 317.7 5.9 303.0 352.0 316.0
11 8 320.0 10.8 260.0 386.0 317.0
11 9 319.9 10.6 261.0 389.0 319.0
11 10 317.1 4.4 303.0 339.0 316.0
11 12 334.9 6.5 326.0 370.0 334.0
11 13 335.0 6.5 315.0 370.0 334.0
11 14 335.3 7.2 305.0 371.0 334.0
11 15 334.2 5.8 321.0 367.0 334.0
11 16 335.5 6.1 315.0 370.0 334.0
11 17 335.4 7.9 327.0 373.0 334.0
11 18 320.7 5.8 303.0 351.0 321.0
11 19 318.8 4.9 309.0 342.0 317.0
11 20 319.0 4.5 308.0 341.0 318.0
11 21 319.2 5.8 290.0 349.0 317.0
11 22 320.7 5.9 303.0 351.0 321.0
11 23 320.4 6.6 308.0 355.0 320.0
12 0 348.5 6.9 339.0 387.0 346.0
12 1 347.7 8.2 339.0 392.0 346.0
12 2 345.3 3.8 339.0 368.0 346.0
12 3 348.4 7.5 338.0 392.0 346.0
12 4 346.0 4.4 334.0 364.0 346.0
12 5 348.0 7.1 335.0 387.0 346.0
12 6 344.4 12.9 332.0 410.0 340.0
12 7 343.1 8.1 332.0 395.0 340.0
12 8 344.4 9.5 332.0 395.0 340.0
12 9 342.6 7.0 332.0 396.0 340.0
12 10 344.0 7.6 334.0 393.0 342.0
12 11 343.9 9.1 333.0 395.0 340.0
12 13 348.8 14.0 334.0 419.0 345.0
12 14 346.7 9.0 332.0 394.0 345.0
12 15 347.7 10.9 334.0 406.0 346.0
12 16 350.1 13.6 332.0 411.0 346.0
12 17 349.9 14.7 334.0 421.0 346.0
12 18 344.9 9.3 333.0 399.0 344.0
12 19 346.6 9.9 332.0 395.0 345.0
12 20 346.7 11.5 332.0 406.0 344.0
12 21 345.0 7.4 334.0 386.0 344.0
12 22 346.2 10.6 334.0 400.0 344.5
12 23 346.6 11.6 332.0 406.0 345.0
13 0 347.7 7.7 339.0 392.0 346.0
13 1 346.4 7.7 335.0 390.0 346.0
13 2 348.8 10.5 339.0 406.0 346.0
13 3 346.5 6.8 338.0 385.0 346.0
13 4 348.5 8.3 335.0 398.0 346.0
13 5 347.9 8.2 338.0 399.0 346.0
13 6 347.2 21.2 332.0 459.0 340.0
13 7 343.6 7.4 332.0 389.0 340.0
13 8 343.9 8.1 333.0 395.0 340.0
13 9 344.3 11.1 334.0 403.0 340.0
13 10 343.6 5.3 332.0 365.0 344.0
13 11 342.4 7.0 333.0 388.0 340.0
13 12 349.6 13.7 332.0 413.0 346.0
13 14 348.3 10.2 334.0 395.0 346.0
13 15 347.9 11.5 332.0 407.0 346.0
13 16 348.3 12.3 334.0 410.0 346.0
13 17 349.2 12.6 327.0 411.0 346.0
13 18 345.4 9.2 329.0 396.0 344.0
13 19 345.5 9.8 332.0 393.0 344.0
13 20 345.6 9.3 332.0 389.0 344.0
13 21 344.8 10.2 332.0 399.0 341.0
13 22 346.4 10.6 332.0 402.0 345.0
13 23 345.6 8.5 332.0 388.0 344.0
14 0 347.2 7.5 337.0 388.0 346.0
14 1 346.1 3.3 335.0 363.0 346.0
14 2 348.5 10.6 338.0 404.0 346.0
14 3 346.8 3.7 335.0 363.0 346.0
14 4 347.6 7.0 339.0 387.0 346.0
14 5 347.0 8.0 330.0 390.0 346.0
14 6 346.0 16.3 332.0 425.0 340.0
14 7 343.9 8.7 333.0 399.0 340.0
14 8 343.1 7.7 332.0 396.0 340.0
14 9 343.9 8.6 332.0 399.0 341.0
14 10 343.0 6.9 332.0 390.0 340.0
14 11 342.8 7.2 332.0 391.0 340.0
14 12 348.8 11.3 334.0 409.0 346.0
14 13 347.5 10.4 333.0 403.0 345.5
14 15 349.4 14.5 332.0 420.0 346.0
14 16 348.7 14.1 330.0 423.0 345.0
14 17 347.2 9.5 334.0 399.0 345.0
14 18 345.4 9.5 332.0 394.0 344.0
14 19 346.1 9.5 332.0 399.0 345.0
14 20 346.7 10.5 333.0 400.0 345.0
14 21 343.9 8.1 333.0 389.0 341.0
14 22 345.7 9.5 334.0 391.0 344.0
14 23 346.1 9.9 333.0 393.0 344.0
15 0 347.2 7.4 339.0 388.0 346.0
15 1 348.2 8.6 334.0 392.0 346.0
15 2 347.0 7.4 327.0 389.0 346.0
15 3 348.4 9.1 337.0 398.0 346.0
15 4 346.9 8.2 339.0 397.0 346.0
15 5 348.1 7.3 339.0 388.0 346.0
15 6 344.2 13.6 332.0 419.0 340.0
15 7 343.8 9.2 332.0 399.0 340.0
15 8 343.6 8.7 333.0 400.0 340.0
15 9 343.6 6.6 332.0 382.0 341.0
15 10 343.9 8.4 332.0 398.0 342.0
15 11 344.2 9.1 332.0 400.0 341.0
15 12 349.4 13.6 333.0 423.0 346.0
15 13 349.5 14.7 333.0 429.0 346.0
15 14 347.7 10.6 320.0 399.0 346.0
15 16 348.3 12.1 334.0 411.0 346.0
15 17 348.6 10.3 333.0 399.0 346.0
15 18 345.3 8.4 309.0 394.0 345.0
15 19 345.6 9.3 333.0 398.0 344.0
15 20 345.9 10.3 332.0 399.0 344.0
15 21 346.3 9.6 332.0 394.0 345.0
15 22 344.0 6.9 332.0 383.0 342.0
15 23 346.1 10.3 332.0 400.0 345.0
16 0 347.9 6.3 334.0 387.0 346.0
16 1 347.7 7.3 335.0 392.0 346.0
16 2 348.8 8.2 338.0 392.0 347.0
16 3 347.5 7.9 339.0 393.0 346.0
16 4 349.3 8.5 338.0 400.0 347.0
16 5 347.9 8.5 339.0 393.0 346.0
16 6 345.6 15.4 332.0 421.0 340.0
16 7 342.0 3.8 333.0 362.0 340.0
16 8 343.6 8.5 332.0 399.0 340.0
16 9 344.6 10.9 332.0 403.0 340.0
16 10 343.7 9.4 332.0 401.0 340.0
16 11 343.4 9.5 332.0 401.0 340.0
16 12 349.0 14.3 332.0 421.0 346.0
16 13 346.7 12.7 330.0 412.0 344.0
16 14 347.6 11.8 332.0 408.0 345.0
16 15 348.3 13.5 309.0 420.0 346.0
16 17 347.7 11.2 334.0 407.0 345.0
16 18 345.2 8.6 335.0 392.0 345.0
16 19 346.7 10.2 332.0 399.0 345.0
16 20 344.3 6.1 333.0 375.0 344.0
16 21 345.8 10.4 334.0 404.0 344.0
16 22 345.4 8.8 333.0 388.0 344.0
16 23 345.7 10.9 332.0 404.0 344.0
17 0 349.3 9.1 339.0 394.0 346.0
17 1 347.9 9.4 339.0 402.0 346.0
17 2 348.3 7.7 334.0 391.0 346.0
17 3 347.4 6.9 335.0 384.0 346.0
17 4 347.6 7.8 338.0 392.0 346.0
17 5 347.1 6.6 337.0 384.0 346.0
17 6 343.5 8.7 334.0 394.0 340.0
17 7 344.5 11.5 332.0 406.0 340.0
17 8 343.9 9.8 334.0 399.0 340.0
17 9 344.1 8.6 333.0 396.0 341.0
17 10 343.4 5.0 334.0 365.0 341.0
17 11 343.6 9.3 332.0 399.0 340.0
17 12 348.9 12.8 333.0 414.0 346.0
17 13 347.8 12.4 303.0 414.0 345.0
17 14 348.9 12.2 333.0 411.0 346.0
17 15 347.6 12.1 334.0 410.0 345.0
17 16 349.2 12.6 333.0 412.0 346.0
17 18 343.6 5.3 332.0 375.0 342.0
17 19 346.6 10.5 332.0 398.0 344.0
17 20 344.8 7.3 332.0 374.0 344.0
17 21 345.0 9.9 333.0 401.0 344.0
17 22 345.9 10.4 332.0 403.0 344.0
17 23 345.6 10.1 333.0 397.0 344.0
18 0 349.2 5.0 339.0 359.0 351.0
18 1 348.7 6.6 334.0 375.0 351.0
18 2 349.3 5.0 339.0 360.0 351.0
18 3 349.0 5.4 334.0 368.0 351.0
18 4 348.7 5.3 337.0 360.0 351.0
18 5 348.1 5.8 331.0 367.0 349.0
18 6 333.7 7.2 285.0 377.0 333.0
18 7 336.4 5.0 320.0 359.0 336.0
18 8 336.7 5.0 319.0 359.0 336.0
18 9 338.7 4.0 328.0 350.0 340.0
18 10 337.3 5.0 321.0 353.0 338.0
18 11 338.5 5.2 318.0 362.0 339.0
18 12 347.5 9.0 335.0 380.0 346.0
18 13 347.2 7.1 335.0 373.0 346.0
18 14 346.7 8.0 333.0 377.0 346.0
18 15 346.1 6.6 334.0 362.0 346.0
18 16 345.9 7.9 333.0 375.0 343.0
18 17 346.6 8.1 334.0 376.0 345.0
18 19 342.0 5.2 327.0 360.0 341.0
18 20 340.9 3.5 332.0 350.0 340.0
18 21 341.4 4.4 326.0 359.0 340.0
18 22 339.7 3.7 327.0 352.0 339.0
18 23 339.8 4.4 323.0 364.0 339.0
19 0 349.2 5.0 334.0 363.0 351.0
19 1 349.1 5.1 337.0 364.0 351.0
19 2 346.9 5.8 334.0 363.0 347.0
19 3 350.0 4.3 339.0 360.0 351.0
19 4 348.5 6.2 334.0 364.0 351.0
19 5 348.7 6.3 334.0 364.0 351.0
19 6 333.2 9.3 280.0 376.0 334.0
19 7 338.4 5.5 319.0 360.0 339.0
19 8 338.5 4.9 321.0 357.0 339.0
19 9 338.2 4.9 321.0 358.0 339.0
19 10 338.7 5.7 319.0 363.0 339.0
19 11 338.4 6.0 318.0 365.0 338.0
19 12 346.6 7.1 334.0 375.0 346.0
19 13 346.8 8.4 334.0 378.0 346.0
19 14 347.9 8.4 334.0 377.0 347.0
19 15 345.7 6.9 334.0 374.0 344.0
19 16 346.7 8.0 334.0 376.0 346.0
19 17 348.6 8.7 337.0 377.0 347.0
19 18 339.9 4.3 322.0 357.0 340.0
19 20 338.8 4.4 327.0 361.0 339.0
19 21 339.1 4.3 324.0 357.0 339.0
19 22 340.2 4.2 327.0 354.0 340.0
19 23 340.9 4.3 327.0 354.0 340.0
20 0 347.9 5.5 337.0 358.0 348.0
20 1 346.8 5.8 337.0 358.0 347.0
20 2 348.1 5.7 335.0 361.0 348.0
20 3 348.2 5.9 335.0 362.0 349.0
20 4 349.6 4.8 339.0 360.0 351.0
20 5 348.6 5.6 337.0 361.0 351.0
20 6 333.4 2.6 318.0 347.0 334.0
20 7 337.6 5.0 318.0 359.0 339.0
20 8 338.0 4.8 325.0 352.0 339.0
20 9 337.4 4.6 323.0 352.0 338.0
20 10 338.2 4.1 327.0 349.0 339.0
20 11 338.4 4.9 321.0 356.0 339.0
20 12 348.2 7.8 334.0 376.0 348.0
20 13 346.3 7.3 334.0 374.0 346.0
20 14 345.8 5.5 334.0 363.0 346.0
20 15 346.8 7.7 334.0 376.0 346.0
20 16 347.5 7.8 334.0 375.0 346.0
20 17 347.5 6.9 334.0 376.0 348.0
20 18 340.7 4.1 325.0 361.0 340.0
20 19 339.5 4.4 327.0 361.0 339.0
20 21 339.1 4.0 327.0 353.0 339.0
20 22 339.5 4.4 327.0 352.0 339.0
20 23 339.5 4.4 327.0 353.0 339.0
21 0 348.3 5.7 338.0 359.0 349.0
21 1 350.4 4.8 338.0 362.0 351.0
21 2 348.8 5.5 338.0 360.0 351.0
21 3 348.1 5.7 337.0 360.0 349.0
21 4 347.2 5.7 336.0 358.0 349.0
21 5 347.2 5.8 331.0 364.0 348.0
21 6 332.5 11.0 279.0 380.0 334.0
21 7 337.5 5.2 319.0 360.0 339.0
21 8 338.2 4.9 319.0 357.0 339.0
21 9 338.1 4.3 328.0 348.0 339.0
21 10 338.6 4.9 322.0 357.0 339.0
21 11 338.9 3.9 329.0 349.0 339.0
21 12 346.2 6.6 334.0 367.0 346.0
21 13 348.7 8.6 334.0 379.0 348.0
21 14 346.1 8.1 334.0 378.0 344.0
21 15 346.4 7.8 337.0 376.0 344.0
21 16 344.9 7.2 331.0 375.0 344.0
21 17 346.9 7.7 335.0 379.0 346.0
21 18 339.6 4.5 321.0 363.0 339.0
21 19 340.7 5.2 326.0 360.0 340.0
21 20 339.1 4.6 325.0 361.0 339.0
21 22 340.0 4.6 326.0 360.0 340.0
21 23 339.7 4.4 327.0 354.0 340.0
22 0 348.1 5.4 338.0 359.0 348.0
22 1 346.6 5.7 337.0 358.0 347.0
22 2 347.2 5.9 335.0 360.0 347.0
22 3 347.3 5.9 337.0 358.0 348.0
22 4 348.2 6.0 335.0 361.0 350.0
22 5 347.1 5.5 338.0 357.0 348.0
22 6 332.9 13.2 276.0 450.0 334.0
22 7 337.0 4.8 326.0 351.0 337.0
22 8 336.7 4.4 325.0 351.0 336.0
22 9 338.0 5.0 322.0 354.0 339.0
22 10 338.7 5.8 319.0 363.0 339.0
22 11 336.9 4.9 319.0 359.0 337.0
22 12 348.3 9.1 333.0 376.0 347.0
22 13 347.8 7.2 334.0 376.0 347.0
22 14 347.1 8.0 334.0 377.0 346.0
22 15 347.7 7.2 333.0 375.0 347.0
22 16 347.5 7.8 327.0 376.0 347.0
22 17 346.9 7.3 327.0 372.0 346.0
22 18 340.3 5.3 322.0 362.0 340.0
22 19 340.7 3.9 327.0 354.0 340.0
22 20 340.0 4.4 327.0 360.0 340.0
22 21 340.1 4.8 327.0 364.0 340.0
22 23 341.2 4.8 327.0 363.0 340.0
23 0 349.3 4.9 339.0 359.0 351.0
23 1 348.6 5.1 338.0 362.0 349.0
23 2 348.7 5.1 338.0 360.0 349.0
23 3 348.1 5.7 334.0 362.0 348.0
23 4 347.6 6.0 334.0 365.0 348.0
23 5 348.0 5.3 338.0 361.0 348.0
23 6 332.4 11.3 279.0 382.0 333.0
23 7 337.1 4.5 319.0 358.0 337.0
23 8 337.9 4.6 325.0 353.0 339.0
23 9 338.1 5.6 316.0 359.0 339.0
23 10 337.7 4.9 316.0 360.0 338.0
23 11 337.7 5.0 319.0 355.0 337.0
23 12 346.1 6.8 327.0 374.0 346.0
23 13 346.8 7.6 337.0 375.0 345.0
23 14 348.1 8.0 334.0 376.0 348.0
23 15 346.9 7.4 332.0 376.0 347.0
23 16 347.1 7.8 334.0 378.0 346.0
23 17 346.4 7.9 323.0 376.0 345.0
23 18 339.8 4.0 327.0 353.0 340.0
23 19 338.9 4.6 327.0 352.0 339.0
23 20 339.8 4.5 327.0 358.0 340.0
23 21 340.7 4.7 327.0 357.0 340.0
23 22 341.1 4.7 327.0 359.0 341.0
