# src_core	dest_core	cost	stderr
0	1	255.46031746	5.20325111074
0	2	254.46031746	4.95959994811
0	3	254.079365079	5.36982039043
0	4	259.079365079	4.99937007874
0	5	260.047619048	4.41292679551
0	6	260.253968254	5.20978400054
0	7	260.095238095	5.47639751161
0	8	261.555555556	6.23807504339
0	9	262.174603175	6.16322859768
0	10	262.73015873	6.21877941682
0	11	262.952380952	6.41780403384
0	12	277.380952381	3.07281253427
0	13	276.301587302	3.15541822064
0	14	277.444444444	3.67651395347
0	15	277.349206349	2.67948544076
1	0	255.634920635	6.40263236366
1	2	256.0	4.65985898009
1	3	255.428571429	5.51106905112
1	4	259.873015873	4.53029332066
1	5	259.920634921	4.9579232317
1	6	259.777777778	4.84176422144
1	7	261.26984127	5.19830970454
1	8	266.031746032	5.99726989202
1	9	265.714285714	4.23300925429
1	10	265.571428571	4.49590390549
1	11	264.666666667	4.28730129347
1	12	278.761904762	5.32652626823
1	13	278.952380952	4.34769988972
1	14	277.904761905	2.57407271462
1	15	279.206349206	3.10227121182
2	0	258.26984127	9.98126236443
2	1	250.968253968	28.8124577631
2	3	254.857142857	4.61143211188
2	4	261.031746032	4.8956354192
2	5	260.222222222	5.52467608601
2	6	261.079365079	4.55757380214
2	7	261.523809524	5.81420576366
2	8	264.714285714	5.55614509344
2	9	263.857142857	6.69957862417
2	10	264.253968254	6.57307701125
2	11	263.888888889	6.43677704798
2	12	277.873015873	2.95195422757
2	13	278.26984127	3.05092413377
2	14	277.936507937	4.47168522571
2	15	277.873015873	3.72674615935
3	0	258.126984127	10.4478934818
3	1	253.206349206	5.5496567323
3	2	253.253968254	5.07395545265
3	4	260.936507937	5.23381258307
3	5	258.396825397	6.18636412063
3	6	259.333333333	4.77759320426
3	7	248.031746032	53.0378625626
3	8	264.0	6.73300329224
3	9	262.603174603	4.719226741
3	10	263.746031746	6.53189550254
3	11	259.507936508	32.2981512154
3	12	277.841269841	3.44206632849
3	13	277.365079365	4.02098300901
3	14	277.53968254	3.2748459158
3	15	276.682539683	3.99533615736
4	0	261.904761905	31.9323264011
4	1	265.428571429	6.85383518108
4	2	265.333333333	8.39122746758
4	3	264.80952381	7.08420362801
4	5	249.634920635	4.69481844503
4	6	249.841269841	4.55724209697
4	7	248.380952381	3.78144413259
4	8	268.841269841	5.17689110974
4	9	268.682539683	5.18185294072
4	10	268.444444444	4.82644098978
4	11	269.126984127	5.76935545214
4	12	259.904761905	6.02564436577
4	13	259.841269841	5.28912135772
4	14	256.587301587	32.0652286187
4	15	259.380952381	5.49293506251
5	0	257.507936508	45.8059651677
5	1	265.571428571	7.72074979029
5	2	263.888888889	8.09489572883
5	3	264.26984127	7.91864656787
5	4	245.158730159	25.4497365497
5	6	249.603174603	5.70863918552
5	7	247.968253968	3.9998740217
5	8	268.53968254	5.16344107246
5	9	269.031746032	5.02049214677
5	10	269.476190476	4.89203156052
5	11	269.793650794	6.09490739844
5	12	260.53968254	6.60645522901
5	13	260.619047619	6.50623283933
5	14	259.317460317	6.29644746606
5	15	259.761904762	6.2911232139
6	0	262.142857143	32.9351730462
6	1	264.857142857	7.54427596084
6	2	266.412698413	7.22569252052
6	3	266.428571429	8.24373602643
6	4	248.333333333	3.87503200192
6	5	248.53968254	3.54483929304
6	7	248.063492063	3.87451181102
6	8	267.73015873	5.13687678939
6	9	268.587301587	5.75045869981
6	10	268.952380952	4.85480802893
6	11	268.444444444	5.45334549358
6	12	260.301587302	5.95921301035
6	13	258.952380952	6.83229625447
6	14	260.698412698	5.85983075934
6	15	260.73015873	6.39495423419
7	0	265.793650794	8.47060038006
7	1	265.952380952	7.03602650181
7	2	266.825396825	7.14818143715
7	3	266.841269841	7.90861766102
7	4	248.031746032	4.63241941644
7	5	248.523809524	5.25192978246
7	6	246.746031746	6.02631334291
7	8	268.571428571	5.44150506057
7	9	269.222222222	4.87769280759
7	10	269.428571429	5.94609191573
7	11	267.238095238	4.86553896169
7	12	259.126984127	5.73070832347
7	13	260.206349206	6.25936436288
7	14	260.206349206	6.96284636689
7	15	259.095238095	7.23464830205
8	0	271.714285714	3.03643782227
8	1	271.841269841	4.16792875821
8	2	271.126984127	3.21451106402
8	3	271.031746032	4.43280789571
8	4	268.333333333	6.44389707582
8	5	267.571428571	6.58934754993
8	6	269.634920635	6.55937856934
8	7	266.888888889	6.0582126106
8	9	252.158730159	4.4941102522
8	10	252.079365079	4.04852153026
8	11	252.587301587	4.79627805645
8	12	267.666666667	5.98940864134
8	13	266.206349206	5.94994659215
8	14	266.555555556	6.60634081599
8	15	268.333333333	6.02903029924
9	0	272.492063492	7.50422741362
9	1	273.825396825	8.3066996914
9	2	272.873015873	4.3951346242
9	3	272.063492063	5.20339637518
9	4	267.031746032	6.57549142099
9	5	267.619047619	6.09300554351
9	6	265.682539683	5.45639393921
9	7	267.031746032	6.24618805395
9	8	253.523809524	4.01132184546
9	10	252.301587302	5.23005636145
9	11	252.619047619	3.91346301168
9	12	267.285714286	5.46686576707
9	13	267.53968254	6.23819621066
9	14	267.26984127	6.11063696367
9	15	267.619047619	6.85780420091
10	0	270.571428571	7.09060251255
10	1	269.888888889	5.43974529957
10	2	269.53968254	4.92749138282
10	3	270.80952381	4.74711990498
10	4	266.761904762	8.3584655038
10	5	265.904761905	5.59680829032
10	6	265.825396825	5.4758914112
10	7	267.380952381	7.14571371451
10	8	252.380952381	5.71388887511
10	9	252.587301587	4.04198175752
10	11	252.301587302	4.66202122742
10	12	265.952380952	6.23464099202
10	13	265.841269841	5.36658192541
10	14	267.142857143	6.44108130244
10	15	265.492063492	6.15635693106
11	0	270.650793651	6.10531574306
11	1	270.936507937	5.83060620844
11	2	271.031746032	5.37474474541
11	3	269.968253968	5.09580672296
11	4	266.031746032	6.81028226804
11	5	266.555555556	6.649448665
11	6	266.142857143	6.12529790103
11	7	266.80952381	6.12529790103
11	8	252.952380952	6.55484449812
11	9	251.476190476	4.68654657726
11	10	252.380952381	4.70537879125
11	12	265.53968254	6.72787472475
11	13	261.793650794	32.1865390035
11	14	265.793650794	5.95261375206
11	15	266.952380952	5.59316070858
12	0	271.015873016	2.79166596158
12	1	272.682539683	6.62085544951
12	2	271.587301587	5.21790239627
12	3	273.873015873	6.21950864055
12	4	268.365079365	5.38752700373
12	5	267.031746032	5.28540444299
12	6	267.793650794	4.60558229315
12	7	267.650793651	5.53533735987
12	8	270.238095238	6.06241160489
12	9	271.015873016	5.60184794763
12	10	267.873015873	6.66069271266
12	11	269.111111111	5.99500085683
12	13	254.841269841	5.91529185692
12	14	254.841269841	5.62366414249
12	15	254.015873016	4.8222107276
13	0	271.761904762	2.6945817811
13	1	272.571428571	5.36512632646
13	2	272.158730159	5.55265230263
13	3	273.222222222	4.63747483438
13	4	269.53968254	6.05222088799
13	5	267.476190476	6.49262620296
13	6	268.777777778	5.65529515726
13	7	269.571428571	5.28163720924
13	8	267.746031746	33.3195058244
13	9	269.873015873	6.75064268191
13	10	270.158730159	6.31251301858
13	11	270.412698413	6.65388040654
13	12	250.492063492	29.7123100008
13	14	254.396825397	4.97785471272
13	15	254.968253968	5.96276343192
14	0	272.238095238	4.34874287879
14	1	273.19047619	5.81420576366
14	2	271.507936508	5.27309136725
14	3	271.984126984	5.74454071683
14	4	267.682539683	5.68435725122
14	5	267.603174603	5.71141903402
14	6	267.761904762	7.09060251255
14	7	268.047619048	5.33460869105
14	8	269.285714286	5.49004458717
14	9	270.031746032	5.06142665743
14	10	268.19047619	5.78135246125
14	11	269.333333333	5.47722557505
14	12	255.126984127	6.09056533851
14	13	254.428571429	5.59113324605
14	15	256.047619048	5.99054432545
15	0	271.920634921	5.18331139883
15	1	271.047619048	5.57325977232
15	2	271.095238095	4.81635535562
15	3	271.063492063	4.71361761072
15	4	267.746031746	6.39436322696
15	5	269.079365079	6.48147932189
15	6	266.047619048	5.97728125124
15	7	267.698412698	5.48196153237
15	8	269.920634921	7.30796822632
15	9	269.825396825	6.26286531752
15	10	264.063492063	33.0295072581
15	11	270.380952381	5.78017567544
15	12	253.492063492	5.2851184182
15	13	253.428571429	6.05717280616
15	14	253.285714286	5.77468083755
