# src_core	dest_core	cost	stderr
0	0	-1	0
1	0	245.53968254	2.86093223138
2	0	246.841269841	3.09739444627
3	0	247.222222222	2.64541798806
4	0	245.412698413	5.65021398846
5	0	244.46031746	4.86590142981
6	0	244.238095238	5.88437340251
7	0	253.380952381	5.31971049286
8	0	251.253968254	5.50603782287
9	0	249.523809524	4.43956648412
10	0	259.619047619	3.49797479471
11	0	259.603174603	3.87724203461
12	0	259.682539683	4.8167215249
13	0	258.80952381	5.04851744027
14	0	258.968253968	5.12995638451
15	0	266.682539683	3.95139274954
0	1	247.111111111	3.91623041587
1	1	-1	0
2	1	246.777777778	3.68370260784
3	1	245.682539683	4.62850175226
4	1	244.587301587	4.15430517039
5	1	245.714285714	5.51312595749
6	1	243.857142857	4.87578123283
7	1	253.349206349	4.62278254061
8	1	249.936507937	3.73262329929
9	1	248.746031746	3.26583203122
10	1	259.380952381	4.2217448113
11	1	259.174603175	2.91977212929
12	1	258.603174603	4.67529706225
13	1	257.253968254	4.26863144482
14	1	257.285714286	4.02937062882
15	1	266.0	4.13271884833
0	2	247.333333333	4.44365072278
1	2	246.095238095	3.87795677552
2	2	-1	0
3	2	246.650793651	3.32455381973
4	2	245.047619048	4.69524775426
5	2	245.174603175	4.90720132484
6	2	244.698412698	4.53079382874
7	2	253.555555556	5.31179513427
8	2	250.476190476	3.83325939
9	2	249.523809524	4.61143211188
10	2	259.444444444	5.25168991027
11	2	259.222222222	2.96243381518
12	2	258.698412698	4.62441732283
13	2	257.412698413	4.72290911371
14	2	257.793650794	4.54312224
15	2	265.920634921	4.09142187145
0	3	247.714285714	4.25171700677
1	3	246.015873016	2.88120380205
2	3	247.19047619	3.61591342982
3	3	-1	0
4	3	244.746031746	4.31302292976
5	3	245.619047619	5.45814833254
6	3	244.349206349	5.11194905879
7	3	252.571428571	4.13929786897
8	3	250.349206349	3.53287836315
9	3	248.857142857	4.20074499386
10	3	260.142857143	4.75046244318
11	3	259.0	2.82842712475
12	3	259.285714286	4.42011481367
13	3	257.825396825	4.70237927801
14	3	258.079365079	4.37634908833
15	3	266.428571429	4.32678731109
0	4	254.126984127	6.47949651065
1	4	253.333333333	5.38663837805
2	4	254.666666667	4.74090608177
3	4	253.650793651	4.77147187088
4	4	-1	0
5	4	237.111111111	2.30328344727
6	4	237.063492063	2.01481036859
7	4	245.46031746	2.45483259589
8	4	251.650793651	4.47269930273
9	4	250.619047619	6.71512997056
10	4	261.111111111	4.38652739362
11	4	261.095238095	4.73994938595
12	4	257.825396825	2.71117430505
13	4	256.888888889	2.99794168072
14	4	256.428571429	3.25973163621
15	4	264.777777778	2.91925433208
0	5	253.968253968	5.65957049795
1	5	252.174603175	5.2449209976
2	5	255.111111111	4.85703911083
3	5	254.746031746	4.39324248034
4	5	238.111111111	1.99293284009
5	5	-1	0
6	5	237.761904762	3.2303829726
7	5	245.666666667	2.70801280155
8	5	251.920634921	4.67788307604
9	5	250.412698413	6.71088885517
10	5	260.777777778	4.4165793143
11	5	260.952380952	4.36955037979
12	5	258.253968254	3.28521581987
13	5	256.603174603	2.91433067019
14	5	257.349206349	3.11758316119
15	5	264.650793651	3.19800895478
0	6	252.698412698	5.19350913767
1	6	252.555555556	4.99770670512
2	6	254.952380952	4.40212276149
3	6	254.507936508	4.51759528627
4	6	238.222222222	2.08885511624
5	6	237.857142857	2.9269255925
6	6	-1	0
7	6	245.53968254	2.98581512534
8	6	252.063492063	4.8201726106
9	6	250.634920635	6.06656616165
10	6	261.238095238	4.27883045033
11	6	261.428571429	4.66569474816
12	6	257.587301587	2.84875311424
13	6	256.555555556	2.64741729657
14	6	256.047619048	2.75121082393
15	6	265.301587302	3.00599887334
0	7	253.396825397	5.1440817668
1	7	253.142857143	4.97248665989
2	7	254.619047619	4.80221037542
3	7	254.095238095	4.28253850589
4	7	238.841269841	2.77292092404
5	7	238.603174603	4.00214102438
6	7	237.476190476	3.19651170416
7	7	-1	0
8	7	251.571428571	4.81635535562
9	7	250.936507937	5.58874440245
10	7	261.746031746	4.59457324466
11	7	261.746031746	4.66655868572
12	7	257.142857143	2.62380520266
13	7	255.857142857	2.75944060847
14	7	256.428571429	3.05356562703
15	7	264.19047619	2.77664375945
0	8	253.80952381	4.45740739956
1	8	253.619047619	4.41292679551
2	8	253.825396825	5.29312127001
3	8	254.349206349	5.13054571855
4	8	258.825396825	5.1502494393
5	8	257.19047619	4.37473679156
6	8	257.888888889	4.49024024921
7	8	265.571428571	4.24904951356
8	8	-1	0
9	8	234.682539683	4.12050773888
10	8	244.079365079	4.93867660219
11	8	245.53968254	4.89192855412
12	8	258.26984127	2.80705657967
13	8	257.317460317	2.88303960423
14	8	257.492063492	3.13137231376
15	8	264.682539683	2.86647505907
0	9	252.857142857	4.27193552229
1	9	252.19047619	4.06634324575
2	9	254.301587302	5.95654880539
3	9	254.952380952	5.08164631313
4	9	259.793650794	5.10262531295
5	9	259.26984127	5.63775917774
6	9	258.714285714	4.80881654394
7	9	266.26984127	4.66736848194
8	9	236.015873016	5.81866745093
9	9	-1	0
10	9	244.063492063	5.13275511856
11	9	243.904761905	5.87087047902
12	9	258.555555556	2.74167008411
13	9	256.317460317	3.48614216589
14	9	256.650793651	3.33408910555
15	9	264.206349206	3.37196061924
0	10	255.476190476	4.64572560962
1	10	253.492063492	5.23987463764
2	10	254.841269841	4.71810544842
3	10	254.904761905	5.55410411879
4	10	260.063492063	5.57167728835
5	10	257.698412698	4.61066713706
6	10	257.53968254	4.89517221457
7	10	267.984126984	4.36614705557
8	10	235.587301587	5.66704458301
9	10	233.888888889	4.560392322
10	10	-1	0
11	10	245.158730159	5.39901916197
12	10	257.777777778	3.18450835678
13	10	256.285714286	3.9977317832
14	10	256.476190476	4.22711257546
15	10	264.888888889	3.20768477606
0	11	253.984126984	4.45966780559
1	11	252.19047619	4.04285433844
2	11	255.571428571	4.63497499425
3	11	254.523809524	4.6388871916
4	11	258.26984127	4.42290699925
5	11	258.079365079	5.52426562613
6	11	258.444444444	4.19666450235
7	11	266.507936508	4.74717297953
8	11	237.079365079	5.71631357316
9	11	234.492063492	3.98757202601
10	11	245.603174603	6.60576872121
11	11	-1	0
12	11	258.015873016	3.24400332478
13	11	256.206349206	3.87568214235
14	11	256.841269841	2.99314746059
15	11	263.746031746	3.96399771743
0	12	274.222222222	4.36960804041
1	12	271.365079365	4.59572467748
2	12	273.603174603	3.28314445935
3	12	273.126984127	4.1917987331
4	12	251.873015873	5.05365517097
5	12	252.126984127	5.23568968332
6	12	250.111111111	3.36702549295
7	12	259.142857143	3.87854146558
8	12	255.317460317	4.60443332544
9	12	255.492063492	4.78381204133
10	12	266.619047619	5.31075151298
11	12	265.571428571	4.73994938595
12	12	-1	0
13	12	243.746031746	4.69030832563
14	12	243.587301587	3.67157645582
15	12	252.015873016	4.00195215654
0	13	275.571428571	3.49473202513
1	13	272.174603175	4.84207643554
2	13	273.857142857	3.63779604853
3	13	274.206349206	4.14483319655
4	13	251.634920635	3.94124139376
5	13	251.158730159	4.05598264455
6	13	251.80952381	4.86274187094
7	13	258.158730159	4.26579734152
8	13	255.650793651	4.94143071037
9	13	256.285714286	3.88905085507
10	13	265.349206349	5.08080336779
11	13	265.507936508	4.82675419505
12	13	245.746031746	4.77748773048
13	13	-1	0
14	13	243.746031746	4.22752978257
15	13	252.063492063	4.36389594348
0	14	275.031746032	4.70719899178
1	14	272.031746032	5.02681146049
2	14	273.650793651	4.14483319655
3	14	274.555555556	4.00308522992
4	14	251.952380952	3.77724419334
5	14	250.873015873	3.41561337303
6	14	251.412698413	4.96858358864
7	14	258.031746032	2.88932492785
8	14	256.746031746	4.22752978257
9	14	255.920634921	4.2325330601
10	14	265.634920635	4.36545452933
11	14	265.142857143	5.43316430604
12	14	245.587301587	3.81989329459
13	14	243.603174603	3.99817292614
14	14	-1	0
15	14	251.428571429	4.45689865021
0	15	275.396825397	2.95758203761
1	15	272.46031746	5.32089441349
2	15	274.111111111	4.6431759489
3	15	273.80952381	4.40727084273
4	15	251.365079365	2.95630393062
5	15	250.841269841	4.09880489437
6	15	251.047619048	3.33061113334
7	15	258.984126984	3.54334638483
8	15	257.26984127	4.89640732953
9	15	254.698412698	4.67901400764
10	15	264.920634921	6.38774021025
11	15	264.904761905	4.75666378254
12	15	244.857142857	3.74952755905
13	15	244.111111111	4.21302255903
14	15	243.555555556	4.67610534519
15	15	-1	0
