6 16 779.117014 167.560416
19 1 610.814444 131.471859
8 10 779.526528 172.528393
2 6 236.267500 25.102749
16 12 219.942778 30.486132
1 2 224.929167 38.388715
10 0 659.155833 146.321747
4 15 761.875139 163.694732
1 0 224.966389 31.294135
12 18 220.210000 35.204925
13 11 222.497222 34.056522
4 12 774.249375 158.709043
1 7 219.301111 34.858542
16 15 229.468611 34.369722
8 11 731.001111 159.000322
16 7 636.353611 135.088602
14 19 218.963889 35.815695
18 7 617.000278 128.134512
7 16 773.376597 160.298823
8 6 221.090000 34.822370
5 7 226.037222 37.808200
7 17 785.413611 172.191908
10 3 702.578056 88.785806
14 1 666.427778 130.869664
0 10 760.653681 171.664092
5 3 223.440278 32.391090
13 3 622.360000 130.597933
3 11 792.915694 169.830686
6 18 681.416667 139.789761
2 7 221.068056 34.368800
8 13 699.346667 152.065737
0 6 218.065556 36.175270
11 14 222.163056 37.348560
15 12 217.498889 31.901663
2 3 224.433889 38.107838
19 12 220.660833 32.257546
1 8 222.026389 35.719945
6 7 225.909167 40.058273
19 9 701.711389 138.311781
3 1 220.054444 31.228541
13 9 624.791944 130.894793
3 2 224.566944 34.604080
12 8 650.715833 122.123988
6 0 215.105000 29.975014
1 12 899.601389 119.988269
10 18 220.140556 36.764736
6 2 213.773611 30.805379
3 14 684.616667 147.411332
5 19 704.512500 152.887602
7 18 774.693681 166.925049
19 17 222.386389 32.404462
11 8 625.046667 132.199317
15 17 224.826389 34.245117
11 10 226.358889 35.530458
4 18 700.015278 155.695654
14 4 707.901389 137.615186
4 5 218.700833 35.202846
15 10 214.348056 30.481909
9 8 220.335833 30.773006
18 0 690.509167 87.583223
9 18 762.025972 158.545741
11 18 220.954722 37.568124
2 14 776.094236 167.258896
14 15 220.420833 35.490863
3 9 221.105833 36.243149
9 2 221.932778 31.175007
8 14 758.372083 162.818317
9 0 220.700833 31.943089
6 10 837.942778 119.486800
8 19 769.512153 160.714682
19 2 614.350000 126.422329
19 15 218.428889 34.794212
8 16 767.097292 164.621344
17 18 218.297222 36.129643
8 17 663.489306 152.782977
8 0 216.086389 30.596494
9 7 221.992222 32.931996
4 9 221.948611 35.532407
16 13 219.919167 32.395824
15 9 614.954722 129.311594
4 19 772.737153 167.295900
9 4 226.155556 31.587669
5 0 213.793333 30.341209
3 16 701.037500 152.200562
12 10 223.423333 31.463497
5 2 216.597500 31.216170
4 13 770.811250 165.388651
6 11 889.092639 119.039117
0 2 222.271944 36.991960
9 16 697.565625 146.242893
4 11 765.131944 162.031084
11 7 624.570556 134.259468
17 5 677.145486 142.489455
17 4 686.981389 84.920308
19 14 220.317500 31.973442
17 2 684.876528 143.777534
17 1 616.306944 130.982650
17 0 698.528333 91.946231
9 11 781.232639 169.391229
18 15 222.250278 32.369627
12 3 622.224722 132.013645
10 14 228.172778 37.003243
12 16 360.654444 58.283357
17 9 613.819167 132.142261
14 5 633.208889 130.891554
17 8 609.956111 126.822359
11 2 627.105000 128.721463
0 8 221.311111 37.572332
9 3 221.093611 32.373596
1 4 221.720556 36.162065
16 17 227.712500 37.292463
7 11 773.771181 167.717335
7 12 693.474444 157.082558
13 8 616.250000 126.380938
2 15 737.624444 168.845206
5 8 225.707778 35.398715
10 2 620.563333 133.258129
11 15 216.138611 33.802664
17 13 221.135833 32.393951
18 1 623.098611 129.338398
5 18 742.358889 154.875317
0 3 223.114167 36.472579
1 10 708.034583 152.433690
7 2 219.657222 31.502672
0 4 222.054444 36.703483
5 14 744.097222 163.591994
11 3 702.395000 138.865947
8 1 219.056944 30.554486
0 7 218.168333 33.824502
1 19 618.071111 135.484641
6 3 219.606111 31.100194
15 2 615.941944 130.508614
10 5 623.093056 134.875267
2 17 717.094861 157.599516
5 1 218.488889 31.030351
7 9 221.550556 34.675867
19 11 216.978056 31.213693
0 18 619.901389 141.431412
14 2 621.390833 128.334734
13 15 216.345000 34.603960
0 14 782.537431 173.768589
14 0 769.264722 150.180931
6 14 769.599792 161.899396
15 6 626.781389 130.862015
16 2 633.927778 134.228533
2 0 222.150278 31.107422
13 5 624.960278 129.738120
15 14 222.938611 32.276294
17 10 215.817500 30.527035
14 8 688.851111 85.486539
14 9 627.116111 133.073517
18 19 217.601389 33.191869
12 4 723.653611 146.044331
2 4 223.343889 37.852819
6 12 716.579861 136.146642
18 17 215.783333 31.948022
11 19 224.009444 37.385227
16 14 222.628611 35.717713
14 6 614.103333 130.897967
18 3 622.313889 129.000222
1 14 776.982014 165.001208
5 9 219.888056 36.220234
16 9 627.373889 131.385466
3 17 706.553403 151.773615
6 13 777.323125 171.563587
5 10 716.906389 153.194942
5 17 705.753611 150.798150
18 12 226.299236 31.733093
0 16 771.692431 165.820233
3 7 222.494722 35.374950
0 17 689.509028 151.990362
5 15 775.662431 172.717226
2 8 220.377778 35.143496
8 4 222.743611 32.077276
19 18 217.773056 32.973378
13 4 621.671667 129.246319
6 9 221.903611 34.748665
12 1 621.384444 135.377031
12 17 216.805278 35.788736
10 12 227.742778 39.320665
19 7 638.113333 132.906985
4 3 221.533056 32.916602
15 4 678.866944 142.496418
3 13 691.174306 147.868092
19 3 619.898611 129.747724
10 11 219.864167 35.373982
18 14 221.434167 32.975483
4 7 221.443611 35.076472
8 3 217.270278 32.888146
15 19 218.614444 36.957317
7 4 223.660833 31.628637
8 7 219.575556 33.900031
4 10 721.267917 162.465806
16 6 683.890278 135.949100
13 16 220.827778 35.321158
16 4 616.205000 131.506452
3 6 218.980556 33.570492
17 12 216.233333 30.537513
3 4 221.778056 37.951768
7 1 216.589167 30.194821
19 16 219.652500 32.217955
6 19 775.736389 164.021189
4 8 221.299722 34.984993
15 8 618.743056 132.279908
12 14 223.291111 36.714593
2 16 713.372778 161.857893
0 1 225.505556 34.104956
1 16 769.389861 170.828283
8 15 777.445556 166.951465
17 7 636.080000 133.952946
18 11 398.896181 58.873427
9 17 718.082847 156.206654
5 4 225.062778 34.991085
13 18 221.197222 35.580113
8 2 220.706111 30.888761
17 3 620.625000 128.728985
13 19 222.676944 35.211736
8 5 224.730556 31.234701
11 6 619.105278 131.521084
9 12 783.352847 166.201444
12 5 640.571389 134.650879
12 19 224.580278 35.473763
19 6 707.086944 143.554303
12 2 624.201667 130.224984
12 0 635.983611 137.455491
18 8 615.939722 129.971022
17 11 217.411667 32.343306
14 3 670.940625 138.046204
12 11 222.013889 35.340920
19 13 224.225833 33.001969
11 16 216.764722 34.193555
12 9 617.740278 127.368517
10 1 624.520000 134.040411
2 18 768.523542 163.167390
1 18 784.275000 171.931627
5 16 772.164583 165.640177
4 16 770.652500 170.077277
7 15 772.430347 164.419761
14 7 631.101944 132.106463
3 15 688.455694 149.613604
16 10 215.993889 29.798158
6 8 221.393611 35.820737
11 9 624.000556 132.041435
15 1 613.341944 127.019339
19 10 275.320139 41.775768
14 10 215.283889 31.264516
14 17 218.593889 34.557727
5 11 790.747569 107.252624
10 4 683.785069 147.606420
5 13 776.661042 164.369941
9 19 777.295486 168.554169
14 12 218.661389 30.153103
11 0 621.185833 131.706066
1 6 217.797222 33.700515
7 13 694.279861 150.791208
16 18 222.908333 37.264854
0 15 767.574583 165.497033
12 15 216.428889 33.513835
8 12 722.170000 154.667692
1 3 225.104444 38.768765
4 1 221.344722 31.503601
7 14 767.078542 164.674720
7 0 214.981944 29.903285
14 13 220.824722 32.247549
14 11 219.975278 31.883030
15 0 602.280278 133.192129
13 6 612.619167 127.945284
16 11 216.192222 30.356996
7 6 224.889444 34.855699
9 14 706.389167 151.637329
2 10 695.752153 148.413095
9 15 689.897083 155.564322
3 0 218.676944 32.116125
17 14 222.638056 33.802872
18 13 221.642222 32.144739
3 10 722.398056 153.058812
18 5 649.905556 133.308090
13 1 651.483333 114.881942
0 19 709.709514 156.118718
16 19 221.787500 36.786576
7 10 777.731250 167.851814
11 17 219.420556 34.222103
17 19 222.348333 35.159700
2 1 222.894722 31.482392
14 18 219.457500 35.635656
11 1 665.626389 120.036811
0 11 736.517222 161.789474
16 1 612.207222 127.352931
17 15 222.087222 33.716163
11 12 220.084444 35.989417
0 12 901.710903 121.037044
0 13 790.119236 175.651114
10 9 627.282778 130.857977
7 8 223.134722 34.326905
7 5 222.279444 32.442260
2 12 739.858889 159.244727
12 6 622.722222 129.417953
1 9 224.157222 38.615527
2 5 217.042500 35.205666
19 4 615.202222 131.346559
16 8 621.995278 131.719912
15 3 803.409028 151.225208
18 9 619.759722 124.022078
3 8 218.949444 34.663164
1 15 779.756111 163.525857
1 13 760.730000 167.581308
1 11 691.313194 151.310690
4 17 722.240417 155.857312
7 19 701.213681 153.302474
15 11 217.338333 32.702438
13 0 626.023889 133.457342
2 9 222.481111 35.118821
19 5 760.934167 151.754484
10 17 220.175556 34.182870
13 2 621.203056 128.754398
16 5 685.789722 87.505146
3 19 689.361806 151.059406
18 10 220.367500 31.849177
6 15 773.156319 160.917475
9 6 220.668611 30.537046
6 4 224.345833 33.088043
13 7 770.070278 161.970188
4 6 218.303056 34.808292
8 9 219.087222 34.876049
1 17 714.436944 158.671088
5 12 760.784514 160.641633
16 3 681.423056 140.341687
17 6 734.681111 144.899601
15 13 218.965833 31.770550
6 5 225.710000 33.014585
15 7 629.821111 128.240662
6 17 747.422361 162.441685
15 16 231.362500 38.744603
9 10 693.401736 147.251198
12 7 625.610000 131.810667
10 13 223.791667 39.210195
9 1 222.014167 31.110684
9 13 726.010139 160.045064
10 6 622.028333 135.477722
5 6 223.711944 36.110135
11 13 223.172778 35.690037
10 19 222.251944 36.827005
3 5 218.784167 34.254305
4 14 772.482708 163.199697
15 5 692.544444 91.322117
8 18 755.071389 165.425282
10 7 624.185000 132.018620
3 12 772.126667 165.680028
18 6 626.125000 125.669843
9 5 216.583056 33.527127
14 16 216.961944 34.831393
19 8 618.025556 129.426827
18 2 625.404167 131.614351
18 16 221.423889 32.821538
13 12 220.424167 32.644486
10 16 218.725833 34.389888
11 5 648.477500 116.326359
3 18 775.737500 164.480183
6 1 215.263611 30.967516
19 0 621.463889 131.367713
13 14 223.133611 35.954621
10 8 637.425278 137.474293
18 4 622.110278 127.164661
10 15 216.022500 35.226543
15 18 221.906111 35.823504
13 17 219.396111 34.370450
2 13 675.292708 147.717146
2 11 788.444514 169.462537
0 9 222.873056 36.439686
1 5 217.641667 33.955354
12 13 221.086389 37.243335
11 4 618.946389 128.869196
17 16 226.996944 31.706766
16 0 706.668125 141.314191
2 19 786.540417 177.706200
7 3 224.605833 32.443503
13 10 211.256944 31.273590
4 2 221.119444 32.607658
4 0 217.717222 31.486814
0 5 215.681944 33.418414
