13 10 61.817500 23.881557
17 14 64.194722 25.641904
0 2 62.182222 25.105087
8 19 206.377778 100.196510
17 1 178.816389 78.860357
14 6 177.804444 78.245485
15 11 61.127778 24.617249
15 6 180.932222 79.059730
10 2 181.895000 80.331091
12 6 181.805833 78.287245
16 7 182.231806 81.648097
19 9 205.570833 91.638626
3 4 63.172222 26.384482
7 17 214.888889 101.698212
1 0 62.834722 24.627272
13 19 63.078889 24.427811
11 1 192.197222 67.215355
6 7 63.995833 26.745293
19 15 61.402222 26.001290
8 12 194.230556 93.116146
10 12 65.870000 26.367215
6 18 174.723889 93.416000
2 7 62.369722 24.910553
16 6 199.827431 84.920607
4 11 207.370556 100.570934
16 18 62.755556 25.747901
1 9 63.976667 26.363374
2 14 211.462222 102.892314
6 11 254.436667 60.850686
7 4 63.108889 25.147765
12 9 180.440556 78.171804
9 6 62.377778 24.217878
14 8 203.586667 50.712230
19 16 61.818333 25.700828
15 13 61.508333 24.215398
18 3 176.407500 78.142389
12 11 61.989444 25.854221
18 15 62.020278 24.859086
3 8 62.101389 24.868719
5 19 199.587500 93.859595
18 10 61.340278 24.181011
9 15 186.927222 89.756821
8 6 62.233333 26.011322
0 17 196.778611 89.384635
13 3 178.320556 78.494239
4 5 60.194722 23.744110
10 7 180.295278 79.068646
6 14 211.186389 100.956617
12 3 179.140278 79.689037
11 13 63.252500 25.289694
5 12 213.516667 106.755109
1 10 194.046667 91.012567
11 3 212.128125 91.895894
16 12 61.405000 24.254178
1 5 60.939444 24.627135
13 16 62.114167 25.580475
13 8 177.149167 77.870709
7 8 63.304722 24.527650
19 13 62.156944 24.748416
19 18 61.101667 25.940556
14 18 61.510556 24.901933
15 0 176.285833 77.742712
10 0 200.271944 85.551565
3 2 63.943611 25.945584
12 4 220.065625 96.106385
16 5 200.937778 48.898319
7 15 211.484722 98.875342
1 2 64.375000 25.959962
2 19 218.867500 105.837788
6 5 63.931389 25.322353
14 2 176.944444 77.970616
8 10 212.201944 100.409128
6 16 214.450000 102.578918
2 5 60.839722 24.793391
7 1 60.389444 23.594897
10 18 62.650556 25.826297
14 11 61.310556 24.083580
10 9 180.450278 79.679003
19 6 208.998958 90.771858
4 9 62.230278 24.640220
14 0 230.603333 97.615507
4 17 194.216111 94.200248
14 13 60.893889 23.871930
12 16 101.447292 41.361953
1 12 259.966667 62.966199
19 8 178.516667 78.223426
7 6 63.545278 24.732070
16 1 173.538889 77.366230
5 4 64.461667 26.226909
3 10 195.149167 92.764552
8 3 61.330000 24.976722
1 18 222.223333 105.319555
13 4 176.071389 78.797887
9 0 61.316944 25.144874
4 2 61.680000 24.564096
19 14 60.771389 25.254226
18 1 176.378056 77.091034
4 18 191.561111 90.691407
12 8 189.563056 68.135121
16 9 182.299444 80.908876
10 13 64.163889 27.014992
5 17 196.119722 98.043603
7 19 190.815000 91.708402
6 9 62.755278 24.000167
9 13 198.120556 92.438919
3 19 192.296111 88.674704
8 4 62.612500 25.134996
0 15 212.230556 101.886504
2 9 62.761389 24.321827
17 8 177.026944 76.805389
15 5 202.675556 52.177755
10 5 179.339444 78.190469
17 0 202.266389 51.600886
12 1 176.283611 78.925941
12 18 62.791389 25.446108
16 2 181.484167 80.389167
15 18 61.574444 23.862255
18 11 111.484861 44.897750
5 10 198.757222 97.698092
7 12 190.041111 89.044588
1 7 62.426667 24.311404
13 14 62.623333 25.623558
11 4 178.444167 79.210332
1 14 219.325000 103.882567
12 19 63.721389 24.696829
16 3 199.523264 85.442498
1 17 195.698333 91.727549
15 2 174.196389 78.286049
2 17 194.301389 92.270992
17 16 63.220556 23.473619
10 15 60.616111 25.229945
19 4 177.456111 78.197727
8 16 205.782222 100.482135
7 3 63.698611 24.293949
5 9 61.827500 24.859105
0 19 201.887778 92.882878
14 17 60.828889 24.470711
9 5 60.310556 25.287276
11 8 181.036944 79.172717
17 12 60.347500 24.707847
18 6 180.525000 79.549202
4 15 206.201389 100.950507
16 14 62.927222 26.683906
17 6 223.740625 94.167773
12 14 63.087500 25.405374
2 10 190.284722 89.374012
10 16 62.515000 24.243557
0 12 260.473333 63.193272
9 18 204.903611 98.843371
17 9 182.483611 80.027251
5 6 62.498611 25.767834
14 3 183.187778 85.202109
3 16 194.108333 89.574813
8 1 60.766944 23.751859
1 16 211.501667 100.549228
9 2 61.405278 24.191523
4 0 60.784167 24.432263
13 6 176.077222 78.690744
19 12 61.490000 25.217441
11 16 61.342778 24.390675
15 16 66.532778 27.402819
13 11 63.258333 24.908453
10 17 62.495000 23.949060
9 11 216.035556 100.119611
0 3 63.844444 25.536172
15 7 180.230000 79.191341
18 8 176.351944 78.003822
10 3 205.448056 51.999439
3 6 61.225556 23.562469
12 7 181.182222 78.689556
16 0 208.389236 89.789466
17 10 60.026667 24.249172
11 6 177.592500 77.859149
17 2 185.846667 86.525053
19 10 76.678819 30.772877
6 0 59.794444 24.220222
0 4 63.216111 26.245422
8 13 192.722500 90.436614
6 19 214.008889 101.894742
2 0 62.147222 23.917044
14 5 182.960903 80.315716
19 5 228.612083 97.514507
18 12 62.554931 25.868643
4 12 209.291944 99.517286
11 18 63.240000 25.986015
8 14 204.963056 99.500143
10 11 60.895000 24.881314
19 3 175.121389 78.012559
6 12 186.764167 86.683154
7 5 61.795278 26.182408
3 13 192.441944 90.296071
14 15 61.857778 25.749284
9 7 62.109444 25.308869
19 2 175.595833 78.565099
19 17 61.926389 25.356546
5 15 216.502500 108.857979
15 10 60.252778 23.992985
18 4 177.896944 78.960889
3 9 62.378333 26.188731
15 1 173.406389 76.760479
3 12 214.043333 100.505693
16 4 177.553056 77.757676
9 16 190.945278 89.285564
11 9 178.274444 80.773436
0 8 63.270278 26.761522
5 0 60.178333 23.536275
3 14 186.780278 87.359236
8 7 60.253611 26.000529
0 10 207.044167 98.770979
13 0 178.302778 78.792978
4 6 60.353611 24.057041
17 4 202.899722 49.569601
15 12 61.694722 25.008387
15 8 176.549444 78.716757
17 18 61.125278 25.607621
17 13 62.512778 25.196932
11 14 63.346111 25.566377
5 13 218.758333 108.972825
13 17 61.298333 24.604943
9 10 188.346944 88.551476
0 1 63.654444 23.981880
8 18 204.781944 96.248084
13 9 180.310000 80.007743
7 9 62.055278 24.853261
14 19 61.766944 25.370023
10 1 179.551667 77.422406
12 5 185.400417 80.387767
15 17 62.909722 25.679278
3 7 61.960000 24.713662
7 16 212.873889 98.410375
11 2 182.111667 80.521593
16 11 60.635000 24.281208
1 3 64.889444 26.905627
13 18 63.005833 24.729107
11 0 182.111667 78.665426
8 11 200.180278 91.294898
6 17 205.249444 97.842194
2 6 71.796667 19.850596
14 12 60.456111 24.272682
19 7 183.438333 81.119548
15 14 63.721111 25.475980
4 10 190.503611 91.489905
16 17 65.278056 25.250595
12 17 61.539167 25.312063
1 8 63.030278 24.514396
2 13 188.695556 87.100370
6 10 241.560556 57.067328
18 13 61.286389 24.651601
3 11 219.900000 102.453685
1 19 185.515000 80.822905
13 5 179.377778 77.315810
9 1 61.476667 24.446967
4 3 62.197222 25.324790
18 17 59.031944 23.551762
18 2 178.091667 79.708583
4 19 208.158333 100.252874
16 10 60.438889 24.525155
12 10 61.351111 24.982400
18 5 181.578889 79.670076
7 0 60.189722 23.581625
19 0 175.445556 77.942524
5 18 210.051667 102.784219
1 11 197.570278 89.982825
9 14 191.577222 91.324091
5 2 60.708611 24.884778
8 5 63.496667 24.695259
0 16 217.051389 102.093672
13 2 177.850000 78.694951
10 6 181.745278 81.087997
12 2 178.887778 77.822383
11 12 60.901944 24.087617
3 0 60.922500 25.106069
5 11 233.526111 64.729331
7 13 191.297222 87.583178
1 4 63.013889 24.645156
13 15 60.389167 24.548095
11 5 180.606944 78.545727
6 3 61.513056 23.976064
0 7 61.891111 24.236057
2 3 63.541389 26.237988
3 1 61.412500 23.902272
7 10 213.757500 102.277528
15 3 243.568819 103.210131
5 3 63.433611 25.742052
18 16 61.322778 24.189437
14 7 180.679722 79.689713
7 14 209.933889 101.085469
2 18 213.103333 101.391804
1 13 212.686667 98.877592
6 4 62.818611 24.671869
8 17 189.979722 90.229050
6 15 208.752222 102.128579
2 4 62.924722 25.704967
8 9 61.476667 23.890514
14 10 59.563056 23.126273
10 8 190.744722 82.731129
19 1 172.240833 77.631420
4 8 61.741944 25.153224
18 7 177.298611 77.498194
4 16 208.290000 101.085620
16 15 64.368056 25.269145
12 15 60.859722 24.440322
14 1 191.420833 81.959397
2 11 219.944722 103.609391
10 14 65.253194 25.753131
17 19 62.629167 25.147915
9 19 212.941389 102.386075
5 7 64.741944 25.753677
3 17 192.472500 89.284405
8 2 61.770278 24.861296
9 3 61.857500 24.809773
4 1 61.216389 24.725762
10 19 63.080556 25.427083
18 19 60.322500 23.075938
18 0 200.166111 46.181699
17 3 178.128611 77.905464
16 8 179.237500 77.715604
17 15 62.320556 25.193314
11 17 61.641944 24.966622
5 16 217.761667 108.279152
7 18 212.222222 100.997947
13 12 61.412778 24.535222
0 11 201.140833 96.710872
6 8 62.187222 24.836095
9 12 215.553333 101.560530
3 18 211.528611 101.923206
0 14 219.819167 102.306363
2 8 61.854167 24.635272
9 8 61.233889 23.851002
15 4 190.803056 83.227468
18 9 176.647222 77.641310
10 4 192.746944 88.457934
12 0 187.359444 82.377380
6 2 59.493333 25.196472
11 10 65.223611 27.164455
7 11 207.492778 101.785048
1 6 61.363333 24.339884
11 7 182.602500 81.703959
0 6 61.586111 24.515892
6 1 59.923611 24.110628
0 5 61.325556 24.116059
2 12 202.563889 94.312357
2 1 61.991667 23.708424
4 13 209.462500 100.878547
17 7 184.850694 80.127371
11 19 64.324167 25.445482
2 16 198.738333 92.830610
8 15 213.158889 101.355971
0 13 222.467222 101.887073
6 13 212.948333 101.911829
7 2 61.138056 24.033026
5 8 63.380833 25.575120
14 4 209.188194 91.338838
13 7 212.768611 102.670019
0 18 184.046667 81.539190
14 16 59.771944 24.217483
9 4 63.738889 25.208374
4 14 208.717222 101.233903
16 13 61.990278 24.977930
12 13 61.838889 25.373524
14 9 181.647222 78.936673
16 19 63.322222 25.980443
18 14 62.033056 25.996862
11 15 61.098889 24.650309
15 19 61.902500 25.502540
9 17 192.833611 89.486546
0 9 63.915556 24.979510
5 1 61.278056 23.658080
3 15 187.243333 88.339753
8 0 59.962500 23.698707
1 15 214.741667 101.637822
13 1 180.016389 77.912881
4 7 62.052500 25.267995
19 11 60.031389 24.160240
15 9 176.445278 78.452096
2 15 202.881389 97.761235
17 5 186.330556 85.892505
3 5 60.830556 24.365576
5 14 207.494167 104.178069
17 11 61.471389 24.675857
