2 16 2222.975556 265.140180
13 10 646.222222 36.364628
6 10 2298.773333 265.190292
13 11 641.322222 44.890021
12 7 1789.748889 211.777932
14 0 2261.087778 252.077872
0 3 637.811111 42.151682
5 15 2196.284444 245.074445
15 0 1756.406667 225.919954
1 13 2014.666667 226.522699
0 17 2383.297222 300.434197
9 7 645.851111 42.559188
1 6 630.791111 40.554774
9 10 2291.773333 261.515383
17 4 1762.362222 219.556791
6 19 2253.064444 239.997473
18 4 1758.971111 211.959156
4 13 2090.033333 248.541700
16 17 642.751111 47.773589
3 7 645.646667 41.275654
4 0 646.993333 37.926126
13 4 1806.240000 222.171176
14 18 647.451111 44.420326
5 12 2250.137778 240.810961
15 11 634.206667 38.014874
1 18 2316.746667 271.645083
14 9 1797.442222 210.559361
10 15 622.646667 38.378577
7 11 2230.951111 255.152560
3 15 2241.022222 265.635480
12 18 647.264444 40.612000
9 19 2264.220000 253.849536
18 2 1785.962222 220.168942
12 9 1796.706111 216.912460
11 0 1808.615556 210.242323
9 8 641.960000 46.548213
11 14 638.146667 38.716471
4 9 656.242222 38.685329
11 18 646.242222 39.857457
2 3 644.793333 42.903737
13 9 1796.242222 212.150730
7 6 642.846667 40.090271
8 13 2305.946667 241.320730
19 8 1768.037778 215.315600
3 12 2225.031111 233.130967
2 13 2253.244444 248.555503
19 0 1770.971111 223.019240
2 8 652.486667 38.644172
12 0 1774.780000 205.511601
7 19 2256.573333 249.773747
18 13 649.662222 40.312024
5 7 634.180000 50.383803
1 14 2303.155556 241.299883
14 11 643.535556 44.921337
0 10 1786.082222 215.199323
12 14 643.546667 40.416595
8 3 649.522222 42.135266
9 15 2304.360000 268.252806
16 11 635.442222 41.672373
6 12 2239.137778 236.472077
10 4 1768.051111 233.319442
14 2 1801.508889 218.277822
0 5 620.395556 37.198614
5 17 2231.124444 249.489501
5 0 626.817778 39.284802
6 9 640.680000 45.941990
9 12 2228.544444 251.006536
5 2 641.224444 38.552052
17 2 1865.722222 232.821559
17 11 635.113333 41.886466
11 4 1857.617778 225.248023
8 9 645.086667 40.576748
13 18 648.584444 40.378715
4 15 2219.466667 261.883095
19 13 651.580000 41.651587
3 5 635.340000 43.360196
4 2 653.251111 38.828730
13 2 1753.355556 211.884524
15 13 652.137778 34.901495
7 3 656.906667 37.584810
3 17 2270.286667 260.951945
3 13 2270.488889 252.882777
10 18 642.564444 40.599525
7 13 2239.333333 239.109979
16 7 1876.837778 207.906476
19 18 643.186667 46.613835
2 5 628.017778 39.726170
0 18 1979.766667 215.020017
0 1 1134.910000 73.236851
15 18 638.724444 44.077201
7 4 665.024444 36.138368
8 15 2232.800000 257.946110
14 5 2046.977778 236.688683
0 9 648.804444 35.396070
18 14 657.464444 35.526983
6 7 643.000000 43.037710
7 18 2145.248889 246.722274
14 13 652.084444 41.151125
2 15 2280.697778 259.852526
13 14 648.440000 39.703593
4 19 2245.671111 229.501369
12 2 1801.322222 215.329501
3 9 653.684444 37.436144
5 18 2241.068889 270.510472
1 5 625.511111 39.945197
15 3 1783.931111 223.155879
17 5 1806.135556 211.401670
1 16 2296.620000 258.247698
16 18 636.968889 47.922195
0 12 2303.720000 251.815050
1 2 637.428889 43.047396
12 16 635.346667 40.520390
9 17 2229.075556 254.859854
16 13 653.513333 38.474390
6 14 2230.917778 231.020600
11 9 1783.488889 219.933740
11 6 1776.620000 213.801648
19 1 1786.744444 210.468718
19 14 658.600000 38.736661
19 11 756.642222 51.678717
3 2 650.768889 40.874169
0 7 634.308889 40.587383
11 16 629.306667 39.254375
13 7 1770.084444 218.065743
5 11 2237.531111 264.384388
15 14 662.375556 34.168229
9 2 644.937778 40.899124
8 19 2228.977778 258.444483
8 0 632.442222 39.130891
7 14 2260.762222 242.190662
10 6 1804.475556 219.744145
3 18 2244.662222 263.879714
9 16 2247.697778 245.858527
18 12 869.227778 58.971634
17 0 2208.208889 264.660740
18 1 1780.586667 223.328025
17 13 651.295556 40.555605
5 6 644.420000 43.895548
11 2 1780.280000 209.221481
16 0 2148.452222 286.672932
4 17 2230.531111 268.263590
13 0 1773.648889 200.814434
7 1 633.313333 40.549444
18 19 642.000000 41.490454
6 0 625.168889 39.244452
3 11 2226.977778 255.556394
16 9 1778.715556 217.032110
11 13 641.060000 37.114190
2 7 639.395556 40.607487
19 3 1770.644444 214.992243
10 14 637.682222 39.982512
12 17 840.433333 55.334900
15 9 1763.515556 232.576479
2 17 2240.748889 254.862053
8 7 646.744444 43.874128
6 11 2308.091111 262.933436
5 8 632.511111 46.180382
13 16 635.726667 39.511753
18 9 1779.904444 211.225840
14 1 2056.214444 244.092919
18 5 1790.593333 210.664354
5 3 650.991111 35.841316
15 1 2176.202222 269.775222
1 10 2184.928889 259.586217
0 14 2053.128889 231.361202
12 10 646.133333 43.916082
9 11 2232.053333 269.817678
6 16 2245.717778 258.259594
10 3 1795.266667 212.509189
17 14 660.264444 34.992460
2 19 2237.886667 231.055059
17 18 641.275556 49.366922
4 10 2287.660000 261.869552
19 16 649.166667 39.411208
8 17 2254.991111 254.796014
16 19 637.693333 42.292255
3 0 643.084444 41.975834
4 1 646.973333 42.827968
11 10 634.264444 46.406909
13 5 1761.460000 230.681988
14 19 656.831111 40.625585
5 13 2230.608889 252.494194
15 16 641.233333 47.823739
12 13 647.068889 40.429194
1 19 2243.884444 241.818012
9 6 652.373333 42.800656
7 16 2227.322222 258.436931
10 0 2319.132778 272.447001
12 19 653.260000 40.052898
18 3 1763.966667 199.012649
12 8 1795.504444 224.679869
18 16 646.680000 47.125929
16 2 1777.095556 218.618409
8 1 638.137778 41.481012
4 6 642.808889 43.698400
11 19 650.713333 36.491552
2 0 646.782222 37.248137
14 16 641.624444 41.264473
10 16 630.240000 39.502407
8 10 2301.031111 255.468692
6 2 641.224444 37.733608
2 10 2299.328889 252.659197
16 5 1774.622222 214.684108
7 15 2232.604444 245.803298
2 9 656.620000 34.308373
7 8 638.275556 46.910360
12 1 1761.824444 209.089976
17 9 1757.988889 214.546094
19 7 1872.791667 225.289316
1 8 649.515556 39.620152
15 6 1798.435556 212.459348
1 15 2296.860000 263.694567
0 11 2114.095556 247.461081
10 13 637.500000 37.294012
12 15 628.113333 40.647597
1 9 649.506667 36.430100
6 13 2306.215556 239.067499
8 6 647.122222 46.273421
12 6 1789.023333 224.695482
14 3 1761.242222 214.679283
0 2 637.775556 41.162046
11 15 627.317778 38.935461
5 14 2342.411111 253.493160
1 12 2292.102222 262.725490
8 4 660.486667 37.415666
10 5 1786.715556 233.679104
9 13 2228.244444 256.471567
17 3 2305.584444 264.593820
6 18 2255.293333 258.153577
17 16 651.495556 40.059331
11 1 1774.640000 220.136562
11 5 1871.826667 235.917775
13 19 656.628889 37.405229
4 12 2254.513333 254.235208
19 10 1217.028333 81.934254
3 6 636.822222 41.179924
4 3 652.508889 42.263498
11 12 643.977778 37.842004
13 3 1763.951111 209.927135
5 4 661.368889 35.306555
7 10 2300.180000 258.424446
10 2 1790.662222 229.983935
3 14 2243.653333 268.955287
9 18 2018.875556 236.778485
5 1 635.646667 38.167928
10 11 634.588889 44.306106
18 7 1750.017778 230.587809
16 4 1817.071111 211.589643
19 6 2153.737222 233.408586
16 15 652.093333 46.983025
6 5 653.700000 42.333898
4 8 653.364444 41.885193
14 10 643.451111 40.748890
15 19 637.848889 39.987935
7 5 652.622222 42.425825
8 12 2217.637778 257.201231
18 15 652.335556 45.369626
6 4 664.235556 34.134083
2 12 2228.280000 238.949315
0 16 2225.146667 263.362936
12 4 1800.006667 224.213886
14 8 1787.937778 230.431239
9 0 631.706667 42.286675
10 17 634.317778 40.210407
14 6 1896.440000 229.392245
13 15 633.435556 41.139563
16 1 1802.148889 226.767252
12 3 1835.995556 225.668666
14 4 1878.477778 236.219377
16 6 2715.242222 301.433100
5 19 2261.744444 253.759162
15 4 2247.085000 256.521539
1 17 2306.597778 267.812136
0 13 2259.991111 244.942188
17 7 1980.994444 227.653513
9 14 2014.684444 233.516981
1 3 638.675556 41.916813
16 10 627.295556 40.557797
6 15 2304.884444 251.087342
18 10 630.346667 41.467576
13 12 652.671111 35.145581
19 15 649.428889 41.877632
0 4 633.475556 38.717559
11 17 638.562222 40.930341
13 8 2176.586667 257.409061
5 16 2230.208889 258.843223
19 5 2342.006111 256.270672
6 8 636.746667 46.488926
10 7 1768.828889 232.345140
3 19 2325.484444 260.867886
17 1 1762.573333 232.747971
18 6 1778.022222 223.059692
17 10 628.582222 41.773342
1 11 2170.704444 268.429476
11 3 2227.848333 241.812209
14 15 639.997778 42.184463
4 14 2257.033333 248.686449
19 12 643.062222 43.499483
3 4 644.708889 40.861007
4 5 641.862222 42.227097
8 5 651.733333 45.629036
0 19 2324.646667 240.057548
15 12 640.120000 40.934026
9 1 637.024444 41.113494
7 2 639.002222 38.440603
10 12 639.035556 39.995928
10 19 650.911111 35.400265
6 1 631.817778 39.587682
7 12 2233.031111 233.797146
3 16 2249.873333 261.801625
17 19 640.411111 43.236609
13 1 1769.020000 208.172833
19 4 1782.006667 216.833741
9 4 660.140000 38.625357
2 4 644.291111 42.506728
14 12 652.640000 39.660775
8 14 2222.511111 261.580098
0 8 642.353333 39.812667
18 17 649.444444 45.051603
2 14 2310.831111 238.710281
16 8 1771.595556 215.570635
11 7 1798.902222 222.431701
13 17 644.242222 40.985895
4 18 2212.020000 261.866276
10 9 1781.935556 215.440418
12 5 1948.266667 216.276883
3 8 647.975556 39.316938
15 10 623.571111 38.450234
1 4 641.148889 38.718414
9 3 651.720000 41.173366
15 2 1759.953333 216.209338
0 15 2060.591111 246.877256
10 8 1806.633333 217.143575
12 11 636.711111 44.149354
16 12 641.480000 40.295308
17 6 1787.646667 222.288560
6 17 2243.922222 259.366516
17 15 652.951111 39.447769
14 7 1810.660000 221.315441
1 7 635.457778 40.459244
11 8 1764.840000 217.981949
15 5 2295.333889 261.252769
4 11 2241.837778 250.595008
19 17 645.246667 47.107646
18 8 1790.660000 219.061737
3 1 645.562222 45.742122
0 6 629.993333 39.277700
13 6 1759.248889 232.692387
5 10 2299.675556 256.834372
15 17 639.051111 45.373483
8 18 2248.082222 253.630426
7 17 2187.300000 256.782483
10 1 1786.080000 211.051311
18 0 1779.897778 212.500726
17 12 643.395556 38.775582
2 18 2242.133333 239.943438
16 3 2250.006667 242.410501
16 14 663.555556 34.131742
19 9 2327.113333 236.816820
4 16 2221.140000 259.664686
15 8 1766.708889 230.644150
1 0 644.515556 46.030724
4 7 646.746667 41.728784
2 1 645.435556 40.452788
14 17 643.357778 43.227419
7 0 629.420000 41.593392
8 11 2218.724444 253.761865
6 3 651.904444 39.095095
9 5 650.957778 44.593054
3 10 2330.557778 257.102262
2 11 2237.673333 246.267497
17 8 1780.854444 222.705051
19 2 2324.164444 260.392131
8 2 642.024444 40.650700
2 6 633.462222 40.518360
7 9 642.060000 43.193168
8 16 2128.522222 255.233128
18 11 634.797778 41.459635
5 9 637.848889 43.643549
15 7 1785.106667 221.125168
